24	304	
24	306	
293	303	
292	300	
291	310	
20	16	
20	11	
22	312	
292	314	
39	8	
39	5	
292	305	
27	304	
32	206	
22	10	
291	28	
30	234	
30	236	
20	33	
290	35	
31	224	
20	30	
291	26	
32	213	
33	201	
28	302	
298	306	
298	305	
28	305	
290	54	
297	313	
21	16	
20	29	
30	244	
21	10	
31	231	
20	23	
32	220	
31	238	
290	23	
23	25	
290	21	
295	307	
23	20	
22	36	
295	306	
22	34	
21	48	
294	314	
295	305	
31	201	
20	50	
294	312	
296	305	
21	35	
30	220	
30	222	
20	47	
30	226	
30	228	
31	214	
31	217	
24	33	
296	14	
34	220	
290	80	
40	112	
35	213	
295	20	
40	113	
22	51	
21	66	
40	117	
36	202	
21	65	
30	278	
41	106	
41	108	
24	29	
32	254	
33	240	
32	256	
291	68	
32	257	
32	258	
291	83	
296	25	
291	81	
33	249	
294	44	
22	48	
293	58	
23	31	
294	48	
22	45	
22	44	
295	30	
22	43	
295	31	
290	90	
40	126	
31	270	
21	54	
31	275	
292	61	
296	15	
291	74	
41	119	
32	267	
28	310	
24	57	
28	312	
25	40	
24	56	
298	310	
23	69	
293	26	
29	305	
34	207	
30	250	
27	14	
291	49	
21	88	
292	39	
27	10	
21	84	
290	59	
291	44	
24	47	
33	221	
23	57	
295	17	
290	76	
34	212	
294	26	
294	27	
34	217	
22	65	
40	102	
35	203	
293	30	
26	18	
22	60	
26	16	
31	251	
31	252	
25	29	
31	255	
291	52	
291	58	
25	23	
20	81	
38	215	
39	201	
39	202	
296	52	
24	77	
24	76	
44	106	
294	77	
40	150	
24	71	
299	16	
29	11	
28	27	
24	70	
296	50	
41	141	
299	10	
40	158	
294	70	
22	95	
293	89	
26	48	
299	12	
26	43	
38	223	
32	299	
25	55	
293	80	
43	125	
39	210	
43	127	
296	62	
33	289	
297	52	
24	63	
40	163	
45	105	
36	250	
23	72	
27	28	
23	71	
41	155	
298	36	
42	140	
36	258	
41	158	
22	80	
38	230	
38	231	
37	249	
297	48	
33	255	
33	256	
291	92	
34	244	
29	36	
28	49	
40	131	
29	31	
30	293	
30	295	
40	137	
30	297	
293	61	
40	138	
36	223	
297	19	
42	110	
32	271	
26	68	
32	272	
32	273	
291	85	
33	261	
42	118	
296	42	
33	265	
38	206	
297	30	
29	25	
35	240	
29	24	
295	51	
40	140	
295	54	
29	20	
295	52	
40	145	
41	130	
40	147	
27	47	
31	295	
297	23	
292	82	
292	83	
293	70	
32	287	
25	68	
38	214	
297	81	
26	92	
296	98	
35	290	
40	190	
29	55	
46	122	
41	183	
36	284	
37	271	
299	55	
36	289	
299	58	
47	116	
28	60	
27	76	
27	75	
299	57	
38	262	
27	74	
26	89	
42	179	
43	163	
43	165	
44	150	
299	51	
25	95	
297	97	
45	143	
29	49	
45	145	
25	90	
41	195	
36	298	
47	126	
27	65	
42	187	
43	172	
38	274	
43	178	
39	264	
49	104	
297	64	
297	61	
39	228	
39	229	
35	273	
36	261	
295	85	
45	119	
40	178	
299	32	
294	90	
294	93	
27	97	
27	95	
38	242	
298	45	
43	145	
39	233	
44	134	
35	281	
44	138	
45	124	
35	284	
40	188	
41	173	
37	260	
28	74	
47	104	
38	250	
27	86	
27	85	
26	98	
26	97	
298	54	
44	186	
49	128	
46	169	
299	97	
48	143	
48	144	
299	91	
49	132	
39	292	
44	193	
45	187	
29	89	
46	179	
47	164	
29	83	
48	151	
28	95	
45	191	
39	269	
45	159	
42	192	
299	74	
48	122	
298	83	
43	188	
39	273	
49	115	
298	87	
49	116	
39	277	
49	119	
39	279	
45	166	
47	140	
43	194	
298	95	
49	120	
39	280	
48	137	
39	283	
49	179	
48	192	
48	198	
49	183	
49	187	
45	193	
47	170	
40	8	
49	156	
46	190	
46	192	
47	184	
48	171	
49	164	
41	9	
43	9	
43	5	
43	1	
31	307	
31	309	
31	310	
47	6	
47	5	
47	4	
30	303	
49	2	
34	304	
34	305	
34	308	
48	2	
48	0	
34	314	
40	201	
35	304	
40	208	
32	306	
32	309	
33	303	
100	127	
31	29	
41	223	
31	23	
43	201	
42	218	
43	204	
43	208	
40	240	
40	248	
41	236	
42	222	
30	20	
30	60	
33	24	
32	39	
32	38	
33	20	
31	49	
41	200	
41	202	
36	305	
36	306	
36	308	
30	53	
100	114	
100	115	
40	222	
36	311	
37	301	
37	302	
30	44	
43	235	
34	37	
35	21	
44	226	
100	162	
34	33	
40	272	
101	150	
50	115	
33	41	
51	104	
41	265	
41	266	
104	115	
31	69	
41	268	
51	109	
31	67	
31	66	
42	254	
103	122	
35	15	
35	14	
100	178	
30	72	
44	233	
106	107	
45	222	
105	114	
34	22	
44	239	
100	171	
50	125	
33	34	
100	174	
104	121	
32	44	
51	117	
42	261	
32	42	
31	56	
102	143	
102	144	
31	52	
30	68	
102	149	
103	132	
30	64	
100	148	
43	214	
35	45	
102	120	
100	149	
101	134	
35	41	
39	309	
102	118	
42	230	
37	14	
36	29	
37	11	
42	236	
102	115	
36	22	
31	81	
101	142	
43	225	
39	314	
50	100	
45	202	
100	155	
34	40	
40	265	
33	54	
50	108	
32	68	
103	113	
32	66	
31	77	
36	17	
30	88	
36	12	
36	11	
101	198	
49	205	
101	195	
49	206	
106	137	
107	126	
50	151	
45	252	
50	152	
50	153	
106	130	
101	190	
45	256	
39	18	
45	257	
35	60	
51	141	
46	242	
34	75	
50	159	
51	143	
34	73	
39	13	
34	70	
108	109	
103	169	
42	296	
43	280	
52	137	
53	121	
43	282	
37	34	
107	117	
36	48	
32	91	
104	150	
103	166	
32	90	
44	271	
49	213	
49	215	
50	162	
107	136	
105	157	
55	107	
46	252	
34	63	
33	79	
106	146	
46	255	
51	155	
46	256	
38	14	
38	13	
52	146	
109	108	
32	85	
48	233	
32	84	
49	221	
31	95	
104	160	
35	49	
44	241	
36	76	
106	117	
101	176	
101	173	
106	118	
39	38	
106	112	
101	171	
41	280	
106	111	
39	32	
42	271	
42	272	
105	121	
42	273	
37	59	
48	200	
48	202	
42	277	
42	279	
103	145	
37	52	
102	159	
101	184	
44	256	
45	240	
35	75	
102	173	
35	71	
100	199	
34	83	
38	39	
34	82	
34	81	
47	221	
46	237	
33	94	
38	32	
37	48	
107	106	
36	58	
43	276	
54	102	
53	118	
108	151	
37	80	
56	121	
55	137	
45	298	
55	139	
105	189	
56	126	
107	162	
46	287	
57	112	
107	160	
106	177	
47	275	
104	197	
57	119	
38	62	
108	146	
104	193	
55	142	
108	162	
37	70	
55	143	
35	99	
35	96	
56	135	
39	49	
107	173	
57	123	
106	187	
107	172	
106	188	
39	45	
105	193	
52	185	
39	44	
38	55	
58	117	
37	69	
108	158	
37	66	
54	164	
37	65	
37	64	
49	268	
54	168	
44	285	
106	158	
49	228	
45	273	
108	130	
103	190	
105	168	
56	101	
105	169	
46	262	
55	118	
56	103	
51	163	
107	141	
106	157	
47	256	
104	179	
53	143	
103	184	
53	144	
48	247	
54	131	
44	291	
103	189	
49	234	
44	294	
37	95	
54	135	
107	155	
37	92	
55	122	
45	283	
50	183	
45	284	
55	125	
45	286	
45	287	
56	114	
46	277	
106	166	
107	150	
57	103	
47	264	
39	65	
52	165	
38	77	
53	155	
48	256	
53	157	
48	259	
109	124	
108	195	
100	6	
56	168	
57	157	
49	291	
54	190	
39	93	
59	135	
59	137	
59	138	
55	181	
54	199	
55	186	
55	187	
101	3	
56	178	
58	155	
39	87	
59	141	
59	143	
109	186	
38	96	
109	187	
55	195	
54	169	
108	177	
57	131	
56	147	
56	148	
52	191	
56	149	
57	134	
106	199	
57	137	
52	196	
58	122	
106	192	
54	171	
48	289	
59	114	
49	274	
59	116	
108	187	
108	185	
109	170	
56	155	
107	191	
56	156	
57	142	
58	130	
53	191	
48	294	
48	297	
58	138	
49	282	
49	283	
59	174	
58	198	
59	183	
56	182	
56	185	
57	172	
56	188	
58	164	
58	166	
59	151	
50	2	
109	195	
56	191	
56	196	
57	186	
59	160	
51	4	
51	2	
105	8	
59	191	
53	9	
53	2	
100	202	
100	205	
40	311	
55	6	
101	202	
100	210	
54	5	
108	8	
40	302	
100	247	
59	8	
44	309	
102	215	
102	214	
44	313	
100	250	
45	300	
58	6	
58	4	
45	305	
50	205	
103	212	
103	216	
102	222	
101	238	
100	225	
101	211	
101	206	
42	312	
40	16	
101	208	
100	239	
43	309	
101	274	
100	288	
40	43	
106	219	
107	203	
106	218	
110	127	
51	224	
42	18	
104	235	
51	229	
47	314	
52	213	
52	214	
102	255	
102	253	
48	303	
52	219	
40	34	
101	283	
111	124	
100	291	
50	244	
50	247	
106	220	
106	221	
52	221	
105	230	
112	106	
52	226	
52	227	
102	265	
53	213	
41	13	
40	25	
41	51	
102	240	
40	62	
44	16	
100	264	
104	219	
43	26	
103	223	
51	204	
43	22	
104	213	
42	32	
41	43	
40	56	
105	218	
100	278	
111	106	
101	266	
104	228	
100	271	
43	19	
110	113	
51	210	
46	313	
43	14	
103	234	
51	217	
51	218	
47	305	
102	242	
52	206	
101	259	
41	35	
102	248	
52	208	
41	33	
54	225	
112	145	
60	114	
105	267	
44	39	
45	22	
56	202	
110	165	
111	154	
51	266	
44	32	
115	100	
52	252	
51	268	
44	30	
113	129	
110	162	
52	255	
115	104	
110	163	
105	264	
52	256	
53	241	
43	41	
115	102	
43	40	
42	54	
53	244	
41	69	
107	239	
104	271	
103	288	
113	125	
53	249	
41	63	
40	77	
41	61	
50	281	
40	76	
113	141	
112	158	
45	13	
40	72	
61	110	
40	71	
52	260	
44	22	
52	261	
105	275	
53	252	
114	128	
42	45	
103	295	
114	122	
113	138	
108	237	
111	136	
54	202	
42	80	
47	20	
41	92	
49	309	
51	240	
45	42	
50	257	
44	56	
111	131	
104	253	
52	231	
43	67	
104	252	
53	222	
52	238	
108	200	
108	201	
113	103	
111	147	
53	229	
102	292	
45	39	
108	220	
50	261	
41	80	
40	96	
50	262	
40	95	
50	263	
45	35	
40	93	
106	241	
50	266	
44	48	
55	208	
40	90	
106	244	
55	209	
50	269	
114	105	
105	253	
42	69	
109	207	
42	68	
102	288	
52	248	
53	232	
113	110	
108	217	
104	260	
114	100	
42	62	
46	18	
54	222	
103	275	
64	108	
55	252	
112	184	
113	174	
108	275	
109	260	
112	189	
61	142	
45	68	
106	293	
61	145	
116	134	
52	291	
107	284	
117	121	
106	297	
111	197	
114	159	
58	220	
52	295	
52	296	
52	297	
62	138	
115	147	
63	124	
53	285	
48	26	
43	85	
106	290	
118	106	
64	113	
48	22	
54	273	
48	21	
114	155	
59	216	
59	217	
109	254	
59	218	
60	160	
114	154	
46	49	
118	122	
108	282	
55	263	
42	90	
112	195	
55	265	
117	137	
61	150	
61	151	
113	183	
65	109	
60	168	
116	147	
107	291	
57	242	
117	134	
107	292	
58	233	
43	77	
115	158	
115	156	
54	281	
113	178	
63	138	
42	88	
109	264	
48	11	
47	27	
109	262	
65	110	
59	227	
115	151	
47	24	
65	113	
117	106	
55	231	
47	61	
117	107	
107	268	
50	296	
110	189	
51	283	
56	225	
46	70	
56	226	
106	278	
106	276	
49	39	
104	297	
104	295	
109	236	
58	201	
49	35	
58	202	
110	185	
52	278	
115	123	
63	104	
49	31	
54	251	
48	44	
54	252	
63	109	
53	269	
114	131	
104	291	
55	241	
55	242	
47	52	
113	163	
108	264	
60	145	
118	102	
46	64	
60	147	
116	124	
116	123	
111	182	
51	295	
62	120	
49	29	
49	28	
51	299	
45	70	
105	290	
63	110	
57	228	
43	99	
52	289	
44	81	
48	37	
53	274	
48	36	
63	115	
53	276	
114	141	
113	154	
59	203	
108	256	
43	90	
109	246	
113	158	
108	259	
59	207	
64	107	
60	195	
119	140	
66	122	
56	283	
55	299	
66	125	
46	98	
117	164	
66	129	
46	93	
57	277	
115	187	
115	185	
59	254	
48	69	
114	195	
59	256	
119	134	
114	193	
65	144	
48	61	
118	166	
61	190	
65	148	
61	192	
66	135	
47	71	
119	152	
61	198	
57	283	
46	83	
67	125	
68	112	
58	273	
63	173	
62	189	
116	182	
63	175	
68	116	
115	196	
49	46	
59	266	
65	152	
119	146	
65	153	
118	131	
113	190	
66	100	
56	260	
108	292	
55	277	
109	281	
60	177	
55	278	
56	262	
118	136	
61	164	
57	251	
61	167	
57	252	
62	155	
54	290	
63	146	
115	167	
115	168	
64	133	
118	128	
54	295	
49	72	
49	70	
48	86	
115	162	
54	298	
65	125	
47	98	
60	185	
60	186	
66	111	
47	96	
60	187	
60	189	
56	276	
116	168	
57	261	
62	160	
56	278	
61	178	
117	156	
117	155	
115	176	
63	156	
59	241	
64	144	
113	198	
119	124	
48	76	
115	172	
60	191	
64	149	
119	127	
60	193	
48	72	
110	0	
68	144	
68	146	
59	290	
69	133	
65	180	
49	99	
49	95	
119	194	
119	192	
119	193	
119	199	
111	0	
69	148	
49	84	
119	189	
49	82	
119	165	
119	164	
66	149	
58	281	
118	173	
118	174	
57	299	
63	185	
64	170	
69	111	
58	288	
63	189	
65	161	
59	278	
59	279	
65	163	
65	169	
119	175	
67	144	
118	181	
58	291	
68	132	
58	293	
63	194	
58	299	
69	125	
64	185	
65	171	
59	288	
119	169	
65	174	
65	176	
67	193	
67	197	
67	198	
68	184	
69	177	
113	1	
69	180	
114	6	
114	4	
114	8	
114	2	
66	187	
67	174	
67	177	
69	153	
60	1	
67	180	
68	171	
69	160	
68	176	
69	168	
101	311	
118	5	
118	3	
61	2	
100	300	
100	304	
69	191	
69	196	
100	314	
116	3	
105	306	
50	311	
50	313	
50	314	
51	301	
100	12	
65	6	
111	200	
65	1	
106	302	
110	210	
110	214	
51	310	
101	10	
51	314	
67	3	
102	314	
104	305	
104	309	
104	308	
50	308	
119	5	
54	302	
111	233	
54	306	
111	237	
111	238	
54	308	
102	35	
54	309	
110	242	
110	247	
102	39	
69	2	
102	37	
102	32	
112	214	
112	215	
100	50	
111	244	
111	245	
112	235	
60	200	
103	31	
55	306	
111	243	
109	304	
102	40	
101	56	
112	225	
104	18	
100	66	
113	216	
112	229	
113	213	
106	312	
50	20	
101	27	
100	35	
101	26	
100	39	
106	309	
100	34	
50	18	
103	15	
50	14	
107	312	
110	236	
103	12	
102	29	
111	221	
110	235	
102	27	
101	32	
101	33	
122	103	
121	117	
112	262	
113	252	
116	212	
111	271	
61	220	
116	210	
110	285	
116	211	
102	78	
61	223	
111	275	
104	51	
112	260	
111	273	
62	212	
110	280	
62	214	
114	235	
102	70	
58	302	
63	201	
101	89	
112	258	
100	93	
58	307	
113	243	
106	25	
63	209	
122	114	
121	128	
117	213	
51	22	
122	118	
60	244	
120	137	
104	63	
62	220	
115	232	
102	83	
103	70	
114	249	
108	10	
102	85	
63	216	
105	45	
51	17	
63	219	
59	305	
64	206	
104	34	
104	31	
51	52	
56	303	
56	306	
109	313	
120	102	
102	54	
100	73	
52	37	
114	210	
52	31	
111	266	
104	49	
51	41	
104	47	
60	224	
116	200	
121	104	
103	56	
61	213	
60	229	
121	105	
103	57	
101	76	
114	226	
106	15	
62	203	
113	233	
113	234	
53	10	
104	39	
100	86	
113	291	
123	132	
56	18	
122	146	
123	135	
105	87	
65	217	
70	117	
61	262	
55	29	
121	155	
116	254	
66	207	
55	25	
109	36	
109	37	
104	96	
122	141	
117	242	
108	41	
120	161	
63	242	
107	55	
124	119	
54	33	
64	232	
123	129	
124	111	
124	116	
120	160	
119	215	
60	281	
64	238	
60	283	
52	51	
71	110	
119	231	
60	287	
124	131	
50	79	
106	80	
126	107	
121	167	
66	218	
55	13	
105	91	
72	105	
50	70	
122	153	
115	275	
72	107	
125	113	
108	50	
54	21	
64	242	
115	278	
114	281	
113	297	
118	238	
52	47	
53	30	
107	64	
70	131	
114	285	
65	233	
65	234	
64	208	
60	251	
111	299	
60	252	
57	24	
57	23	
122	128	
118	213	
121	134	
111	291	
61	245	
56	31	
103	89	
117	223	
117	220	
109	13	
107	34	
63	221	
108	23	
102	98	
115	244	
59	311	
63	226	
53	65	
106	41	
64	215	
57	18	
106	44	
57	17	
57	16	
105	72	
112	296	
104	89	
52	73	
70	102	
70	103	
51	88	
112	295	
105	76	
105	77	
51	85	
112	299	
65	209	
56	24	
50	99	
116	245	
55	38	
61	254	
103	94	
121	143	
122	132	
116	249	
109	26	
104	85	
122	130	
121	146	
117	232	
62	244	
124	109	
108	33	
103	93	
54	42	
103	90	
120	154	
63	236	
118	218	
64	221	
53	55	
64	222	
123	115	
123	116	
113	279	
71	141	
128	114	
71	143	
123	179	
71	145	
66	246	
123	177	
67	231	
128	118	
119	263	
121	199	
72	133	
71	149	
117	282	
116	299	
62	296	
118	270	
126	132	
55	64	
73	125	
63	285	
108	82	
64	270	
125	147	
73	128	
63	288	
59	16	
126	135	
69	216	
59	14	
53	89	
74	118	
65	264	
125	142	
53	80	
71	152	
119	275	
52	92	
119	276	
71	156	
129	113	
67	244	
122	195	
56	44	
126	149	
68	230	
72	145	
55	59	
67	248	
56	40	
128	121	
128	122	
69	220	
55	53	
125	157	
73	139	
64	284	
126	145	
53	78	
119	269	
70	172	
125	150	
119	267	
65	275	
125	156	
75	116	
66	260	
76	101	
53	71	
108	90	
52	86	
122	168	
57	66	
123	155	
123	156	
61	285	
56	79	
122	161	
71	126	
57	62	
127	100	
57	60	
116	277	
56	75	
73	100	
72	116	
67	217	
55	88	
67	218	
120	186	
68	205	
55	84	
120	184	
107	77	
116	274	
109	51	
64	251	
108	64	
59	37	
55	80	
125	129	
116	273	
54	95	
106	86	
64	255	
70	140	
64	257	
120	181	
64	258	
119	239	
107	72	
120	180	
65	247	
118	266	
127	119	
61	292	
119	253	
61	293	
67	220	
121	188	
109	65	
72	121	
61	297	
109	63	
117	272	
117	277	
67	226	
67	227	
62	286	
72	126	
117	276	
63	272	
115	297	
63	273	
68	215	
107	87	
73	117	
64	261	
127	110	
116	286	
63	279	
124	145	
124	146	
125	130	
65	250	
106	96	
54	80	
124	149	
58	36	
53	93	
66	286	
71	186	
58	74	
66	288	
67	272	
72	173	
129	146	
57	85	
78	102	
128	150	
56	98	
56	96	
129	141	
74	151	
126	174	
74	155	
75	142	
75	143	
59	55	
126	172	
58	68	
126	170	
125	187	
58	66	
129	155	
71	195	
128	169	
58	63	
77	124	
57	77	
77	127	
72	188	
72	189	
127	178	
78	115	
128	162	
128	167	
69	260	
68	276	
128	168	
78	118	
55	99	
128	166	
73	178	
127	172	
126	185	
69	266	
55	95	
125	196	
126	183	
126	181	
76	145	
123	197	
129	123	
123	198	
76	105	
71	164	
67	252	
71	168	
58	92	
129	125	
72	154	
67	256	
127	144	
67	259	
118	295	
128	133	
74	131	
125	168	
73	148	
74	135	
126	156	
65	280	
127	141	
64	297	
119	279	
124	176	
59	76	
75	126	
76	112	
66	272	
76	114	
59	71	
119	291	
128	148	
72	160	
125	181	
67	263	
66	279	
57	98	
77	105	
77	107	
67	268	
57	93	
127	156	
72	169	
129	130	
69	240	
128	144	
74	140	
73	159	
127	154	
75	130	
69	249	
126	161	
75	138	
76	123	
58	78	
59	61	
58	77	
258	64	
276	119	
276	117	
267	261	
274	139	
264	298	
274	136	
265	287	
266	270	
255	98	
256	81	
269	233	
255	90	
267	255	
259	48	
194	3	
273	143	
272	159	
194	7	
258	77	
276	125	
266	284	
266	288	
257	85	
180	305	
180	304	
265	290	
274	143	
273	159	
267	264	
195	4	
275	108	
270	165	
271	153	
254	90	
274	116	
257	50	
256	67	
275	105	
275	103	
269	210	
263	283	
263	282	
271	149	
254	88	
273	120	
275	119	
271	162	
267	251	
276	106	
271	165	
269	229	
274	127	
275	111	
265	271	
257	64	
275	115	
265	273	
263	296	
264	280	
263	293	
268	232	
263	290	
272	145	
276	158	
259	92	
276	156	
277	147	
273	190	
275	167	
275	164	
275	169	
276	152	
274	174	
279	113	
275	163	
279	119	
275	160	
268	286	
273	184	
277	153	
276	162	
275	170	
279	126	
274	189	
275	172	
269	289	
269	288	
278	134	
268	294	
273	198	
183	307	
269	282	
273	196	
266	297	
259	73	
266	299	
180	313	
275	143	
180	310	
276	130	
273	168	
269	253	
196	1	
269	258	
277	117	
278	100	
277	116	
259	67	
278	106	
196	0	
259	87	
182	301	
275	156	
275	154	
197	3	
275	150	
259	78	
278	115	
180	30	
278	174	
277	188	
276	195	
190	218	
277	182	
278	165	
279	156	
187	302	
182	13	
191	210	
190	224	
182	16	
279	161	
180	36	
180	39	
277	163	
276	172	
277	161	
276	175	
276	174	
279	138	
274	197	
184	306	
184	305	
274	195	
274	198	
279	139	
183	313	
276	189	
277	179	
276	185	
275	191	
190	201	
278	155	
278	158	
192	237	
185	18	
180	76	
192	230	
191	244	
185	10	
192	232	
191	243	
190	257	
183	33	
194	204	
271	6	
181	55	
279	194	
180	69	
189	309	
271	8	
180	83	
193	238	
183	49	
184	31	
183	41	
182	56	
191	254	
278	193	
192	217	
188	304	
191	225	
183	18	
183	13	
182	27	
181	30	
279	178	
188	312	
184	17	
271	2	
189	300	
180	67	
180	65	
184	13	
190	248	
182	39	
279	184	
193	208	
279	189	
185	56	
186	44	
275	2	
185	52	
184	68	
183	75	
183	73	
191	287	
194	248	
190	291	
186	39	
190	290	
194	246	
186	38	
182	87	
187	25	
187	26	
193	278	
276	2	
186	57	
276	9	
187	42	
186	55	
194	263	
189	19	
197	225	
185	60	
198	215	
185	63	
185	64	
196	234	
191	292	
188	28	
196	236	
191	295	
183	88	
182	93	
187	33	
196	231	
180	96	
194	231	
196	209	
183	59	
184	47	
183	50	
196	204	
194	226	
181	77	
190	273	
195	213	
181	78	
192	269	
186	30	
187	20	
194	241	
192	261	
196	213	
195	227	
190	286	
197	201	
274	3	
191	275	
181	88	
194	235	
187	10	
194	234	
182	75	
190	283	
190	282	
194	238	
198	249	
195	282	
195	281	
196	267	
197	251	
196	266	
198	240	
195	276	
195	274	
187	66	
188	56	
196	262	
264	305	
264	308	
195	291	
186	90	
197	268	
198	256	
279	4	
195	287	
195	286	
196	273	
195	288	
185	78	
185	79	
195	260	
199	216	
198	221	
186	60	
198	223	
188	37	
189	22	
260	314	
187	45	
187	49	
188	32	
186	75	
193	299	
187	60	
194	281	
199	229	
198	233	
193	290	
189	38	
186	71	
184	90	
262	302	
188	40	
277	8	
194	279	
187	55	
196	251	
195	266	
188	43	
270	223	
270	227	
270	226	
262	17	
260	37	
262	10	
189	80	
188	94	
188	97	
266	306	
270	238	
270	237	
263	12	
261	33	
199	283	
261	36	
198	294	
272	208	
189	90	
189	95	
199	258	
199	255	
188	81	
260	15	
198	268	
197	274	
196	288	
189	63	
188	72	
188	77	
196	285	
189	62	
188	75	
189	60	
188	76	
261	18	
266	300	
270	213	
199	260	
261	10	
198	274	
260	29	
260	20	
197	283	
189	75	
198	273	
188	84	
196	292	
188	85	
265	308	
189	72	
188	86	
270	266	
262	56	
10	108	
262	50	
261	64	
269	314	
274	218	
265	19	
273	227	
264	27	
264	25	
271	262	
275	217	
271	260	
276	200	
10	118	
271	265	
263	55	
280	110	
262	61	
266	16	
261	76	
275	214	
263	50	
266	10	
266	11	
265	27	
260	86	
272	249	
260	83	
273	232	
266	12	
260	88	
271	257	
273	231	
264	39	
270	242	
262	38	
271	230	
199	294	
273	209	
261	42	
199	296	
260	52	
273	200	
260	56	
199	290	
273	203	
263	18	
272	213	
271	228	
262	46	
271	241	
269	304	
260	69	
270	250	
261	57	
269	307	
273	213	
268	313	
268	312	
261	52	
261	50	
260	66	
263	29	
271	239	
10	101	
271	238	
264	15	
276	233	
282	123	
281	139	
271	297	
264	73	
11	138	
11	139	
280	142	
13	113	
266	41	
273	265	
275	240	
267	32	
10	150	
264	65	
272	273	
278	205	
265	55	
10	155	
278	203	
283	101	
282	117	
278	202	
264	81	
276	245	
269	21	
264	80	
281	149	
282	131	
12	134	
281	141	
13	125	
14	111	
274	262	
13	128	
274	261	
284	107	
266	59	
277	228	
15	103	
278	210	
15	106	
266	50	
266	51	
10	168	
273	272	
280	128	
275	229	
275	228	
275	227	
271	276	
11	114	
11	115	
281	114	
263	67	
12	100	
274	238	
11	117	
262	73	
12	103	
274	235	
275	225	
270	284	
280	123	
267	15	
267	16	
266	22	
273	244	
281	109	
265	33	
264	47	
263	75	
281	122	
277	213	
11	124	
277	211	
270	291	
263	71	
280	135	
263	72	
274	241	
261	92	
273	255	
261	96	
13	109	
265	40	
265	41	
271	279	
282	108	
269	53	
282	160	
12	165	
13	150	
267	79	
276	271	
286	116	
268	67	
269	50	
284	135	
15	130	
14	146	
280	183	
282	159	
10	196	
278	242	
277	258	
274	292	
283	146	
265	97	
16	126	
281	188	
288	103	
288	102	
288	100	
17	119	
281	182	
18	104	
285	138	
190	306	
276	280	
267	82	
275	291	
267	81	
266	97	
285	135	
14	159	
275	294	
285	133	
190	300	
15	147	
278	254	
284	142	
284	140	
281	157	
268	49	
281	155	
268	41	
276	250	
280	163	
280	169	
280	168	
273	287	
266	69	
279	218	
272	296	
278	225	
11	164	
277	253	
12	152	
265	91	
12	153	
278	240	
12	154	
280	176	
285	114	
280	173	
268	51	
275	279	
276	263	
279	225	
15	121	
280	171	
15	122	
14	139	
285	110	
274	286	
282	148	
15	126	
10	185	
269	39	
15	127	
10	187	
15	129	
11	172	
273	296	
273	295	
266	70	
16	115	
11	174	
283	190	
278	291	
278	296	
18	133	
13	194	
286	155	
13	199	
287	144	
269	94	
286	152	
285	167	
283	187	
284	171	
279	271	
278	286	
284	176	
16	169	
279	275	
283	189	
18	141	
17	157	
287	156	
279	290	
18	148	
19	137	
286	169	
14	197	
14	199	
16	172	
16	174	
283	199	
17	160	
283	197	
278	298	
278	297	
193	305	
16	178	
17	165	
17	125	
18	111	
17	127	
277	288	
283	170	
276	293	
191	300	
276	291	
286	131	
18	119	
287	120	
281	195	
281	194	
279	259	
284	155	
267	97	
190	313	
15	157	
15	158	
16	143	
283	163	
16	145	
16	148	
283	167	
12	193	
288	120	
282	195	
12	195	
18	121	
13	182	
13	183	
13	184	
269	80	
18	126	
286	144	
19	111	
14	171	
269	85	
277	292	
282	190	
277	291	
268	99	
19	117	
15	160	
15	162	
268	92	
15	167	
284	163	
17	143	
18	177	
286	190	
287	180	
286	195	
17	192	
17	194	
289	154	
17	195	
195	311	
18	183	
190	46	
18	185	
19	171	
287	195	
197	301	
288	183	
190	40	
196	310	
192	17	
287	191	
18	151	
10	2	
10	0	
18	155	
18	158	
18	159	
19	144	
287	163	
194	309	
15	196	
285	183	
16	182	
15	198	
289	138	
17	176	
17	177	
190	25	
287	172	
19	155	
19	156	
288	161	
19	159	
287	175	
285	196	
16	199	
17	184	
195	17	
191	60	
199	314	
195	12	
194	20	
194	23	
191	59	
281	9	
192	42	
11	2	
192	48	
192	46	
196	15	
195	29	
190	88	
192	61	
191	75	
194	38	
196	10	
193	44	
193	45	
282	4	
191	69	
10	4	
289	182	
289	181	
288	196	
190	54	
288	195	
191	45	
19	189	
280	4	
192	27	
193	12	
191	38	
192	23	
191	52	
281	0	
191	56	
191	53	
19	197	
194	17	
190	61	
192	38	
194	13	
192	36	
193	21	
192	34	
197	32	
15	6	
270	304	
192	94	
192	92	
15	3	
285	6	
195	55	
194	63	
197	29	
198	15	
196	56	
286	2	
14	5	
286	0	
196	52	
199	16	
199	13	
199	14	
193	89	
195	60	
194	76	
196	26	
197	14	
195	37	
194	43	
16	7	
191	95	
191	92	
193	67	
195	41	
284	6	
193	60	
197	19	
198	61	
195	96	
273	302	
195	94	
198	58	
197	84	
197	85	
197	89	
274	304	
196	97	
198	67	
289	0	
289	5	
199	54	
196	69	
287	3	
287	9	
287	1	
195	79	
199	28	
195	71	
271	301	
198	32	
193	92	
194	82	
193	96	
197	67	
195	89	
195	80	
195	81	
194	97	
195	84	
19	1	
194	90	
198	48	
280	228	
11	212	
199	91	
281	215	
277	300	
11	216	
12	202	
271	25	
272	13	
12	208	
12	209	
271	24	
199	83	
198	99	
270	31	
10	232	
273	14	
10	236	
10	237	
11	221	
281	220	
277	312	
280	231	
271	37	
13	202	
271	32	
199	95	
282	203	
277	304	
199	96	
281	218	
281	217	
10	242	
277	307	
10	203	
275	306	
10	206	
198	85	
270	13	
274	310	
281	200	
11	202	
276	304	
198	94	
281	202	
271	16	
280	213	
275	313	
270	25	
270	23	
10	220	
10	223	
273	45	
12	241	
281	259	
12	242	
280	264	
285	204	
284	218	
281	251	
13	234	
290	106	
285	207	
281	250	
13	235	
290	105	
273	42	
283	227	
275	12	
15	214	
10	277	
283	223	
283	222	
291	107	
273	58	
16	205	
16	207	
11	266	
291	104	
286	205	
275	31	
12	255	
285	216	
272	66	
272	67	
285	214	
13	242	
273	54	
291	100	
280	276	
285	217	
283	238	
270	88	
276	19	
272	63	
15	221	
283	232	
20	123	
270	83	
274	38	
10	287	
276	12	
270	87	
272	32	
280	244	
271	42	
278	306	
14	203	
271	44	
278	304	
274	20	
10	258	
280	258	
273	35	
12	230	
12	231	
281	246	
273	39	
272	42	
12	237	
273	32	
12	238	
279	303	
14	210	
279	300	
272	40	
283	219	
279	304	
15	202	
10	261	
274	18	
10	262	
281	239	
270	64	
282	229	
10	266	
278	312	
17	221	
291	137	
287	222	
281	297	
282	281	
279	15	
286	238	
288	212	
13	270	
282	286	
292	125	
17	229	
13	272	
291	132	
273	84	
286	231	
272	97	
277	39	
292	120	
278	28	
18	218	
19	206	
15	251	
272	95	
273	80	
20	154	
288	206	
283	263	
16	243	
288	209	
16	247	
293	106	
276	43	
16	249	
17	233	
287	235	
22	133	
282	292	
282	298	
18	222	
18	223	
22	139	
12	299	
19	210	
18	226	
290	156	
24	111	
287	232	
291	146	
274	83	
14	273	
13	289	
287	230	
286	246	
19	215	
15	260	
290	150	
284	266	
277	42	
15	264	
25	106	
278	30	
277	46	
15	267	
288	216	
275	65	
276	56	
276	53	
292	102	
286	219	
274	53	
17	200	
282	261	
16	217	
286	217	
17	203	
11	278	
12	263	
291	119	
282	263	
12	266	
280	286	
290	125	
285	224	
277	17	
291	113	
273	63	
291	111	
14	242	
277	10	
14	246	
285	222	
285	220	
272	72	
16	220	
21	120	
274	49	
276	22	
10	299	
11	286	
22	111	
278	19	
291	126	
11	289	
287	217	
22	115	
12	275	
12	276	
22	117	
291	121	
272	88	
273	70	
278	11	
272	86	
278	17	
281	284	
18	208	
23	108	
290	138	
281	282	
290	133	
285	233	
272	85	
15	243	
284	247	
282	269	
292	108	
287	209	
20	147	
292	107	
16	233	
20	149	
283	256	
275	47	
271	90	
288	251	
297	106	
279	59	
288	257	
18	255	
293	154	
293	153	
288	254	
290	189	
286	274	
287	265	
19	246	
297	104	
286	278	
24	148	
20	194	
289	239	
26	120	
15	296	
296	112	
277	78	
16	283	
16	284	
26	125	
284	292	
289	233	
26	126	
26	128	
295	121	
284	297	
277	72	
26	129	
16	289	
289	237	
27	115	
27	116	
22	175	
27	117	
18	261	
17	277	
17	278	
23	162	
18	263	
294	151	
289	251	
288	266	
279	63	
296	128	
291	187	
24	154	
297	115	
291	188	
287	273	
279	66	
297	113	
286	280	
285	295	
277	88	
290	193	
25	146	
278	70	
25	147	
290	199	
291	181	
286	282	
277	89	
21	193	
277	80	
27	122	
16	299	
294	148	
289	248	
294	147	
290	190	
289	246	
22	142	
279	39	
274	95	
292	144	
22	145	
17	246	
18	231	
292	148	
23	133	
23	135	
290	168	
19	224	
274	94	
19	225	
274	91	
19	226	
25	110	
14	286	
295	103	
277	55	
285	261	
276	68	
24	129	
289	217	
26	101	
25	117	
295	104	
277	57	
15	279	
284	270	
293	125	
16	266	
17	251	
16	267	
289	215	
26	109	
289	213	
17	254	
22	156	
275	91	
293	144	
288	244	
275	95	
23	146	
291	164	
279	42	
19	232	
278	55	
23	148	
278	56	
291	169	
286	268	
278	59	
14	296	
294	129	
295	112	
294	128	
295	118	
277	69	
286	261	
16	271	
286	260	
20	187	
278	52	
15	289	
294	122	
21	173	
284	281	
288	237	
276	71	
27	101	
21	176	
27	102	
17	262	
26	119	
289	225	
23	192	
23	194	
28	137	
299	122	
288	291	
26	169	
299	116	
28	141	
294	179	
28	147	
289	294	
299	133	
19	297	
25	187	
26	172	
295	179	
296	162	
295	178	
26	174	
296	161	
296	168	
27	160	
295	170	
295	176	
27	128	
23	171	
23	173	
22	189	
18	274	
292	187	
294	161	
293	176	
288	277	
29	102	
297	123	
24	163	
19	265	
291	195	
25	151	
297	126	
25	153	
25	154	
291	190	
278	83	
25	157	
278	86	
278	87	
278	84	
27	131	
288	269	
17	295	
294	158	
27	136	
295	141	
18	285	
293	182	
298	123	
29	110	
29	111	
28	127	
18	288	
299	112	
293	187	
24	172	
18	289	
299	111	
298	127	
297	133	
19	276	
292	191	
29	117	
19	278	
24	178	
292	196	
279	87	
287	295	
26	155	
26	156	
279	80	
278	96	
289	269	
28	177	
29	164	
298	177	
299	160	
27	192	
296	199	
28	188	
299	176	
29	173	
29	142	
299	146	
25	190	
297	168	
26	187	
297	161	
296	177	
294	199	
294	198	
295	182	
299	137	
295	180	
299	154	
28	168	
29	158	
297	178	
297	175	
297	179	
26	196	
27	182	
296	189	
295	191	
21	9	
21	6	
21	1	
292	9	
28	199	
23	7	
23	0	
29	195	
29	197	
291	9	
299	193	
22	7	
22	5	
280	305	
10	302	
10	305	
295	2	
280	313	
11	305	
296	8	
24	3	
24	2	
24	1	
27	5	
27	0	
26	9	
26	5	
294	1	
14	300	
14	307	
14	314	
299	7	
15	302	
20	202	
20	204	
15	305	
11	312	
11	313	
10	17	
12	305	
297	4	
10	13	
13	306	
29	4	
282	305	
291	214	
11	29	
17	306	
11	20	
281	25	
280	39	
281	26	
20	239	
287	313	
287	310	
283	16	
10	27	
18	307	
291	222	
281	35	
23	209	
10	22	
10	21	
20	240	
280	43	
292	207	
280	41	
287	307	
20	248	
290	209	
12	36	
11	48	
290	200	
285	307	
284	311	
10	53	
15	312	
15	313	
16	302	
16	305	
13	10	
11	37	
290	212	
11	36	
286	302	
280	29	
280	21	
280	20	
20	228	
285	20	
284	36	
13	45	
284	35	
292	248	
285	22	
280	81	
13	41	
283	45	
291	251	
24	220	
292	240	
283	49	
11	64	
30	111	
290	265	
20	274	
290	263	
10	73	
30	115	
294	210	
281	60	
285	18	
14	27	
31	103	
30	119	
31	104	
26	207	
13	39	
13	38	
21	269	
284	45	
22	257	
23	243	
22	259	
23	244	
290	279	
283	56	
23	246	
24	231	
24	232	
24	233	
283	57	
20	280	
25	224	
296	201	
283	51	
10	64	
282	68	
20	285	
295	215	
293	237	
281	72	
286	11	
294	224	
32	101	
27	202	
286	14	
26	219	
32	102	
293	238	
291	239	
291	237	
283	29	
14	50	
22	224	
18	310	
292	225	
284	16	
17	19	
13	61	
18	314	
12	76	
283	27	
291	233	
24	203	
17	10	
16	26	
11	82	
20	251	
290	242	
16	21	
16	20	
15	35	
20	256	
10	92	
292	218	
288	303	
21	241	
10	91	
292	217	
14	43	
283	39	
13	55	
23	220	
293	220	
282	49	
23	223	
23	225	
24	210	
24	211	
291	243	
290	259	
11	75	
294	207	
281	58	
20	260	
282	43	
25	205	
10	83	
280	65	
281	50	
14	38	
21	252	
14	37	
21	254	
14	35	
281	54	
294	201	
22	285	
19	17	
23	270	
14	75	
28	213	
285	63	
28	214	
294	261	
293	276	
34	100	
29	201	
18	26	
291	297	
289	13	
289	11	
34	104	
291	294	
284	71	
29	206	
17	36	
297	225	
292	284	
289	18	
285	61	
34	107	
291	299	
289	15	
29	209	
292	282	
289	16	
295	246	
282	96	
16	44	
295	249	
283	83	
286	45	
16	40	
31	146	
14	69	
14	67	
27	236	
287	32	
28	223	
13	77	
24	271	
286	62	
289	24	
34	113	
284	81	
34	115	
12	86	
35	100	
30	161	
29	219	
35	102	
12	82	
25	264	
30	164	
11	96	
296	240	
287	46	
30	166	
283	93	
11	90	
26	257	
31	157	
14	59	
27	245	
294	268	
287	45	
33	130	
23	290	
22	266	
23	251	
285	44	
293	253	
14	91	
291	275	
18	46	
18	42	
291	278	
17	57	
291	277	
291	276	
283	69	
17	51	
30	135	
20	295	
295	227	
291	270	
21	280	
283	60	
26	222	
30	139	
15	77	
286	21	
26	226	
280	97	
21	286	
15	75	
295	220	
286	25	
287	10	
281	85	
285	53	
292	277	
22	276	
32	116	
293	260	
33	101	
18	39	
298	205	
293	263	
288	18	
33	108	
28	209	
296	225	
292	274	
291	288	
297	212	
284	64	
16	59	
295	234	
16	57	
21	290	
31	134	
26	235	
293	257	
294	244	
33	153	
28	254	
286	93	
33	155	
28	256	
299	240	
33	156	
28	258	
34	142	
34	143	
299	243	
29	246	
297	266	
18	68	
298	253	
25	296	
298	251	
26	281	
36	121	
296	273	
288	66	
288	63	
296	272	
295	287	
31	184	
296	278	
17	71	
289	52	
294	295	
32	177	
295	285	
294	299	
299	253	
34	153	
19	43	
29	258	
18	57	
18	56	
34	159	
35	143	
35	145	
298	264	
35	146	
26	291	
36	131	
297	278	
18	50	
26	293	
26	294	
16	76	
297	271	
37	123	
27	283	
16	75	
37	124	
16	73	
15	89	
38	111	
15	86	
32	188	
295	296	
38	115	
14	99	
295	294	
28	232	
33	135	
286	74	
23	297	
289	36	
18	89	
284	92	
289	33	
29	227	
25	270	
30	170	
25	271	
19	70	
284	99	
24	289	
30	176	
35	118	
17	95	
27	250	
31	166	
294	275	
31	168	
36	109	
286	66	
299	218	
298	245	
33	147	
29	232	
19	67	
286	86	
34	132	
294	291	
34	135	
18	79	
30	180	
29	238	
25	281	
30	181	
18	76	
18	74	
289	48	
298	240	
25	286	
296	263	
30	186	
31	171	
31	173	
17	84	
288	58	
16	99	
288	59	
31	175	
17	82	
37	102	
286	79	
27	264	
287	60	
27	265	
286	77	
16	92	
28	251	
294	289	
295	273	
37	109	
33	152	
29	283	
39	129	
36	163	
289	94	
38	142	
38	144	
38	145	
38	149	
34	192	
299	294	
19	89	
19	84	
36	173	
299	291	
18	93	
37	164	
38	150	
37	169	
38	156	
39	100	
33	175	
29	260	
34	160	
39	102	
28	278	
33	177	
298	278	
29	263	
39	104	
299	266	
34	166	
35	152	
299	260	
35	156	
296	295	
297	284	
289	73	
27	294	
297	281	
32	197	
37	139	
32	198	
287	99	
33	183	
38	125	
287	97	
33	187	
39	113	
34	173	
298	282	
289	89	
36	151	
288	98	
297	291	
36	157	
28	291	
29	280	
39	166	
37	195	
38	186	
38	189	
38	191	
38	192	
38	194	
39	180	
39	182	
39	186	
30	9	
30	8	
36	180	
30	4	
38	164	
39	153	
39	154	
36	192	
37	188	
39	162	
31	9	
31	7	
33	4	
33	2	
290	307	
35	8	
35	7	
20	312	
21	303	
21	309	
290	310	
37	5	
36	2	
311	172	
147	28	
143	71	
147	25	
155	234	
306	275	
154	249	
160	132	
98	305	
161	122	
148	16	
143	75	
93	18	
156	222	
161	120	
142	89	
98	308	
146	35	
310	180	
147	20	
309	239	
305	282	
142	82	
150	290	
142	83	
92	26	
309	235	
305	280	
162	108	
152	268	
145	43	
162	107	
308	247	
314	131	
234	9	
146	31	
141	90	
145	45	
91	32	
308	245	
162	100	
312	155	
234	6	
90	43	
306	266	
145	40	
157	204	
90	42	
312	150	
2	314	
144	53	
98	310	
152	261	
90	40	
161	130	
148	23	
142	95	
220	304	
312	170	
151	294	
305	296	
310	196	
148	24	
305	298	
160	147	
309	249	
305	292	
142	90	
305	295	
142	93	
92	16	
160	141	
147	33	
142	92	
314	147	
309	248	
158	203	
144	68	
92	10	
152	276	
314	143	
153	267	
307	269	
313	154	
156	228	
162	110	
161	126	
152	270	
313	150	
148	18	
162	115	
90	32	
144	67	
311	177	
306	278	
161	129	
144	64	
144	65	
141	78	
156	202	
310	162	
304	279	
156	201	
143	53	
305	264	
233	1	
150	275	
93	39	
155	215	
143	51	
140	88	
146	14	
304	276	
309	218	
304	277	
153	235	
141	71	
304	278	
142	61	
314	112	
309	213	
303	288	
313	129	
304	274	
5	301	
144	38	
145	22	
304	270	
92	41	
143	45	
307	232	
90	67	
160	107	
312	134	
311	143	
0	10	
143	48	
142	75	
155	223	
97	308	
147	15	
310	174	
142	77	
146	25	
145	38	
146	23	
160	120	
155	221	
92	37	
4	309	
154	234	
144	48	
152	255	
308	238	
140	95	
140	93	
4	300	
145	35	
303	293	
3	314	
155	219	
143	55	
151	269	
97	313	
311	154	
151	268	
156	207	
143	59	
165	119	
166	103	
156	263	
148	56	
160	178	
160	177	
156	262	
155	278	
156	268	
95	31	
166	106	
238	9	
161	164	
159	229	
93	59	
165	110	
93	57	
146	78	
6	313	
238	3	
93	53	
154	289	
92	68	
145	87	
92	65	
153	293	
2	10	
2	11	
147	60	
163	139	
1	24	
91	77	
158	238	
313	183	
1	21	
161	157	
95	28	
96	11	
95	27	
307	295	
149	38	
145	81	
95	25	
313	180	
239	1	
156	275	
95	22	
160	187	
148	65	
156	279	
166	118	
239	4	
161	175	
156	276	
148	69	
94	33	
154	299	
155	281	
146	88	
93	46	
161	170	
6	300	
156	270	
155	286	
92	58	
155	284	
1	19	
93	40	
159	231	
5	310	
163	144	
92	52	
146	87	
154	293	
159	234	
158	249	
0	27	
161	168	
0	23	
95	17	
162	158	
313	190	
156	242	
306	295	
96	40	
311	195	
95	55	
8	311	
143	91	
95	54	
306	298	
99	313	
160	158	
149	20	
236	9	
236	6	
4	10	
236	7	
154	263	
147	40	
159	204	
3	24	
93	77	
154	269	
220	312	
2	36	
314	151	
163	113	
314	152	
162	128	
314	153	
153	271	
97	27	
314	154	
97	26	
308	264	
236	5	
2	33	
153	277	
92	84	
308	265	
92	83	
146	52	
96	38	
157	222	
91	96	
307	277	
1	43	
96	35	
163	110	
152	286	
145	61	
157	227	
95	49	
161	139	
145	60	
8	304	
307	290	
8	301	
156	251	
221	310	
95	40	
164	117	
146	68	
155	261	
3	15	
154	275	
147	56	
237	8	
164	119	
155	263	
159	210	
145	76	
162	139	
158	224	
2	24	
162	138	
163	129	
91	89	
92	72	
146	63	
92	71	
307	287	
161	148	
144	82	
156	248	
312	188	
144	83	
156	247	
0	48	
162	137	
145	72	
90	98	
157	236	
95	37	
307	285	
157	235	
145	71	
231	208	
5	26	
162	191	
166	148	
5	27	
167	130	
148	98	
95	76	
220	30	
5	22	
0	82	
94	89	
162	192	
226	301	
166	140	
4	33	
148	90	
4	30	
226	302	
221	15	
169	105	
169	103	
164	161	
158	278	
165	151	
221	17	
2	53	
220	23	
2	50	
220	24	
2	51	
167	128	
149	78	
1	65	
221	11	
9	313	
163	176	
96	56	
158	276	
168	116	
1	60	
168	115	
231	218	
227	302	
4	29	
95	66	
5	14	
163	190	
149	98	
0	70	
94	79	
222	18	
94	76	
99	16	
94	74	
99	14	
231	215	
2	49	
230	228	
98	26	
164	175	
2	48	
159	273	
165	163	
169	119	
220	34	
220	32	
168	122	
96	47	
159	272	
168	128	
164	170	
9	300	
159	270	
168	125	
5	47	
95	98	
149	66	
4	58	
166	128	
5	43	
156	287	
149	64	
99	49	
165	132	
160	191	
159	248	
148	73	
314	199	
160	195	
4	51	
3	67	
99	43	
146	94	
163	157	
98	57	
159	241	
98	56	
159	247	
146	95	
7	16	
147	80	
146	96	
149	56	
97	61	
223	313	
5	39	
163	152	
162	168	
5	37	
6	21	
1	80	
157	281	
167	121	
148	88	
161	196	
161	195	
149	71	
4	47	
95	84	
230	204	
165	144	
225	303	
159	259	
148	84	
99	35	
166	130	
156	290	
2	69	
98	47	
98	46	
147	93	
147	91	
2	61	
1	78	
220	10	
167	115	
220	16	
163	165	
6	15	
168	105	
162	179	
96	64	
6	55	
224	25	
233	224	
233	223	
168	162	
168	161	
230	259	
223	36	
165	199	
165	198	
99	69	
167	172	
231	246	
232	230	
3	88	
99	66	
224	22	
223	38	
99	64	
222	42	
311	8	
98	76	
222	45	
2	96	
220	67	
7	35	
221	52	
2	92	
168	155	
233	214	
229	306	
7	31	
6	47	
222	40	
220	69	
97	82	
167	187	
225	23	
168	174	
96	91	
5	54	
167	188	
224	31	
3	79	
167	181	
99	55	
222	54	
240	102	
169	159	
222	53	
99	50	
231	250	
166	190	
223	41	
98	62	
234	212	
225	19	
233	227	
221	63	
7	22	
1	97	
7	23	
97	72	
96	88	
312	1	
221	64	
234	213	
166	169	
227	312	
6	73	
167	150	
231	225	
223	18	
227	310	
99	87	
164	184	
9	31	
4	91	
99	82	
223	10	
222	26	
9	30	
164	189	
99	81	
230	232	
169	129	
169	128	
98	95	
158	294	
8	40	
221	33	
98	90	
159	282	
164	180	
6	65	
233	213	
228	312	
220	61	
168	151	
224	19	
220	62	
230	249	
230	248	
166	172	
223	23	
231	237	
223	28	
9	26	
4	86	
221	49	
8	39	
222	30	
221	47	
9	21	
3	96	
99	72	
98	87	
8	35	
8	30	
168	146	
310	5	
6	58	
220	58	
168	147	
238	205	
225	56	
238	204	
6	96	
7	80	
242	117	
238	202	
225	54	
169	192	
238	208	
226	44	
238	207	
242	110	
231	286	
241	129	
232	273	
231	280	
227	29	
222	88	
9	53	
240	133	
224	60	
223	74	
234	245	
168	199	
7	77	
234	242	
160	9	
234	249	
7	75	
169	189	
222	84	
221	97	
243	113	
234	262	
226	52	
233	276	
232	283	
5	96	
242	120	
236	237	
243	111	
232	287	
242	126	
237	227	
229	17	
242	124	
241	131	
241	130	
223	83	
222	99	
8	59	
9	43	
237	220	
300	305	
9	41	
241	132	
234	256	
234	255	
169	195	
300	303	
233	269	
240	143	
228	20	
240	140	
235	241	
222	93	
232	258	
232	256	
168	180	
241	106	
313	9	
313	6	
235	213	
230	271	
222	64	
235	219	
236	203	
236	202	
233	237	
226	18	
226	19	
169	166	
234	225	
232	268	
225	43	
7	92	
169	181	
168	196	
226	30	
233	255	
314	3	
314	2	
224	51	
242	102	
236	210	
240	124	
223	61	
231	273	
230	287	
236	211	
226	26	
8	72	
7	86	
234	237	
226	83	
244	130	
226	81	
244	136	
234	295	
303	308	
242	156	
237	255	
303	304	
225	95	
303	300	
236	264	
228	57	
236	263	
302	312	
241	161	
302	313	
246	109	
241	168	
245	111	
9	90	
245	116	
240	173	
235	274	
227	67	
239	243	
244	140	
244	147	
226	96	
304	303	
239	245	
247	100	
237	260	
229	51	
242	162	
237	262	
229	53	
237	261	
245	123	
235	287	
243	126	
239	210	
233	285	
242	139	
238	224	
225	76	
233	289	
226	63	
244	111	
241	149	
237	234	
225	70	
242	132	
237	233	
237	238	
243	120	
242	135	
237	236	
241	142	
162	9	
236	240	
242	130	
237	231	
223	97	
228	39	
244	106	
235	250	
162	1	
226	56	
228	30	
223	90	
240	151	
238	237	
239	220	
226	71	
241	159	
163	9	
236	259	
237	249	
225	85	
243	131	
229	39	
233	291	
302	306	
227	59	
228	49	
237	240	
226	67	
244	115	
227	52	
240	165	
310	221	
249	116	
302	10	
249	114	
302	16	
302	15	
243	184	
152	308	
238	283	
243	181	
239	271	
238	286	
243	185	
237	293	
247	131	
237	291	
151	314	
229	88	
152	305	
152	303	
152	302	
310	218	
306	302	
310	232	
301	37	
239	289	
248	135	
300	45	
238	293	
244	182	
239	281	
229	94	
243	191	
311	217	
248	130	
229	97	
152	314	
312	200	
229	92	
310	227	
311	212	
239	255	
305	300	
166	9	
227	91	
242	178	
238	263	
300	14	
248	102	
243	164	
241	186	
247	110	
237	270	
246	125	
229	60	
240	198	
228	74	
227	88	
167	0	
244	169	
238	274	
237	289	
237	288	
238	271	
242	181	
228	89	
242	180	
241	194	
229	72	
238	270	
229	78	
247	124	
150	313	
150	312	
246	134	
155	312	
302	54	
249	158	
151	18	
311	252	
302	58	
248	167	
314	211	
309	313	
301	66	
249	154	
248	161	
300	72	
247	176	
313	223	
305	12	
305	11	
304	27	
247	174	
305	10	
305	16	
305	15	
246	184	
312	231	
160	207	
304	24	
246	186	
152	12	
310	274	
150	38	
300	89	
306	13	
305	29	
301	77	
151	25	
306	17	
247	188	
248	171	
313	234	
300	82	
305	28	
301	70	
313	231	
248	173	
303	48	
311	258	
246	194	
160	217	
304	35	
156	307	
304	34	
310	245	
303	21	
302	37	
239	291	
249	130	
153	314	
154	301	
244	191	
312	216	
246	169	
313	202	
312	218	
308	303	
169	4	
247	159	
247	156	
312	215	
302	28	
310	236	
246	166	
310	255	
155	306	
303	33	
303	30	
313	219	
248	156	
301	51	
154	314	
154	313	
302	40	
313	217	
248	159	
154	311	
314	202	
312	227	
312	228	
308	313	
150	13	
150	10	
308	310	
245	189	
312	220	
246	175	
304	72	
154	20	
153	33	
161	241	
153	34	
164	205	
159	304	
307	31	
151	59	
160	252	
159	308	
249	198	
314	257	
150	61	
313	268	
314	253	
312	278	
305	59	
151	50	
154	12	
312	277	
161	239	
165	208	
161	251	
308	36	
308	34	
170	109	
161	253	
160	268	
309	21	
152	50	
314	269	
164	214	
164	219	
242	3	
162	238	
155	19	
306	56	
164	211	
306	55	
164	210	
313	275	
306	54	
155	18	
151	61	
314	260	
161	248	
153	39	
162	231	
154	24	
303	89	
162	234	
154	25	
155	10	
310	287	
307	18	
303	60	
160	235	
153	12	
314	237	
306	24	
307	14	
301	89	
151	36	
305	34	
157	305	
150	40	
314	231	
248	186	
162	209	
313	242	
150	44	
305	36	
300	95	
312	252	
160	229	
161	212	
303	56	
162	203	
157	304	
310	298	
311	284	
152	35	
153	25	
303	76	
310	290	
310	291	
306	36	
301	95	
151	48	
313	259	
152	33	
248	194	
163	201	
305	45	
240	1	
162	216	
314	241	
240	2	
163	205	
312	268	
306	32	
313	254	
305	47	
248	190	
160	299	
158	15	
161	288	
162	271	
158	18	
309	54	
157	25	
165	231	
156	38	
308	65	
165	236	
308	64	
307	79	
314	294	
156	33	
306	83	
305	98	
164	243	
314	292	
156	35	
162	264	
155	41	
309	49	
161	279	
167	203	
167	209	
306	80	
172	107	
166	235	
161	294	
171	133	
153	85	
161	297	
154	72	
158	29	
159	14	
161	296	
157	36	
308	71	
156	49	
152	92	
170	140	
170	147	
153	82	
308	76	
152	96	
170	144	
173	107	
245	9	
155	58	
165	240	
157	31	
164	255	
164	253	
245	2	
162	276	
155	51	
245	3	
172	115	
168	200	
163	263	
155	56	
306	91	
173	102	
168	203	
155	53	
173	101	
309	31	
304	90	
171	101	
171	100	
166	201	
160	275	
162	250	
309	32	
156	19	
151	76	
152	65	
153	50	
307	58	
155	26	
163	232	
305	76	
151	74	
163	238	
313	287	
313	280	
162	242	
161	258	
154	39	
312	294	
305	73	
166	213	
153	65	
170	126	
161	277	
166	217	
153	69	
167	200	
309	44	
166	215	
309	43	
308	50	
152	71	
165	226	
157	17	
308	54	
165	225	
157	15	
160	282	
150	96	
156	22	
306	71	
156	26	
313	297	
309	39	
162	253	
162	252	
155	33	
306	70	
305	85	
166	268	
159	45	
309	95	
232	310	
168	241	
155	92	
176	101	
248	4	
248	2	
309	92	
175	119	
165	278	
309	90	
165	271	
174	126	
165	270	
155	84	
168	233	
167	248	
232	307	
155	83	
156	71	
167	261	
177	108	
172	167	
172	166	
168	250	
177	106	
176	115	
159	50	
156	89	
173	143	
156	80	
155	93	
167	258	
164	291	
169	231	
156	82	
166	246	
153	95	
172	134	
167	234	
167	233	
153	99	
167	232	
165	253	
170	158	
308	87	
231	302	
165	258	
165	257	
173	118	
169	203	
163	277	
174	100	
164	265	
156	56	
164	264	
172	127	
159	19	
155	62	
172	126	
159	18	
163	275	
167	229	
309	86	
159	34	
171	155	
154	96	
232	305	
172	143	
158	41	
157	57	
170	164	
247	6	
158	40	
231	314	
308	98	
231	313	
308	97	
231	312	
308	96	
166	251	
173	129	
174	113	
169	214	
156	63	
169	212	
163	287	
174	118	
170	161	
157	53	
165	260	
164	275	
168	223	
167	238	
155	74	
168	221	
163	280	
162	296	
169	210	
163	284	
163	283	
168	280	
177	135	
172	199	
159	80	
236	305	
176	144	
177	133	
172	191	
158	98	
174	168	
231	18	
240	210	
236	301	
231	12	
179	104	
230	42	
177	147	
173	190	
177	146	
168	290	
168	296	
169	280	
178	136	
231	31	
241	216	
177	140	
240	229	
240	224	
175	164	
175	161	
232	19	
241	210	
176	150	
236	310	
178	129	
173	188	
231	24	
178	127	
230	38	
169	275	
232	10	
167	275	
172	173	
230	12	
178	100	
175	139	
171	181	
158	78	
158	79	
176	124	
170	199	
158	77	
157	83	
169	246	
156	96	
175	135	
156	91	
169	244	
174	142	
234	302	
174	140	
156	93	
172	185	
167	285	
177	123	
172	182	
167	283	
178	113	
173	172	
168	273	
171	192	
235	309	
171	191	
159	73	
171	197	
240	202	
169	258	
240	205	
174	150	
169	255	
169	254	
157	90	
234	313	
174	152	
174	151	
243	224	
230	76	
244	211	
243	226	
241	247	
233	39	
235	13	
230	72	
178	160	
242	234	
176	182	
231	55	
244	208	
240	251	
239	309	
179	147	
230	84	
236	10	
235	26	
243	239	
179	162	
233	44	
242	240	
233	48	
234	30	
250	100	
231	67	
245	200	
240	264	
240	263	
232	53	
243	203	
177	159	
178	142	
243	200	
238	308	
169	291	
233	16	
233	17	
177	154	
242	213	
237	314	
232	24	
176	163	
240	237	
232	28	
240	236	
232	29	
173	199	
179	123	
178	138	
168	297	
173	196	
231	38	
179	128	
174	185	
169	286	
178	151	
231	52	
230	68	
242	222	
234	13	
177	160	
241	235	
178	150	
176	179	
175	185	
233	24	
243	209	
240	242	
179	137	
236	42	
232	91	
253	105	
253	104	
236	41	
253	102	
242	278	
246	226	
233	76	
250	139	
240	299	
250	138	
245	239	
240	298	
252	113	
234	65	
247	212	
242	270	
233	79	
245	234	
240	292	
240	296	
238	12	
253	119	
244	263	
244	262	
245	251	
248	213	
234	78	
252	129	
251	135	
238	29	
251	138	
232	95	
232	96	
179	199	
310	308	
251	132	
245	249	
246	231	
231	82	
237	10	
236	27	
231	86	
242	254	
230	92	
234	49	
246	204	
240	278	
233	58	
177	190	
244	228	
231	78	
245	216	
240	275	
245	214	
232	64	
170	7	
178	195	
170	6	
231	97	
178	199	
170	0	
252	104	
236	30	
235	43	
241	274	
233	65	
241	271	
246	219	
237	12	
245	220	
179	176	
254	136	
249	237	
244	294	
250	183	
255	122	
249	230	
236	80	
253	144	
236	81	
235	97	
313	308	
235	94	
313	309	
249	234	
256	108	
251	166	
239	44	
313	302	
253	141	
174	5	
174	6	
251	161	
245	276	
238	52	
174	0	
237	83	
236	98	
237	87	
237	88	
254	140	
236	92	
249	245	
254	142	
252	162	
248	253	
248	252	
175	3	
238	64	
252	160	
251	175	
250	189	
244	273	
250	162	
255	102	
254	116	
249	217	
253	122	
248	228	
236	63	
242	290	
252	134	
238	31	
254	109	
237	46	
239	20	
310	314	
254	126	
236	75	
243	299	
249	229	
244	288	
236	79	
254	127	
243	291	
254	122	
253	138	
244	280	
251	156	
247	241	
173	7	
248	230	
312	302	
246	251	
234	90	
250	168	
255	164	
312	15	
255	169	
248	289	
249	272	
312	11	
257	138	
253	180	
310	31	
162	309	
162	307	
257	134	
239	85	
256	148	
239	83	
312	28	
313	11	
313	15	
163	309	
312	20	
311	36	
312	22	
258	133	
248	292	
163	300	
257	146	
257	141	
178	8	
239	91	
239	94	
162	310	
255	147	
256	131	
237	99	
310	18	
253	165	
253	164	
314	310	
248	260	
252	173	
246	289	
252	179	
253	162	
253	161	
245	298	
246	281	
256	128	
251	185	
238	77	
246	286	
254	169	
255	152	
259	108	
238	94	
259	101	
310	28	
247	284	
258	112	
246	295	
161	303	
252	182	
239	74	
251	197	
161	306	
251	196	
239	73	
313	44	
171	205	
170	218	
313	46	
259	159	
258	165	
311	65	
258	169	
258	167	
160	27	
258	161	
257	176	
171	211	
257	190	
312	64	
162	15	
313	50	
310	87	
160	34	
171	209	
256	198	
314	34	
314	39	
258	170	
256	173	
259	135	
249	295	
258	144	
254	191	
258	145	
311	40	
179	6	
310	51	
179	4	
170	205	
256	180	
257	170	
170	208	
255	199	
312	42	
259	148	
311	59	
311	50	
160	17	
160	15	
314	14	
314	18	
257	165	
163	36	
170	258	
313	86	
171	248	
314	74	
170	257	
174	202	
160	69	
173	215	
169	306	
251	5	
160	60	
171	239	
160	62	
172	227	
173	211	
313	99	
164	30	
313	97	
314	88	
314	87	
175	205	
163	40	
174	218	
163	43	
252	8	
173	227	
161	65	
162	50	
165	12	
160	72	
164	29	
172	234	
173	225	
165	17	
172	239	
314	51	
314	50	
171	221	
312	75	
259	179	
162	23	
312	74	
311	88	
313	62	
313	61	
161	30	
310	98	
314	47	
172	202	
172	201	
167	308	
310	94	
167	306	
162	39	
163	24	
172	221	
171	237	
172	220	
164	11	
258	199	
168	306	
259	187	
312	81	
160	59	
168	309	
168	304	
173	201	
168	302	
250	3	
255	0	
176	229	
182	111	
177	212	
181	126	
165	52	
182	116	
172	276	
172	275	
181	120	
171	280	
170	295	
181	125	
171	284	
164	61	
163	77	
175	233	
168	10	
166	39	
174	247	
166	30	
173	252	
165	43	
166	34	
173	256	
166	31	
177	225	
169	16	
172	287	
180	147	
163	81	
175	246	
168	28	
164	71	
163	86	
162	91	
162	96	
180	142	
180	141	
178	203	
166	45	
314	95	
164	47	
175	216	
170	275	
163	51	
253	0	
253	4	
174	223	
160	88	
161	78	
164	37	
164	38	
174	220	
160	86	
160	87	
173	233	
181	118	
176	219	
164	54	
177	201	
177	207	
164	58	
254	7	
170	283	
163	65	
180	128	
174	234	
173	248	
161	89	
167	15	
180	120	
173	240	
164	49	
160	92	
174	230	
161	80	
160	96	
178	242	
243	301	
183	143	
182	159	
168	56	
181	169	
242	313	
186	109	
176	269	
169	46	
181	167	
176	268	
184	129	
168	54	
175	276	
185	115	
184	120	
185	110	
179	227	
167	61	
183	139	
187	109	
183	152	
187	108	
187	106	
168	69	
177	264	
169	54	
168	60	
259	0	
181	171	
175	287	
185	126	
167	79	
183	149	
184	135	
164	87	
164	84	
169	26	
178	224	
178	223	
177	238	
173	280	
241	302	
181	140	
181	147	
176	247	
180	151	
175	251	
166	58	
241	300	
168	31	
180	154	
183	113	
256	7	
184	103	
184	101	
178	218	
182	146	
165	82	
164	98	
169	37	
241	314	
180	168	
185	108	
176	257	
242	300	
174	278	
257	3	
179	218	
175	261	
179	217	
174	276	
180	164	
183	126	
179	215	
174	274	
183	129	
184	112	
189	110	
241	21	
240	35	
183	182	
189	112	
177	298	
240	33	
188	121	
182	195	
177	296	
246	302	
251	200	
168	91	
186	143	
245	310	
189	105	
184	164	
250	211	
178	297	
240	45	
178	295	
183	193	
240	40	
169	97	
252	203	
251	219	
247	303	
187	142	
187	149	
188	132	
247	308	
169	98	
251	213	
250	229	
250	228	
251	210	
187	141	
247	300	
242	12	
242	13	
179	277	
242	10	
250	225	
242	14	
250	222	
189	119	
182	176	
179	252	
184	150	
188	106	
187	115	
169	65	
182	172	
186	120	
185	136	
176	280	
168	71	
167	85	
176	284	
185	139	
168	76	
175	297	
184	144	
184	143	
183	158	
182	188	
189	103	
178	279	
241	12	
176	299	
168	88	
169	72	
182	186	
187	125	
169	76	
240	20	
182	183	
181	199	
245	308	
250	206	
186	130	
168	81	
176	295	
168	86	
176	293	
184	152	
179	259	
245	302	
189	154	
188	167	
189	157	
254	210	
240	76	
253	223	
251	246	
251	245	
186	185	
244	23	
242	46	
241	59	
249	309	
186	182	
251	240	
250	255	
246	17	
189	164	
246	14	
254	222	
260	112	
242	63	
189	169	
242	64	
250	270	
246	19	
188	173	
252	248	
240	85	
245	27	
244	30	
244	34	
251	258	
260	104	
242	57	
242	55	
260	109	
248	309	
189	131	
253	205	
179	295	
241	44	
179	294	
240	51	
243	15	
243	16	
185	172	
250	231	
250	235	
185	175	
185	174	
241	53	
240	69	
249	303	
254	201	
189	141	
188	156	
185	190	
241	55	
189	144	
187	167	
253	215	
253	212	
187	160	
179	297	
242	38	
243	23	
185	186	
189	195	
242	97	
248	20	
258	206	
253	269	
254	253	
251	289	
262	112	
251	288	
244	67	
258	200	
261	122	
255	239	
242	89	
251	281	
255	237	
243	77	
244	62	
243	78	
244	60	
264	109	
264	108	
259	209	
255	250	
243	91	
247	48	
253	277	
264	100	
258	215	
264	105	
254	264	
263	119	
262	125	
245	61	
251	298	
249	16	
256	234	
261	131	
256	232	
251	291	
243	82	
257	221	
247	16	
255	222	
250	281	
246	29	
252	259	
188	182	
253	248	
246	23	
251	267	
187	191	
256	207	
250	276	
255	214	
256	205	
255	219	
255	234	
255	233	
253	254	
262	109	
188	193	
254	242	
256	219	
256	218	
256	217	
252	260	
244	53	
252	264	
257	200	
244	50	
265	123	
260	182	
266	111	
264	135	
259	236	
262	156	
259	230	
263	143	
184	4	
261	167	
260	195	
248	73	
260	199	
256	283	
246	95	
258	251	
263	156	
263	155	
263	154	
266	118	
249	53	
261	175	
248	67	
267	105	
257	263	
255	264	
255	263	
248	40	
265	102	
259	219	
254	278	
255	267	
260	165	
245	78	
263	125	
247	50	
246	66	
244	88	
262	134	
244	85	
261	149	
263	121	
262	137	
243	96	
262	132	
244	83	
243	97	
255	273	
254	288	
247	65	
266	101	
248	52	
253	299	
253	298	
259	225	
258	232	
249	37	
245	80	
262	144	
253	293	
245	84	
261	155	
244	90	
244	91	
261	152	
262	143	
249	33	
188	9	
267	140	
269	119	
259	279	
264	177	
265	164	
263	186	
172	308	
268	128	
267	135	
257	293	
249	84	
267	139	
268	122	
262	196	
258	280	
267	153	
259	281	
263	194	
269	126	
269	123	
264	182	
267	143	
172	311	
265	148	
248	83	
247	99	
261	192	
186	4	
170	312	
247	93	
186	9	
258	265	
263	163	
267	119	
258	269	
259	252	
268	107	
257	271	
261	185	
258	261	
249	69	
248	92	
187	8	
267	131	
267	130	
249	81	
264	164	
187	0	
187	4	
259	264	
264	162	
258	277	
262	183	
249	75	
171	307	
267	122	
267	128	
257	288	
181	205	
266	196	
266	195	
176	304	
171	19	
269	154	
171	14	
268	160	
269	151	
268	166	
267	196	
172	16	
171	23	
180	220	
172	11	
170	30	
267	187	
268	176	
259	290	
180	208	
266	188	
266	181	
180	205	
174	310	
269	145	
268	152	
268	151	
268	156	
174	26	
182	238	
182	237	
181	242	
173	34	
180	256	
173	31	
181	243	
173	36	
179	307	
180	253	
172	43	
183	212	
170	64	
171	54	
183	217	
269	192	
261	3	
182	244	
175	22	
190	101	
185	202	
171	68	
262	2	
262	7	
173	41	
172	57	
190	103	
170	76	
183	223	
182	239	
170	75	
171	65	
177	311	
260	1	
172	26	
181	221	
269	176	
172	24	
182	208	
268	183	
171	31	
170	47	
173	29	
183	211	
183	210	
174	16	
173	23	
173	21	
174	11	
181	232	
180	242	
171	48	
183	204	
178	305	
260	6	
178	303	
269	184	
183	207	
268	198	
183	206	
268	197	
183	262	
182	277	
174	67	
265	3	
193	105	
193	104	
192	119	
187	210	
186	226	
178	16	
174	65	
181	289	
190	133	
190	138	
186	223	
177	28	
180	295	
173	72	
184	243	
171	97	
184	246	
182	289	
192	128	
187	229	
175	63	
266	3	
193	114	
186	238	
182	281	
173	88	
186	235	
172	97	
185	243	
191	131	
181	291	
178	24	
183	268	
190	141	
177	33	
250	301	
177	32	
175	31	
175	33	
170	93	
263	6	
185	219	
186	202	
182	252	
191	107	
181	266	
171	77	
185	215	
263	1	
190	113	
170	85	
171	75	
184	224	
176	17	
192	106	
183	250	
174	59	
264	7	
182	264	
176	30	
187	209	
264	4	
182	260	
185	223	
180	287	
173	63	
177	17	
177	18	
170	99	
176	21	
172	70	
188	247	
189	235	
179	46	
252	312	
187	259	
253	302	
193	141	
179	49	
191	162	
186	263	
190	177	
191	160	
185	276	
177	69	
252	311	
179	42	
178	56	
177	60	
195	114	
190	173	
177	67	
268	0	
195	112	
193	157	
194	141	
176	91	
194	144	
189	245	
177	81	
197	104	
192	162	
253	314	
192	169	
193	150	
187	267	
269	0	
191	172	
191	171	
269	3	
196	115	
195	122	
190	185	
178	61	
193	128	
183	288	
188	228	
183	285	
174	83	
191	147	
186	248	
174	81	
186	246	
183	280	
182	295	
187	234	
182	293	
186	241	
251	300	
173	96	
251	302	
193	119	
184	269	
266	9	
185	251	
189	207	
188	236	
188	234	
175	84	
188	239	
193	136	
174	94	
188	231	
175	80	
195	108	
178	43	
191	150	
190	166	
195	109	
176	68	
176	65	
184	273	
267	6	
190	163	
267	7	
194	119	
184	279	
178	40	
195	101	
185	261	
189	274	
251	23	
193	188	
199	119	
189	279	
195	161	
195	160	
251	28	
189	276	
198	123	
188	281	
250	38	
250	36	
251	20	
193	183	
187	291	
197	130	
179	83	
256	305	
250	30	
187	293	
261	208	
187	292	
260	215	
196	143	
178	95	
252	21	
189	283	
198	132	
188	291	
199	121	
251	31	
198	135	
196	155	
197	146	
197	143	
195	169	
196	152	
254	313	
194	152	
194	151	
189	250	
188	266	
260	200	
198	101	
196	125	
178	74	
196	129	
192	171	
191	187	
197	111	
176	99	
178	73	
251	15	
188	277	
260	210	
255	310	
199	106	
251	17	
199	100	
250	27	
198	113	
195	149	
197	123	
191	198	
187	283	
195	144	
195	142	
195	146	
252	53	
252	54	
252	52	
252	57	
252	55	
264	211	
255	18	
198	165	
251	60	
199	153	
264	212	
251	64	
259	313	
262	234	
250	73	
262	237	
255	12	
254	28	
195	199	
197	171	
254	21	
260	271	
199	168	
251	79	
271	100	
252	67	
264	222	
263	238	
250	88	
250	89	
264	220	
263	236	
264	226	
252	60	
199	165	
264	224	
262	244	
250	85	
265	208	
261	258	
254	32	
252	31	
189	296	
195	182	
198	144	
198	142	
263	209	
198	149	
198	148	
199	131	
189	290	
257	314	
261	228	
196	168	
260	237	
196	161	
195	178	
264	207	
251	57	
252	46	
252	45	
260	252	
198	156	
198	154	
262	229	
250	65	
251	54	
264	202	
263	217	
261	237	
198	151	
254	17	
258	311	
260	248	
262	220	
196	173	
195	189	
253	85	
261	294	
270	148	
270	147	
264	255	
256	46	
199	195	
264	254	
256	47	
256	44	
264	252	
256	45	
264	259	
270	140	
256	48	
257	32	
191	7	
272	117	
255	52	
262	271	
261	286	
261	285	
254	61	
268	200	
262	274	
271	129	
253	92	
265	258	
270	156	
258	32	
253	96	
259	22	
270	159	
258	36	
269	207	
192	0	
257	45	
270	152	
256	59	
264	267	
268	215	
273	111	
255	64	
272	127	
274	101	
273	116	
263	276	
268	216	
256	52	
258	28	
258	29	
268	211	
254	75	
267	224	
199	179	
199	178	
271	111	
266	212	
260	286	
199	173	
199	172	
199	170	
256	28	
264	236	
252	72	
263	240	
255	33	
255	31	
256	20	
263	244	
271	104	
270	118	
265	219	
261	267	
254	42	
252	87	
260	293	
258	10	
257	26	
260	299	
253	74	
261	282	
252	89	
251	94	
256	33	
263	257	
199	181	
252	80	
257	22	
254	59	
198	191	
264	240	
190	5	
263	255	
256	32	
255	46	
261	274	
267	204	
76	169	
78	141	
77	158	
200	135	
78	146	
120	4	
78	149	
129	184	
129	183	
120	8	
75	182	
75	183	
128	193	
128	192	
76	170	
75	186	
75	188	
75	189	
200	128	
202	101	
202	100	
77	163	
59	93	
201	131	
201	130	
121	1	
203	107	
78	158	
129	196	
121	6	
75	191	
76	180	
59	89	
201	121	
77	171	
76	188	
129	169	
68	282	
200	111	
73	183	
128	179	
129	163	
129	161	
69	277	
79	118	
74	178	
76	151	
200	108	
129	178	
77	142	
68	291	
78	134	
129	173	
69	283	
79	126	
75	170	
75	171	
201	108	
79	129	
128	180	
200	116	
76	168	
78	181	
206	101	
78	185	
201	163	
203	136	
201	156	
205	126	
201	173	
201	172	
79	185	
204	133	
204	137	
203	147	
124	3	
124	0	
201	166	
202	156	
124	4	
78	161	
122	3	
200	150	
79	158	
76	194	
77	181	
70	0	
77	188	
200	168	
123	1	
200	167	
203	129	
203	127	
79	167	
205	100	
202	137	
203	124	
72	8	
203	178	
202	185	
202	186	
128	5	
207	144	
112	311	
205	164	
205	163	
206	150	
207	135	
112	309	
208	125	
110	306	
206	122	
110	305	
79	195	
204	147	
205	135	
207	109	
203	158	
201	177	
203	150	
111	301	
201	190	
201	197	
204	157	
73	6	
110	312	
205	143	
204	159	
203	169	
203	168	
126	3	
203	167	
202	174	
202	172	
203	162	
208	101	
207	177	
206	183	
114	313	
209	142	
75	7	
207	183	
208	170	
61	313	
121	201	
110	29	
111	14	
111	19	
120	210	
111	18	
208	165	
110	25	
207	151	
129	3	
205	175	
209	124	
204	183	
113	306	
205	171	
205	170	
77	7	
209	125	
112	314	
113	303	
208	135	
113	301	
207	160	
60	303	
204	194	
205	181	
205	180	
204	196	
208	143	
129	8	
207	156	
64	308	
110	63	
122	229	
110	61	
121	237	
114	11	
79	3	
209	187	
120	243	
120	242	
118	307	
64	312	
118	309	
115	11	
110	71	
115	16	
123	222	
65	308	
70	207	
113	34	
113	39	
122	231	
124	209	
78	1	
119	301	
201	3	
110	65	
112	40	
209	196	
124	203	
119	304	
65	311	
117	303	
122	206	
110	42	
61	13	
208	182	
117	306	
60	28	
208	180	
116	312	
116	310	
60	22	
209	167	
111	24	
62	313	
120	222	
111	29	
207	189	
111	22	
209	162	
200	0	
208	193	
200	4	
118	300	
113	13	
120	237	
111	38	
120	231	
209	171	
111	30	
122	268	
122	267	
114	59	
116	32	
124	240	
115	49	
122	261	
71	226	
131	114	
114	56	
132	103	
131	118	
127	203	
130	125	
112	76	
73	201	
130	122	
130	129	
113	64	
120	288	
113	65	
131	111	
120	287	
117	19	
125	227	
124	237	
116	27	
111	86	
117	11	
123	265	
205	9	
127	211	
60	35	
127	210	
128	200	
115	50	
127	214	
60	30	
117	29	
72	229	
118	10	
117	27	
131	124	
114	60	
73	217	
74	206	
124	242	
120	292	
117	25	
124	247	
117	22	
125	231	
123	231	
115	22	
123	230	
61	59	
62	42	
115	27	
110	86	
71	200	
66	301	
62	40	
110	84	
70	219	
130	108	
125	209	
124	218	
111	69	
125	208	
130	106	
113	40	
202	7	
112	57	
202	8	
64	11	
64	10	
63	24	
111	66	
62	38	
124	213	
202	0	
110	92	
115	34	
110	90	
122	255	
70	225	
61	48	
61	47	
123	245	
115	38	
126	205	
61	41	
60	57	
121	263	
122	254	
122	253	
115	30	
203	0	
120	273	
112	68	
134	121	
128	238	
123	297	
115	88	
116	72	
62	68	
70	278	
71	263	
128	235	
76	208	
123	298	
116	75	
72	252	
115	80	
61	72	
65	27	
60	86	
126	254	
119	30	
131	152	
130	167	
130	166	
65	22	
60	81	
73	248	
65	21	
64	37	
114	91	
130	161	
125	262	
207	4	
134	117	
117	51	
74	239	
134	116	
116	68	
64	30	
80	124	
118	42	
117	58	
134	119	
125	263	
133	148	
76	213	
62	57	
63	41	
81	113	
116	87	
71	276	
116	85	
117	70	
129	234	
72	263	
132	156	
132	155	
119	49	
73	250	
127	254	
82	108	
116	80	
60	74	
119	41	
208	8	
60	71	
118	55	
73	259	
126	269	
119	45	
136	107	
208	9	
80	130	
70	293	
70	294	
80	134	
80	135	
75	236	
63	34	
118	53	
125	276	
81	120	
80	137	
129	203	
134	101	
72	230	
132	123	
62	82	
132	122	
61	97	
122	281	
113	88	
66	37	
132	126	
115	63	
114	76	
119	17	
119	18	
66	32	
121	291	
66	31	
126	231	
125	246	
113	81	
121	295	
113	85	
116	47	
64	55	
74	215	
74	216	
123	269	
130	143	
112	94	
130	142	
112	95	
116	49	
75	205	
70	266	
75	207	
80	106	
115	78	
67	19	
122	299	
129	214	
133	128	
67	14	
122	294	
119	26	
114	85	
127	233	
113	99	
128	223	
123	282	
65	39	
123	280	
66	21	
65	37	
126	243	
126	242	
113	94	
118	35	
73	239	
74	223	
64	46	
116	59	
117	40	
75	212	
74	228	
63	58	
70	273	
80	115	
75	216	
80	116	
81	145	
68	32	
68	30	
82	136	
77	238	
83	121	
138	113	
132	188	
133	171	
67	43	
82	139	
83	124	
66	58	
133	177	
66	57	
84	110	
78	229	
73	289	
136	137	
126	297	
137	120	
79	216	
85	102	
80	161	
131	199	
75	263	
85	104	
135	146	
117	97	
200	206	
135	145	
117	96	
118	85	
69	14	
131	191	
126	291	
200	207	
68	26	
68	25	
82	142	
77	243	
62	98	
82	144	
200	223	
78	231	
78	234	
132	198	
127	298	
67	31	
134	172	
129	271	
74	286	
128	280	
137	136	
84	129	
85	113	
65	53	
85	114	
85	116	
80	175	
64	66	
86	100	
118	93	
76	261	
135	155	
85	118	
81	163	
68	18	
86	106	
200	219	
63	75	
71	284	
76	225	
69	42	
68	58	
69	41	
129	241	
81	126	
125	290	
72	272	
67	68	
137	106	
119	57	
132	165	
72	277	
83	102	
73	262	
128	256	
73	264	
74	253	
126	279	
65	86	
136	118	
132	160	
64	99	
135	123	
117	73	
76	230	
69	37	
64	96	
81	130	
136	111	
130	186	
80	147	
135	126	
75	249	
76	233	
69	31	
134	152	
128	268	
129	252	
72	281	
68	45	
117	91	
68	42	
117	92	
137	117	
128	267	
134	150	
118	78	
66	64	
118	79	
131	189	
127	274	
65	74	
127	272	
75	254	
125	293	
76	240	
125	292	
80	156	
118	74	
130	197	
80	159	
69	23	
117	89	
64	81	
87	116	
204	208	
200	251	
68	77	
200	257	
79	251	
203	216	
138	155	
139	146	
204	206	
84	155	
67	83	
66	99	
204	203	
202	226	
66	95	
138	153	
86	130	
76	290	
203	212	
81	195	
137	162	
136	178	
202	220	
77	286	
68	67	
88	113	
200	268	
83	174	
88	115	
89	101	
78	277	
68	62	
203	228	
89	103	
89	104	
83	179	
203	226	
84	164	
210	100	
200	260	
79	267	
67	72	
67	70	
85	153	
202	236	
137	179	
138	162	
202	238	
136	185	
65	92	
135	198	
87	131	
69	48	
200	258	
87	132	
77	294	
82	194	
81	168	
82	153	
135	175	
82	156	
77	258	
83	142	
78	243	
128	296	
78	245	
83	144	
128	294	
68	92	
74	291	
138	139	
79	233	
84	133	
79	236	
136	159	
85	121	
74	299	
133	190	
85	125	
137	145	
86	110	
86	111	
200	227	
85	129	
80	189	
119	91	
81	174	
81	177	
139	138	
87	105	
82	165	
87	107	
200	245	
135	184	
200	243	
68	84	
203	207	
83	155	
83	157	
203	204	
78	259	
129	294	
203	209	
137	154	
84	148	
67	90	
201	229	
137	157	
80	195	
138	140	
201	222	
135	177	
202	211	
81	188	
205	238	
88	146	
206	226	
88	148	
204	246	
139	185	
84	195	
139	183	
89	138	
84	197	
200	290	
203	252	
85	188	
130	7	
87	160	
207	203	
211	116	
87	164	
207	200	
138	190	
202	264	
69	99	
212	103	
210	147	
211	130	
201	296	
89	142	
201	294	
205	240	
210	144	
131	8	
85	197	
213	104	
85	198	
208	204	
202	278	
86	188	
211	127	
88	160	
212	116	
207	217	
206	200	
83	180	
210	114	
200	273	
206	204	
205	219	
211	101	
88	127	
210	116	
200	276	
139	163	
204	223	
138	178	
139	162	
139	161	
84	175	
89	117	
210	110	
85	167	
203	236	
202	240	
201	254	
136	193	
87	145	
87	146	
206	210	
205	226	
88	138	
210	127	
139	175	
83	199	
79	286	
85	170	
89	128	
204	238	
200	281	
84	188	
210	120	
205	221	
203	243	
86	160	
86	163	
204	230	
86	168	
88	140	
211	164	
216	103	
215	119	
212	153	
212	152	
214	129	
215	112	
214	127	
205	278	
209	223	
208	238	
204	285	
208	231	
88	190	
211	173	
207	264	
212	161	
210	183	
216	113	
211	171	
210	187	
205	286	
214	135	
214	134	
207	256	
213	143	
208	244	
210	159	
88	168	
89	156	
204	267	
205	256	
205	253	
208	215	
213	113	
203	273	
213	118	
214	102	
209	203	
203	278	
87	182	
213	117	
211	137	
202	281	
88	173	
208	211	
207	227	
80	7	
210	169	
89	161	
80	1	
206	258	
215	102	
209	218	
206	250	
210	164	
214	110	
213	124	
214	112	
212	135	
88	181	
212	132	
88	183	
203	282	
207	238	
212	136	
207	294	
122	301	
207	292	
215	155	
216	146	
121	312	
219	106	
214	164	
219	104	
215	154	
214	169	
208	272	
82	0	
209	263	
218	118	
138	9	
122	311	
122	310	
138	1	
215	166	
217	140	
138	0	
122	308	
218	124	
209	273	
206	288	
89	193	
89	195	
89	197	
211	183	
205	298	
214	142	
209	243	
215	132	
210	191	
207	269	
217	108	
135	1	
214	140	
135	4	
212	169	
207	285	
212	183	
215	144	
136	4	
215	142	
209	259	
212	177	
208	261	
136	2	
213	166	
218	106	
136	0	
218	105	
208	265	
120	21	
86	7	
86	4	
217	179	
71	306	
71	308	
130	201	
125	302	
125	301	
215	198	
219	146	
218	170	
218	174	
72	300	
217	183	
216	199	
72	304	
130	211	
121	18	
131	201	
120	26	
121	15	
219	155	
139	7	
139	4	
217	153	
123	312	
123	311	
215	179	
216	162	
209	288	
209	287	
215	173	
213	196	
213	195	
217	166	
70	301	
70	306	
216	175	
217	160	
124	308	
215	185	
218	147	
209	290	
124	301	
120	62	
121	53	
129	302	
129	301	
124	11	
131	235	
130	244	
123	20	
130	249	
131	232	
130	248	
74	312	
74	314	
219	185	
130	242	
130	241	
125	17	
129	313	
131	247	
125	13	
131	241	
122	48	
122	46	
123	37	
131	243	
121	56	
129	305	
88	3	
75	312	
129	308	
71	17	
217	192	
127	302	
70	24	
130	224	
122	15	
126	312	
73	305	
130	226	
219	164	
218	179	
218	178	
128	304	
133	204	
70	19	
132	215	
128	300	
218	190	
132	212	
122	27	
219	176	
120	49	
130	231	
121	36	
133	258	
121	92	
121	93	
73	10	
134	246	
81	226	
72	23	
82	216	
71	35	
137	204	
214	7	
82	218	
70	49	
125	43	
83	204	
70	46	
141	114	
70	45	
141	113	
214	1	
136	212	
132	262	
142	101	
137	202	
127	15	
80	245	
127	17	
134	252	
81	236	
134	257	
126	47	
125	50	
71	24	
71	23	
215	2	
126	40	
70	37	
125	55	
143	102	
123	76	
70	34	
136	225	
141	122	
140	138	
131	282	
84	204	
141	129	
84	205	
79	307	
141	127	
136	228	
136	227	
124	63	
137	211	
131	286	
80	252	
128	13	
127	28	
73	34	
80	218	
76	303	
72	49	
133	233	
125	26	
72	48	
126	15	
76	305	
126	16	
81	205	
121	72	
133	238	
81	206	
76	308	
71	59	
132	242	
132	241	
72	40	
124	37	
71	53	
120	81	
70	67	
135	208	
130	267	
135	207	
122	58	
131	256	
74	18	
135	200	
212	0	
134	214	
122	55	
135	205	
125	38	
126	26	
121	85	
77	301	
121	83	
82	203	
71	47	
72	30	
124	45	
133	240	
140	119	
71	40	
136	203	
131	261	
130	276	
141	107	
132	251	
131	267	
70	50	
123	57	
135	212	
134	228	
126	18	
122	66	
213	1	
73	16	
135	214	
80	236	
81	267	
126	75	
133	299	
218	0	
73	52	
145	112	
144	128	
126	79	
72	67	
144	127	
140	170	
125	85	
124	99	
83	244	
142	147	
84	230	
76	18	
72	61	
133	297	
139	221	
126	71	
83	248	
76	16	
126	72	
76	12	
202	301	
128	49	
124	92	
75	27	
143	130	
138	231	
133	290	
129	39	
70	83	
142	143	
85	225	
140	166	
135	267	
217	9	
70	80	
135	264	
136	254	
91	114	
91	117	
135	280	
87	203	
91	119	
135	285	
127	77	
135	284	
145	124	
82	267	
140	181	
126	81	
143	142	
139	233	
143	147	
70	79	
84	245	
202	314	
202	313	
146	108	
80	290	
71	60	
75	16	
84	249	
75	15	
80	293	
75	14	
74	28	
140	177	
81	280	
75	11	
74	27	
141	160	
85	239	
218	2	
140	174	
146	106	
81	284	
218	8	
92	110	
218	6	
126	56	
144	102	
134	262	
125	69	
82	231	
74	60	
140	151	
127	43	
200	312	
140	150	
135	251	
81	249	
137	227	
124	77	
142	125	
83	223	
125	67	
77	24	
216	2	
125	65	
83	226	
125	66	
137	221	
84	212	
76	36	
128	26	
128	27	
71	92	
137	225	
129	15	
90	103	
85	204	
80	264	
85	206	
74	58	
135	242	
135	248	
90	108	
85	209	
80	269	
200	307	
81	256	
145	103	
82	243	
134	278	
143	121	
77	15	
125	73	
77	13	
71	87	
133	285	
83	237	
76	27	
84	222	
132	291	
83	239	
141	146	
129	24	
124	83	
142	130	
76	24	
201	307	
124	80	
137	236	
90	110	
75	35	
129	26	
137	233	
75	34	
80	273	
80	277	
136	244	
86	203	
135	259	
80	279	
201	303	
81	264	
91	105	
87	237	
145	151	
92	137	
88	222	
93	121	
211	202	
206	303	
146	141	
83	283	
206	302	
210	216	
89	210	
206	300	
138	279	
88	227	
149	102	
94	112	
88	229	
149	100	
84	273	
94	113	
139	267	
144	165	
144	163	
77	43	
76	59	
84	278	
129	79	
147	125	
77	40	
143	173	
143	172	
142	187	
85	269	
146	135	
141	194	
141	193	
91	156	
75	63	
146	139	
92	142	
79	18	
142	180	
128	89	
83	291	
73	88	
139	279	
83	292	
202	15	
73	86	
93	136	
88	237	
72	99	
139	274	
73	82	
138	289	
83	298	
77	38	
73	81	
72	97	
148	128	
144	170	
143	186	
202	12	
144	176	
202	13	
201	29	
89	228	
72	92	
95	112	
85	272	
76	48	
202	11	
77	31	
142	195	
86	260	
143	184	
138	285	
143	183	
91	162	
137	299	
142	198	
96	104	
76	40	
75	56	
96	106	
206	306	
87	252	
210	219	
129	85	
92	152	
91	168	
74	65	
211	208	
129	84	
137	291	
92	155	
126	98	
93	100	
83	260	
127	88	
145	135	
92	117	
1	113	
88	203	
78	58	
93	103	
138	257	
0	124	
78	53	
126	95	
77	68	
126	96	
139	242	
85	240	
146	119	
90	141	
137	262	
90	142	
138	253	
85	244	
143	150	
138	251	
138	250	
86	231	
81	291	
90	148	
145	126	
91	136	
92	121	
81	297	
136	274	
92	124	
144	157	
88	210	
74	94	
83	270	
141	190	
79	33	
210	206	
88	214	
83	274	
89	201	
139	250	
93	118	
83	278	
77	58	
88	219	
200	17	
94	103	
77	57	
0	111	
0	110	
85	250	
147	116	
148	100	
142	174	
147	115	
141	189	
85	253	
146	129	
129	66	
142	178	
85	257	
90	157	
146	124	
91	143	
146	122	
128	73	
145	137	
141	180	
146	121	
141	187	
147	111	
74	88	
91	147	
82	292	
146	182	
87	279	
1	138	
89	250	
202	48	
147	170	
89	252	
1	135	
211	244	
203	35	
78	79	
204	20	
0	149	
202	41	
201	58	
95	140	
0	146	
95	142	
210	254	
202	45	
210	251	
95	146	
96	130	
148	153	
147	168	
77	82	
76	98	
76	95	
76	94	
96	139	
146	177	
91	199	
147	160	
212	220	
211	236	
88	270	
3	101	
93	170	
88	272	
97	129	
212	224	
200	60	
2	114	
210	269	
220	108	
215	208	
202	58	
88	277	
79	56	
220	106	
211	250	
147	181	
146	197	
147	180	
146	195	
1	123	
0	138	
149	158	
1	121	
79	50	
210	260	
0	136	
95	153	
202	56	
202	54	
149	159	
148	166	
147	179	
205	16	
96	146	
76	85	
92	191	
201	63	
92	192	
212	234	
92	193	
97	136	
147	177	
148	161	
87	298	
93	182	
200	71	
93	140	
210	236	
202	27	
93	142	
87	259	
144	189	
88	244	
79	89	
203	10	
210	239	
2	140	
94	131	
93	147	
211	221	
203	14	
144	184	
149	124	
202	20	
201	33	
143	197	
0	167	
94	136	
201	39	
85	281	
149	126	
148	133	
90	184	
95	126	
200	41	
138	290	
90	186	
143	196	
139	281	
86	272	
201	31	
200	48	
4	114	
90	189	
3	129	
211	217	
96	117	
92	160	
91	176	
207	301	
3	126	
86	278	
211	215	
3	124	
129	97	
207	305	
3	122	
147	143	
88	250	
212	203	
207	304	
147	142	
2	136	
202	39	
88	254	
202	36	
79	78	
93	155	
93	156	
89	242	
203	24	
1	144	
144	195	
144	194	
94	146	
79	70	
85	291	
144	198	
210	241	
210	240	
85	295	
90	194	
77	93	
201	43	
77	91	
201	40	
3	118	
96	126	
87	270	
86	286	
146	168	
3	116	
203	17	
88	260	
97	117	
98	102	
87	278	
217	211	
208	18	
98	148	
98	149	
94	192	
89	293	
217	215	
94	195	
205	50	
99	139	
94	198	
210	294	
207	26	
6	114	
5	128	
0	187	
216	221	
208	12	
96	173	
95	189	
149	183	
148	198	
206	32	
4	139	
205	49	
149	187	
215	231	
206	38	
4	136	
214	245	
201	95	
4	135	
213	251	
217	207	
212	266	
97	169	
212	264	
3	145	
140	2	
140	3	
98	158	
221	137	
203	88	
222	120	
3	140	
203	86	
209	12	
203	87	
95	191	
222	123	
221	139	
2	151	
79	94	
220	143	
96	180	
202	95	
5	119	
1	162	
5	118	
95	199	
203	82	
6	100	
0	174	
97	171	
218	209	
97	172	
0	170	
149	198	
206	49	
207	34	
4	124	
149	195	
214	255	
4	120	
98	164	
223	103	
3	175	
211	264	
98	126	
8	114	
216	203	
210	278	
220	117	
99	113	
211	268	
204	43	
203	59	
147	191	
94	174	
221	106	
89	277	
215	211	
1	196	
206	19	
215	217	
96	150	
5	148	
96	152	
96	154	
213	235	
206	10	
213	234	
5	144	
96	156	
214	225	
214	224	
201	73	
4	155	
213	233	
8	108	
205	25	
212	247	
8	105	
204	51	
99	124	
222	102	
211	277	
215	224	
89	289	
94	188	
207	16	
206	29	
201	89	
221	111	
203	62	
96	160	
215	227	
216	210	
96	162	
95	178	
0	196	
6	121	
213	248	
0	192	
215	220	
4	148	
214	233	
200	91	
4	143	
212	253	
213	242	
200	92	
99	130	
3	197	
144	5	
99	176	
221	168	
3	194	
216	268	
205	93	
7	149	
144	9	
222	157	
222	156	
8	131	
217	256	
208	55	
208	52	
144	1	
214	285	
6	150	
220	174	
207	66	
220	172	
4	179	
225	112	
205	84	
217	249	
206	74	
8	129	
209	55	
217	263	
7	139	
145	3	
8	120	
226	114	
221	172	
215	289	
221	171	
208	64	
6	148	
7	130	
220	180	
215	281	
207	75	
4	169	
206	81	
224	130	
223	143	
206	85	
219	235	
207	70	
214	291	
9	144	
99	153	
98	169	
204	83	
204	84	
9	142	
91	4	
212	290	
221	145	
209	23	
213	280	
209	28	
209	29	
204	85	
216	241	
216	245	
6	179	
96	193	
203	93	
142	9	
96	195	
215	258	
219	205	
6	174	
96	199	
215	253	
6	170	
97	188	
213	273	
212	288	
213	272	
9	138	
213	270	
223	117	
213	277	
206	52	
205	68	
4	195	
219	200	
90	9	
222	140	
218	231	
222	144	
205	81	
215	268	
207	59	
208	43	
221	150	
221	155	
143	4	
225	100	
215	260	
214	275	
97	194	
213	289	
97	196	
208	40	
5	174	
218	225	
205	75	
4	187	
4	186	
99	170	
212	297	
223	128	
4	184	
206	64	
219	210	
9	166	
227	137	
218	281	
9	163	
227	136	
8	178	
9	162	
223	186	
223	185	
9	160	
132	308	
223	183	
218	284	
208	98	
131	314	
209	85	
217	292	
223	178	
218	279	
92	7	
92	2	
219	265	
228	134	
218	292	
227	147	
229	122	
9	150	
228	136	
132	310	
227	141	
148	6	
209	92	
7	173	
227	143	
7	170	
225	165	
148	4	
148	5	
229	112	
224	178	
5	190	
9	188	
99	198	
9	186	
217	275	
228	104	
208	76	
216	285	
221	181	
209	65	
216	288	
209	63	
225	137	
225	136	
215	295	
223	155	
218	256	
219	246	
206	97	
217	287	
217	286	
227	125	
217	285	
223	174	
8	187	
218	274	
217	289	
131	302	
131	301	
221	198	
7	194	
217	281	
207	95	
7	191	
224	158	
219	259	
226	130	
223	168	
146	0	
219	251	
219	256	
219	255	
2	3	
96	6	
229	152	
96	5	
96	3	
227	173	
96	2	
227	172	
227	179	
135	306	
225	197	
226	186	
225	191	
81	312	
229	160	
82	300	
130	33	
226	194	
140	217	
136	301	
229	159	
140	214	
300	100	
134	300	
224	190	
149	7	
227	157	
225	177	
226	165	
149	0	
219	286	
224	184	
223	198	
219	283	
218	299	
3	2	
225	173	
228	156	
130	15	
80	306	
134	312	
229	142	
97	1	
221	4	
131	54	
144	207	
131	57	
229	199	
143	213	
142	229	
141	234	
301	129	
301	124	
301	125	
134	12	
132	34	
85	305	
301	122	
140	240	
133	22	
133	23	
300	134	
140	244	
304	109	
143	227	
150	101	
144	215	
142	237	
304	100	
143	220	
303	117	
144	210	
302	127	
303	113	
302	129	
143	223	
130	75	
302	125	
4	8	
301	136	
301	138	
140	254	
301	131	
90	215	
91	200	
132	49	
300	145	
228	188	
131	36	
229	176	
137	306	
227	195	
142	209	
130	41	
137	307	
83	306	
300	118	
80	22	
131	27	
229	167	
140	222	
220	9	
143	208	
130	58	
138	307	
131	40	
143	205	
229	187	
138	301	
142	215	
142	214	
302	106	
138	303	
301	119	
301	113	
141	227	
133	18	
301	111	
300	128	
91	227	
87	314	
306	110	
150	134	
138	11	
93	203	
83	10	
93	205	
131	94	
303	147	
147	204	
81	34	
147	203	
146	219	
133	69	
81	31	
302	152	
224	7	
90	244	
134	57	
137	19	
80	42	
306	105	
80	41	
150	125	
91	232	
140	284	
151	115	
146	216	
133	64	
150	128	
144	258	
150	140	
91	239	
8	4	
88	311	
300	190	
210	305	
300	191	
150	143	
82	17	
92	229	
88	314	
93	214	
89	300	
304	144	
89	301	
152	119	
143	263	
135	56	
82	12	
82	11	
89	303	
144	253	
304	140	
135	59	
304	141	
143	267	
304	142	
303	152	
302	168	
80	37	
81	20	
143	262	
147	218	
135	54	
90	254	
90	255	
141	281	
306	117	
132	87	
137	28	
91	243	
133	72	
91	244	
147	210	
92	230	
306	113	
305	129	
300	189	
304	119	
305	104	
300	163	
144	222	
131	74	
86	309	
84	21	
140	270	
83	34	
82	49	
0	203	
0	202	
143	231	
130	81	
135	23	
0	200	
143	237	
131	70	
130	86	
141	257	
142	241	
134	31	
130	80	
302	131	
301	148	
90	223	
150	104	
91	210	
84	19	
141	253	
91	212	
86	313	
84	17	
150	107	
140	267	
136	27	
92	200	
83	29	
131	87	
305	110	
145	221	
87	308	
304	128	
92	209	
303	138	
135	33	
135	34	
82	34	
130	99	
130	96	
151	108	
134	44	
81	44	
143	240	
142	254	
80	55	
135	30	
90	234	
80	54	
80	53	
132	68	
301	154	
87	310	
150	174	
155	114	
145	272	
306	155	
1	214	
150	178	
92	259	
228	6	
1	213	
155	117	
150	176	
93	247	
304	176	
153	138	
309	118	
154	120	
144	287	
154	127	
94	235	
308	129	
144	286	
94	238	
94	239	
82	62	
139	37	
135	80	
95	225	
309	112	
86	15	
307	137	
81	73	
308	122	
307	138	
96	213	
86	12	
308	124	
151	155	
91	274	
85	27	
91	275	
211	314	
145	269	
139	30	
92	261	
147	244	
80	82	
306	145	
306	147	
146	257	
97	206	
150	184	
138	62	
92	268	
155	123	
84	32	
0	218	
155	129	
83	46	
138	63	
306	161	
305	178	
144	293	
304	188	
213	309	
153	148	
144	292	
0	212	
154	137	
155	121	
90	290	
95	232	
90	294	
304	180	
81	64	
308	132	
307	148	
136	82	
81	60	
212	311	
138	58	
96	226	
151	165	
138	59	
147	255	
80	70	
151	168	
307	142	
84	68	
1	239	
85	51	
92	236	
151	140	
137	48	
93	222	
304	159	
1	233	
226	3	
143	275	
135	66	
143	274	
304	157	
137	40	
83	70	
144	262	
82	85	
95	201	
142	284	
95	202	
82	83	
81	99	
308	104	
143	273	
82	80	
134	78	
95	207	
147	227	
307	118	
303	161	
133	84	
2	218	
3	201	
301	182	
2	216	
142	280	
139	14	
2	215	
146	236	
141	295	
139	11	
85	43	
137	55	
305	157	
138	40	
84	55	
137	59	
150	167	
92	248	
155	107	
138	44	
137	57	
83	67	
309	106	
154	111	
305	152	
304	168	
155	100	
82	77	
137	52	
303	178	
154	114	
309	104	
154	113	
90	271	
82	73	
94	229	
152	134	
86	27	
95	216	
153	122	
81	83	
302	187	
135	74	
301	197	
211	304	
134	80	
91	265	
145	258	
147	232	
152	131	
84	49	
306	135	
139	22	
92	253	
85	32	
151	145	
306	137	
93	283	
2	245	
99	210	
89	29	
93	286	
307	183	
139	82	
89	26	
221	205	
2	240	
94	274	
215	312	
155	151	
0	269	
99	217	
0	268	
99	218	
306	190	
220	215	
83	92	
220	212	
158	115	
88	30	
210	24	
96	253	
158	113	
159	102	
308	167	
149	261	
97	242	
152	183	
97	243	
3	226	
146	299	
151	198	
139	73	
138	89	
307	179	
86	52	
158	112	
148	270	
157	125	
152	184	
156	154	
93	294	
220	229	
98	236	
89	19	
155	168	
89	18	
221	211	
216	312	
99	222	
222	201	
89	15	
221	216	
83	89	
0	259	
220	221	
154	177	
212	11	
95	272	
1	240	
94	289	
0	255	
95	274	
82	99	
309	168	
95	275	
87	39	
83	82	
0	253	
83	81	
82	97	
96	261	
88	21	
149	271	
4	207	
86	48	
159	114	
210	39	
309	162	
211	24	
309	163	
4	200	
152	194	
308	172	
147	294	
85	57	
148	282	
157	137	
152	196	
151	180	
97	218	
3	250	
155	135	
150	193	
156	125	
2	262	
156	123	
146	283	
98	208	
94	251	
7	202	
6	218	
155	138	
138	75	
214	306	
137	80	
136	97	
136	94	
305	184	
0	289	
148	259	
155	132	
150	191	
0	286	
88	55	
305	180	
95	246	
4	239	
88	51	
0	281	
96	232	
149	241	
136	93	
148	256	
308	145	
136	91	
97	221	
156	117	
307	156	
97	223	
156	115	
151	174	
91	299	
3	245	
157	106	
92	284	
86	73	
306	167	
157	105	
306	168	
152	163	
139	55	
306	169	
3	242	
151	178	
156	132	
97	229	
146	291	
307	171	
85	82	
98	217	
151	194	
138	88	
84	95	
306	184	
154	156	
305	193	
137	92	
84	92	
1	263	
309	146	
215	304	
1	260	
94	269	
220	202	
215	302	
148	265	
88	42	
308	159	
210	14	
96	243	
210	19	
158	108	
158	106	
97	231	
3	238	
92	291	
4	221	
86	65	
156	127	
308	152	
156	126	
147	270	
97	235	
147	277	
307	162	
2	248	
152	174	
86	60	
85	76	
3	274	
2	286	
7	224	
156	188	
6	236	
159	149	
1	294	
213	35	
6	234	
213	32	
155	196	
97	280	
88	74	
301	5	
88	73	
309	194	
301	8	
222	228	
97	287	
222	227	
218	312	
4	253	
3	269	
218	310	
8	208	
3	266	
3	265	
222	242	
213	49	
156	198	
221	257	
214	31	
8	202	
3	261	
2	276	
2	275	
158	170	
214	38	
99	268	
89	59	
7	214	
6	228	
2	271	
1	287	
230	105	
220	264	
89	53	
224	215	
5	236	
224	214	
302	0	
224	212	
219	313	
220	262	
4	248	
97	297	
158	162	
97	299	
87	71	
214	28	
3	257	
158	160	
215	19	
98	288	
8	237	
4	280	
9	220	
220	239	
221	222	
217	313	
217	311	
99	237	
154	189	
155	171	
220	237	
221	220	
89	83	
149	281	
154	180	
88	96	
96	278	
4	279	
153	199	
97	265	
9	217	
97	266	
157	144	
97	267	
139	96	
148	294	
3	287	
148	292	
139	99	
98	255	
213	28	
214	15	
157	163	
2	295	
7	236	
99	247	
222	221	
157	161	
89	79	
154	198	
212	34	
6	247	
96	282	
95	298	
220	245	
223	209	
158	149	
218	309	
300	9	
87	99	
309	189	
97	272	
87	98	
159	136	
9	208	
5	251	
218	302	
210	51	
223	200	
9	205	
4	264	
223	204	
8	218	
300	6	
300	4	
232	115	
227	215	
228	203	
232	117	
8	252	
231	123	
7	267	
231	122	
231	120	
7	264	
214	62	
231	126	
7	262	
231	125	
213	76	
218	18	
225	231	
5	289	
220	295	
6	271	
225	234	
220	293	
212	84	
224	240	
150	6	
9	238	
4	297	
223	253	
9	236	
150	9	
224	243	
215	49	
9	234	
159	182	
223	270	
222	285	
9	231	
222	283	
306	1	
233	113	
233	111	
222	287	
215	64	
7	256	
7	254	
231	138	
227	222	
6	267	
89	94	
217	34	
6	263	
89	91	
212	91	
231	130	
6	260	
217	31	
4	282	
151	2	
157	193	
222	250	
214	43	
210	91	
8	277	
222	255	
222	254	
226	202	
225	218	
213	52	
213	53	
8	271	
226	206	
226	205	
226	203	
225	214	
224	229	
159	169	
212	62	
223	233	
157	189	
98	296	
210	88	
210	89	
216	11	
99	284	
222	264	
231	119	
99	287	
227	207	
304	8	
213	61	
220	285	
227	200	
214	52	
304	1	
159	177	
6	285	
6	284	
217	16	
212	75	
230	123	
224	238	
220	281	
158	183	
224	233	
210	99	
215	38	
9	245	
228	244	
9	287	
228	248	
216	82	
9	281	
8	296	
218	59	
231	165	
215	90	
231	169	
236	109	
218	51	
217	67	
230	174	
225	275	
235	114	
217	65	
234	129	
226	264	
231	162	
225	279	
225	278	
216	75	
233	139	
229	224	
233	137	
216	74	
235	112	
216	79	
235	110	
224	285	
9	276	
155	4	
237	108	
232	167	
234	141	
229	240	
7	299	
219	52	
309	4	
228	250	
232	163	
236	110	
226	270	
218	66	
218	67	
225	289	
235	128	
224	294	
217	73	
9	266	
228	222	
219	29	
214	88	
227	237	
223	283	
215	74	
226	246	
213	96	
231	143	
226	243	
225	259	
227	233	
219	26	
232	131	
222	291	
216	59	
224	267	
229	201	
215	68	
225	250	
224	264	
234	103	
232	147	
228	230	
229	220	
9	292	
233	133	
9	291	
231	159	
214	93	
235	104	
218	42	
217	59	
234	113	
233	127	
216	63	
216	69	
217	51	
238	128	
234	174	
229	275	
234	172	
228	280	
142	304	
227	295	
219	88	
232	192	
142	307	
141	311	
301	207	
235	157	
218	99	
301	202	
236	146	
218	97	
229	269	
234	167	
239	107	
235	153	
233	198	
229	282	
238	133	
302	206	
237	143	
237	142	
236	157	
239	119	
235	160	
235	166	
229	250	
233	168	
233	167	
227	273	
231	188	
219	63	
237	111	
238	101	
228	261	
227	275	
225	297	
225	296	
140	304	
227	270	
216	95	
230	192	
229	249	
225	292	
235	131	
228	277	
239	100	
233	175	
228	275	
233	173	
234	162	
238	118	
229	262	
237	124	
227	283	
232	181	
238	111	
228	271	
218	82	
217	98	
217	99	
236	137	
231	196	
237	121	
300	206	
237	120	
141	304	
231	194	
219	70	
234	155	
234	154	
218	80	
234	159	
91	306	
141	18	
304	215	
303	225	
238	163	
238	162	
304	211	
238	167	
239	150	
236	188	
237	171	
302	234	
302	231	
150	203	
235	194	
301	243	
145	308	
150	206	
145	306	
150	221	
305	210	
141	28	
304	220	
92	309	
239	161	
238	177	
151	207	
237	182	
302	245	
302	246	
236	196	
302	241	
146	309	
305	207	
301	250	
300	266	
300	241	
234	196	
144	304	
234	194	
303	206	
143	314	
302	215	
303	201	
143	311	
302	218	
236	165	
301	226	
234	188	
234	187	
90	304	
90	309	
304	207	
300	251	
238	158	
150	200	
145	300	
302	226	
302	227	
301	236	
300	247	
235	189	
300	242	
235	186	
231	9	
141	59	
313	109	
0	302	
141	51	
94	310	
152	229	
153	217	
95	300	
95	301	
153	212	
144	19	
302	273	
148	310	
312	116	
95	309	
312	110	
142	38	
306	229	
311	122	
311	123	
305	256	
311	141	
142	57	
304	269	
160	104	
142	55	
145	16	
154	215	
314	100	
314	102	
303	279	
140	70	
313	114	
95	314	
140	74	
312	126	
302	286	
143	34	
143	35	
312	121	
151	240	
312	123	
310	148	
96	308	
310	122	
1	312	
142	22	
238	186	
303	247	
140	42	
303	249	
239	172	
239	171	
140	47	
147	303	
237	192	
91	14	
238	182	
140	40	
302	251	
147	306	
302	253	
91	10	
90	25	
300	279	
306	206	
310	116	
311	101	
300	277	
1	306	
239	188	
1	304	
305	236	
305	232	
142	34	
310	132	
300	292	
238	194	
141	41	
239	182	
148	307	
147	314	
312	106	
152	212	
312	107	
238	193	
302	262	
148	301	
142	29	
307	200	
307	201	
90	11	
143	16	
143	17	
301	271	
150	239	
311	112	
306	214	
