23	311	
23	313	
293	305	
24	311	
24	313	
25	303	
294	307	
30	206	
30	208	
22	303	
20	15	
23	300	
23	301	
39	3	
290	44	
32	209	
22	16	
22	12	
21	27	
21	26	
292	14	
20	35	
31	221	
20	32	
20	31	
291	20	
31	226	
27	312	
32	214	
298	301	
28	303	
291	40	
298	304	
33	205	
293	16	
28	308	
33	208	
21	14	
32	221	
24	13	
24	11	
22	35	
21	44	
30	214	
30	216	
290	14	
20	51	
31	204	
26	308	
23	19	
23	17	
22	24	
291	18	
295	311	
20	44	
26	312	
26	314	
31	215	
290	84	
33	234	
33	235	
296	11	
290	86	
23	46	
34	221	
23	45	
34	225	
294	36	
292	57	
35	215	
30	275	
41	100	
41	101	
31	264	
25	17	
31	266	
32	250	
25	16	
299	314	
20	74	
25	15	
20	72	
24	26	
33	242	
290	94	
24	22	
290	99	
291	84	
33	247	
293	59	
22	46	
295	32	
34	239	
21	59	
36	210	
35	227	
292	66	
41	111	
41	112	
40	129	
36	219	
42	104	
37	208	
298	312	
33	210	
290	66	
290	64	
293	28	
293	25	
33	219	
23	62	
34	206	
29	308	
22	76	
21	89	
30	259	
26	24	
25	38	
26	21	
33	220	
32	239	
23	56	
24	40	
29	313	
294	23	
294	20	
22	69	
293	37	
34	215	
22	66	
34	218	
30	262	
40	103	
21	77	
293	35	
26	12	
21	70	
20	85	
290	69	
299	302	
32	242	
20	84	
31	259	
43	114	
43	117	
44	102	
33	278	
297	42	
296	55	
34	265	
299	18	
28	29	
299	17	
29	10	
23	85	
40	154	
293	85	
35	259	
23	80	
37	230	
36	247	
41	147	
292	94	
32	295	
32	296	
42	136	
297	33	
293	81	
44	110	
38	229	
43	129	
24	64	
297	51	
296	67	
28	19	
45	106	
27	29	
295	74	
41	151	
299	21	
293	96	
36	255	
293	94	
299	20	
22	82	
27	21	
26	37	
294	82	
41	159	
26	34	
21	93	
37	248	
42	108	
25	87	
32	269	
296	32	
25	85	
24	99	
24	97	
293	69	
294	54	
34	248	
35	232	
295	42	
40	136	
28	43	
293	65	
36	227	
26	66	
297	16	
297	17	
293	60	
43	101	
292	73	
33	263	
34	250	
33	266	
296	41	
33	267	
29	28	
38	209	
29	27	
24	84	
23	99	
34	257	
24	81	
24	80	
35	246	
35	248	
23	91	
35	249	
298	13	
292	89	
27	45	
32	281	
37	222	
293	77	
36	239	
27	41	
42	124	
37	225	
32	284	
297	21	
292	84	
26	50	
26	91	
296	95	
296	96	
45	130	
45	131	
35	293	
29	59	
40	192	
45	137	
35	299	
36	285	
29	51	
47	110	
42	171	
27	78	
28	61	
48	102	
298	62	
48	103	
42	178	
44	152	
39	253	
43	169	
26	81	
44	156	
39	257	
297	96	
25	92	
25	91	
41	190	
36	294	
41	194	
28	55	
28	50	
27	66	
47	127	
299	68	
49	101	
38	277	
298	77	
49	102	
298	78	
298	75	
33	297	
43	138	
35	270	
34	288	
299	38	
45	115	
45	116	
35	276	
35	277	
40	177	
36	264	
294	91	
28	87	
41	165	
36	267	
36	268	
28	81	
299	35	
43	140	
42	158	
38	244	
39	238	
45	122	
296	82	
46	112	
35	288	
29	64	
35	289	
28	79	
46	114	
36	275	
299	43	
298	59	
47	102	
295	91	
42	169	
299	40	
45	175	
45	178	
49	131	
44	197	
29	84	
47	169	
48	159	
49	144	
49	146	
39	266	
49	107	
44	166	
44	168	
298	91	
37	293	
47	138	
43	183	
42	199	
38	284	
44	170	
38	287	
38	289	
49	117	
44	176	
49	118	
45	163	
46	150	
45	169	
47	145	
299	86	
38	299	
39	284	
48	180	
48	181	
48	185	
49	170	
49	173	
48	194	
49	181	
40	7	
46	189	
48	161	
49	155	
49	158	
47	187	
48	179	
41	5	
49	196	
45	6	
30	311	
30	312	
30	313	
30	314	
31	314	
46	2	
33	311	
34	310	
34	311	
40	202	
33	308	
49	9	
41	220	
40	236	
42	211	
31	20	
30	34	
42	217	
100	135	
43	205	
43	209	
40	243	
40	244	
40	247	
102	101	
31	11	
31	10	
102	106	
36	303	
40	219	
31	40	
30	52	
100	112	
101	102	
100	117	
40	225	
41	210	
31	37	
32	20	
31	36	
37	300	
37	306	
30	43	
100	168	
43	238	
44	222	
35	22	
35	20	
34	35	
104	118	
40	273	
45	214	
40	274	
34	30	
45	216	
45	219	
51	102	
33	40	
103	125	
51	105	
51	106	
42	250	
41	267	
103	129	
32	51	
31	62	
35	18	
31	60	
100	179	
34	26	
50	124	
106	102	
101	161	
51	113	
104	122	
51	115	
41	275	
46	217	
41	276	
51	118	
52	103	
31	57	
42	265	
47	207	
42	266	
31	54	
31	51	
31	50	
102	147	
43	256	
36	31	
43	218	
39	304	
34	56	
40	251	
100	144	
100	142	
37	19	
42	231	
32	72	
101	127	
30	99	
35	34	
34	47	
50	104	
100	152	
50	106	
40	268	
42	242	
102	124	
42	246	
42	247	
42	248	
102	185	
54	108	
107	124	
45	255	
39	19	
50	155	
34	76	
105	145	
39	14	
105	148	
33	88	
34	71	
46	247	
104	155	
104	152	
103	168	
38	25	
52	133	
33	82	
52	135	
47	236	
42	295	
48	222	
42	297	
48	223	
53	123	
43	284	
43	285	
108	107	
37	31	
43	288	
36	45	
53	129	
49	214	
102	192	
107	133	
44	274	
107	134	
45	261	
36	40	
50	160	
55	101	
107	135	
45	264	
50	164	
34	68	
45	267	
51	151	
106	145	
52	141	
33	75	
33	73	
37	26	
44	280	
108	118	
104	161	
49	222	
103	178	
49	224	
43	299	
102	160	
43	258	
44	243	
50	131	
40	291	
100	183	
104	138	
34	96	
101	172	
106	110	
101	170	
40	299	
38	49	
104	130	
103	146	
38	46	
105	120	
41	288	
42	278	
37	55	
36	69	
48	208	
37	50	
36	65	
107	112	
53	109	
36	64	
44	255	
102	174	
107	116	
50	141	
44	258	
101	189	
35	74	
35	73	
35	72	
104	149	
50	145	
34	87	
50	146	
46	231	
45	247	
45	248	
105	137	
106	122	
105	138	
51	136	
41	296	
52	122	
42	282	
47	226	
52	126	
42	286	
107	108	
37	46	
52	128	
102	165	
53	115	
49	201	
44	261	
49	203	
44	262	
107	167	
107	165	
50	193	
36	93	
36	92	
106	175	
50	199	
105	188	
51	185	
56	128	
56	129	
47	273	
52	174	
109	138	
38	67	
105	184	
58	106	
49	250	
58	107	
108	148	
54	151	
58	109	
37	76	
49	255	
54	154	
104	195	
37	72	
54	158	
49	259	
55	148	
106	186	
106	183	
51	195	
52	180	
51	196	
51	199	
39	46	
52	183	
57	128	
48	273	
58	114	
105	196	
38	53	
59	102	
48	278	
37	68	
38	51	
109	141	
36	78	
55	152	
55	110	
107	142	
50	170	
108	132	
45	274	
55	115	
50	174	
56	100	
106	150	
55	119	
47	250	
106	154	
46	267	
106	155	
104	176	
56	109	
48	241	
39	72	
38	88	
52	158	
53	146	
44	290	
108	129	
55	121	
54	137	
50	181	
37	91	
108	144	
107	158	
106	163	
55	129	
50	188	
46	273	
106	161	
46	275	
106	167	
56	117	
52	160	
105	172	
104	185	
52	166	
47	267	
57	109	
105	173	
39	60	
38	76	
53	154	
103	195	
109	121	
104	183	
37	85	
104	181	
103	197	
56	162	
56	163	
108	199	
108	196	
57	150	
57	158	
59	139	
39	86	
58	158	
59	147	
59	149	
55	153	
109	161	
108	175	
56	144	
109	159	
52	198	
59	111	
49	272	
54	173	
109	151	
109	152	
54	178	
107	199	
107	197	
57	143	
53	190	
53	195	
49	281	
54	181	
59	122	
53	198	
109	165	
59	129	
59	172	
103	4	
59	179	
58	193	
58	195	
104	0	
57	170	
50	7	
50	4	
59	153	
101	7	
59	157	
59	158	
101	9	
57	180	
56	197	
57	185	
58	171	
57	189	
59	161	
102	8	
59	169	
102	1	
52	1	
51	3	
105	2	
105	6	
59	195	
53	7	
100	203	
100	206	
40	314	
41	302	
41	307	
100	208	
57	5	
108	2	
108	7	
43	312	
101	235	
59	4	
59	1	
103	209	
100	241	
103	203	
101	228	
101	225	
44	311	
101	244	
104	207	
104	205	
45	303	
45	306	
45	308	
50	208	
103	213	
50	209	
104	203	
102	223	
101	239	
102	220	
40	24	
100	223	
42	310	
40	13	
100	236	
43	302	
100	233	
43	306	
101	221	
100	238	
102	206	
101	218	
107	200	
101	275	
106	216	
110	128	
106	213	
106	214	
112	100	
111	117	
102	261	
50	233	
111	110	
100	286	
51	223	
52	211	
42	14	
42	11	
41	27	
52	216	
40	36	
112	110	
106	227	
100	299	
40	33	
102	273	
40	31	
102	272	
105	232	
101	281	
100	298	
111	120	
104	241	
102	266	
112	107	
102	267	
52	228	
102	268	
103	253	
40	67	
110	106	
105	207	
105	201	
100	261	
50	210	
50	211	
44	15	
100	265	
43	28	
104	210	
102	239	
103	229	
51	206	
51	209	
102	234	
41	46	
40	57	
101	268	
110	111	
110	112	
43	15	
46	314	
43	12	
43	11	
103	238	
104	222	
102	243	
103	231	
40	89	
111	156	
112	140	
50	270	
55	212	
45	27	
54	228	
112	144	
40	83	
56	200	
45	23	
60	115	
111	151	
106	252	
105	268	
60	116	
40	81	
51	261	
61	102	
111	155	
43	45	
42	59	
42	56	
113	123	
112	139	
102	297	
54	230	
42	52	
108	228	
54	233	
54	234	
54	236	
106	268	
106	269	
55	222	
54	239	
107	259	
55	224	
40	74	
40	73	
111	161	
105	278	
56	211	
51	270	
45	12	
61	111	
110	176	
61	114	
116	107	
44	21	
52	262	
44	20	
114	127	
109	228	
51	279	
52	264	
57	205	
105	272	
57	209	
43	30	
52	269	
62	109	
108	233	
103	292	
103	293	
54	241	
109	223	
104	282	
103	298	
53	258	
114	123	
53	259	
114	120	
46	37	
112	121	
111	137	
53	219	
41	94	
111	135	
41	93	
102	284	
112	125	
107	226	
106	239	
107	223	
54	208	
101	299	
110	144	
50	255	
45	43	
106	232	
103	267	
110	140	
104	257	
105	241	
52	234	
47	18	
102	275	
112	116	
47	14	
53	225	
104	250	
53	226	
54	212	
41	86	
54	213	
107	233	
54	214	
46	23	
46	22	
112	136	
111	149	
45	36	
110	155	
110	156	
110	157	
51	255	
52	243	
43	53	
112	128	
108	212	
54	223	
46	16	
46	59	
117	128	
117	125	
107	286	
46	54	
116	133	
62	130	
57	232	
44	79	
111	199	
112	181	
45	60	
57	237	
58	225	
63	126	
43	84	
114	151	
113	167	
118	108	
63	127	
59	212	
114	152	
108	269	
108	266	
42	97	
59	215	
42	96	
115	140	
42	94	
47	34	
64	118	
65	104	
118	120	
56	251	
60	166	
55	267	
45	59	
60	167	
108	285	
60	169	
46	41	
45	56	
45	54	
45	52	
107	295	
117	135	
117	133	
44	63	
114	169	
116	142	
48	15	
59	223	
64	123	
114	160	
113	177	
60	170	
59	228	
54	287	
46	39	
42	82	
54	289	
46	38	
112	164	
112	165	
54	247	
111	170	
116	112	
45	86	
116	117	
45	85	
117	100	
51	288	
105	281	
61	129	
49	38	
109	239	
44	96	
114	136	
53	261	
105	286	
62	118	
48	49	
62	119	
58	204	
115	124	
53	264	
113	146	
53	268	
114	133	
109	235	
54	256	
117	116	
60	140	
55	243	
118	104	
117	119	
112	178	
107	279	
46	63	
56	232	
61	134	
112	171	
57	221	
51	297	
111	185	
45	72	
117	111	
61	139	
57	224	
44	87	
62	124	
58	210	
62	127	
111	180	
58	214	
115	137	
115	134	
63	114	
109	241	
59	201	
58	217	
64	101	
63	118	
47	49	
114	145	
54	266	
55	296	
48	71	
119	143	
56	284	
60	199	
46	99	
61	186	
56	288	
61	189	
57	275	
67	117	
46	90	
118	152	
63	161	
68	103	
63	163	
62	179	
63	164	
49	58	
58	268	
119	136	
115	180	
109	297	
48	67	
59	258	
119	135	
48	64	
119	151	
65	149	
119	155	
46	87	
46	85	
45	99	
62	183	
117	172	
62	185	
58	270	
46	80	
118	163	
67	128	
45	95	
57	289	
117	177	
49	48	
49	47	
116	186	
48	59	
116	185	
115	190	
64	167	
65	151	
119	145	
117	149	
65	114	
118	138	
114	181	
65	119	
60	179	
56	264	
61	165	
66	109	
62	152	
58	241	
58	242	
115	166	
115	169	
58	247	
113	189	
109	274	
63	149	
54	294	
49	73	
108	288	
55	280	
115	161	
119	117	
47	99	
48	81	
65	128	
118	146	
67	102	
118	141	
57	266	
115	177	
63	154	
49	69	
116	164	
116	165	
109	285	
114	185	
49	61	
48	77	
60	190	
64	148	
114	189	
119	183	
119	182	
110	6	
69	131	
64	190	
68	148	
59	293	
64	193	
64	194	
64	195	
59	298	
65	183	
64	199	
65	185	
111	3	
67	166	
68	152	
68	156	
65	190	
49	86	
65	197	
49	80	
48	94	
119	162	
119	166	
57	292	
67	133	
62	195	
117	184	
62	196	
67	138	
68	123	
69	110	
68	127	
68	128	
64	172	
116	196	
119	159	
69	119	
66	152	
66	153	
118	189	
66	154	
66	155	
119	171	
117	196	
67	145	
63	191	
68	134	
66	162	
69	183	
69	187	
69	188	
66	188	
68	163	
60	2	
68	172	
68	173	
68	177	
112	6	
117	7	
118	2	
102	302	
115	1	
115	3	
100	312	
116	8	
116	0	
110	207	
110	208	
105	309	
105	307	
100	13	
100	18	
65	2	
106	305	
101	18	
110	212	
105	314	
52	306	
100	21	
64	9	
118	9	
50	306	
103	311	
50	309	
66	8	
66	3	
119	8	
119	7	
104	12	
103	25	
69	7	
101	49	
102	33	
110	241	
69	3	
111	232	
69	1	
69	0	
101	43	
101	41	
108	302	
100	56	
103	38	
103	39	
104	20	
103	37	
112	232	
55	303	
55	304	
102	47	
102	44	
110	259	
110	256	
102	48	
110	257	
102	49	
101	55	
109	302	
109	303	
113	212	
109	300	
50	28	
111	211	
111	212	
50	26	
101	29	
102	14	
102	17	
110	224	
102	10	
52	312	
100	30	
111	224	
112	210	
107	311	
50	12	
102	22	
112	206	
100	41	
107	307	
53	310	
112	207	
107	308	
122	104	
117	205	
51	32	
51	31	
112	265	
122	106	
102	79	
121	112	
60	238	
120	126	
103	68	
116	214	
104	50	
102	71	
101	88	
101	86	
120	123	
110	283	
114	238	
110	282	
58	304	
113	242	
51	29	
100	99	
117	216	
105	51	
112	275	
104	65	
50	37	
117	219	
51	20	
118	201	
112	276	
112	277	
61	230	
115	239	
111	282	
50	31	
60	248	
102	88	
60	249	
61	234	
112	270	
108	19	
111	286	
116	225	
62	221	
61	238	
120	130	
110	291	
106	38	
62	226	
63	210	
63	212	
115	233	
107	25	
102	84	
62	229	
107	26	
64	200	
112	269	
63	218	
114	242	
104	33	
51	57	
111	258	
103	48	
112	243	
104	36	
120	105	
115	206	
111	250	
60	216	
103	40	
50	60	
102	59	
61	205	
56	308	
101	64	
114	218	
102	51	
114	217	
105	14	
112	238	
105	15	
112	239	
105	12	
112	237	
109	311	
105	17	
52	30	
121	109	
104	42	
60	220	
50	57	
50	56	
105	30	
115	217	
103	52	
120	114	
102	67	
61	212	
116	206	
120	118	
116	203	
61	215	
116	204	
61	216	
61	217	
106	18	
102	61	
114	223	
57	305	
114	227	
120	111	
100	84	
106	10	
113	231	
51	38	
117	248	
104	99	
65	214	
105	81	
70	114	
51	77	
106	71	
51	75	
106	72	
123	133	
71	102	
51	73	
123	134	
118	235	
61	263	
71	104	
55	28	
51	70	
50	86	
62	250	
56	10	
71	106	
66	208	
104	95	
62	253	
62	254	
104	94	
62	256	
114	278	
115	262	
125	103	
62	259	
121	151	
54	31	
108	42	
107	58	
120	166	
113	289	
114	273	
53	43	
64	234	
52	57	
70	120	
64	237	
114	274	
124	115	
51	67	
70	124	
60	285	
122	157	
123	146	
61	272	
116	265	
71	118	
62	263	
67	204	
118	240	
72	104	
67	205	
67	206	
63	250	
72	106	
120	174	
63	252	
72	108	
53	38	
125	117	
108	54	
63	258	
119	222	
52	45	
125	112	
60	293	
52	42	
118	210	
109	18	
104	77	
122	123	
117	225	
123	113	
123	114	
106	50	
118	215	
104	79	
117	229	
116	234	
56	34	
108	26	
60	259	
120	147	
108	24	
116	233	
103	84	
108	25	
104	71	
112	280	
104	72	
114	258	
54	57	
102	95	
59	310	
53	67	
114	251	
118	208	
107	31	
53	61	
114	252	
64	216	
113	268	
106	45	
64	217	
52	75	
123	120	
65	203	
60	263	
65	205	
113	284	
118	226	
123	122	
70	107	
51	84	
103	96	
121	144	
56	23	
121	145	
55	37	
103	95	
117	233	
62	241	
62	243	
109	24	
54	46	
124	107	
120	150	
114	267	
115	251	
54	45	
120	156	
107	49	
63	234	
108	31	
63	235	
124	102	
118	216	
106	51	
119	201	
106	58	
64	227	
60	270	
65	212	
118	276	
66	241	
128	117	
122	189	
66	244	
56	59	
72	130	
129	103	
67	232	
66	249	
57	40	
121	198	
67	236	
128	112	
128	110	
62	298	
56	50	
73	123	
68	224	
63	283	
73	124	
107	98	
54	78	
116	291	
59	18	
107	99	
117	280	
59	17	
73	129	
124	156	
107	92	
119	258	
54	71	
124	155	
125	144	
66	252	
123	187	
57	31	
72	142	
117	295	
56	45	
117	296	
67	246	
68	231	
56	42	
72	147	
67	249	
68	237	
69	221	
108	94	
64	283	
74	125	
129	108	
65	271	
58	17	
53	72	
65	235	
70	134	
117	268	
66	221	
57	68	
124	142	
70	139	
57	65	
61	284	
71	125	
57	63	
67	211	
62	270	
61	286	
56	78	
122	162	
117	260	
71	128	
67	213	
127	101	
109	53	
62	273	
109	58	
72	115	
62	275	
109	56	
109	57	
67	219	
63	263	
68	206	
64	250	
116	275	
54	97	
107	70	
124	134	
124	132	
58	49	
119	234	
115	283	
119	250	
123	162	
118	263	
123	163	
70	148	
57	54	
123	167	
119	252	
67	221	
62	280	
57	52	
57	51	
127	114	
109	66	
62	282	
57	50	
72	123	
71	139	
123	160	
62	285	
117	275	
55	73	
126	120	
108	72	
59	29	
109	62	
120	198	
116	283	
69	204	
108	76	
119	246	
106	97	
69	208	
59	21	
65	253	
64	269	
115	294	
115	292	
129	144	
58	76	
77	110	
71	185	
129	142	
77	111	
66	289	
125	192	
67	274	
57	87	
58	70	
57	83	
77	118	
57	81	
128	157	
56	95	
126	177	
74	157	
125	185	
75	145	
59	56	
66	290	
66	292	
58	69	
67	280	
77	123	
129	159	
67	285	
57	74	
73	173	
56	87	
68	275	
129	152	
74	160	
79	102	
74	161	
69	262	
73	179	
79	104	
126	188	
127	175	
75	151	
74	168	
59	48	
59	46	
59	45	
125	194	
59	42	
126	184	
75	119	
124	182	
71	163	
59	81	
123	195	
59	80	
71	166	
76	108	
71	167	
123	199	
127	146	
68	240	
127	145	
118	294	
64	290	
109	90	
65	284	
124	177	
125	161	
76	110	
66	270	
65	287	
59	72	
129	134	
129	132	
76	119	
71	179	
77	104	
58	81	
73	150	
68	251	
128	140	
57	92	
74	143	
74	145	
127	151	
69	248	
75	132	
70	192	
65	293	
59	68	
75	139	
66	283	
271	174	
271	173	
276	112	
271	171	
271	178	
276	118	
259	53	
270	180	
256	88	
265	280	
258	63	
273	147	
268	247	
264	290	
268	246	
256	80	
274	134	
267	256	
271	168	
268	243	
259	49	
255	93	
268	241	
194	8	
259	62	
259	60	
180	307	
266	289	
277	112	
272	171	
267	272	
267	271	
275	134	
265	294	
270	193	
268	259	
256	93	
268	258	
195	6	
268	256	
257	82	
256	95	
272	166	
195	1	
195	2	
267	268	
258	44	
270	167	
271	151	
271	150	
258	43	
271	156	
193	6	
271	155	
271	154	
259	30	
259	31	
275	101	
274	114	
275	102	
265	262	
255	76	
273	122	
262	298	
256	62	
272	132	
262	292	
254	85	
271	147	
262	290	
253	99	
272	136	
255	73	
254	89	
267	236	
255	70	
268	220	
259	28	
254	87	
262	294	
270	178	
270	177	
258	53	
275	117	
272	151	
258	59	
275	112	
264	288	
264	287	
275	116	
270	174	
269	220	
263	294	
274	123	
263	299	
255	89	
259	35	
268	233	
259	94	
259	98	
182	314	
198	2	
275	165	
276	155	
275	168	
269	275	
275	162	
272	198	
278	122	
277	138	
278	126	
277	154	
277	152	
199	2	
276	167	
277	158	
199	0	
276	164	
269	287	
274	183	
183	308	
279	121	
183	305	
272	180	
276	135	
276	133	
257	98	
274	151	
268	267	
275	140	
196	5	
268	260	
278	105	
272	178	
268	263	
258	99	
272	190	
181	314	
268	280	
277	135	
267	294	
274	163	
268	279	
275	152	
279	107	
277	129	
272	187	
268	272	
267	287	
273	176	
278	114	
268	274	
186	303	
186	302	
186	305	
279	158	
181	16	
279	157	
181	10	
181	11	
181	14	
187	307	
187	308	
191	211	
190	227	
190	222	
181	22	
181	24	
277	162	
277	169	
278	151	
275	181	
275	180	
275	182	
269	299	
278	146	
278	145	
269	294	
279	134	
274	192	
278	148	
274	191	
180	22	
278	163	
180	21	
276	188	
276	186	
185	304	
278	159	
192	238	
185	19	
193	225	
184	26	
190	254	
191	240	
181	54	
279	195	
194	203	
279	199	
193	233	
192	249	
186	13	
180	88	
191	257	
191	250	
190	265	
183	43	
180	52	
270	0	
193	205	
191	224	
183	17	
183	15	
191	229	
187	311	
190	231	
182	23	
180	48	
279	173	
181	36	
192	228	
181	50	
192	229	
183	28	
181	49	
190	246	
183	21	
278	199	
180	57	
278	198	
279	182	
181	48	
275	7	
198	206	
193	264	
185	57	
187	31	
194	252	
193	268	
192	274	
185	51	
197	214	
275	6	
198	202	
196	223	
196	222	
187	29	
188	14	
197	211	
191	285	
188	17	
183	76	
195	232	
187	28	
190	293	
276	4	
276	5	
276	3	
194	264	
199	204	
197	227	
193	270	
189	18	
185	62	
189	16	
197	224	
192	283	
189	17	
185	65	
192	288	
192	287	
196	235	
183	83	
260	308	
192	282	
189	15	
197	221	
189	12	
260	303	
182	94	
194	257	
181	80	
192	258	
194	232	
273	9	
192	251	
183	52	
273	5	
196	203	
186	15	
181	74	
194	229	
190	272	
185	48	
194	242	
186	34	
183	69	
274	5	
187	19	
183	62	
197	200	
191	274	
183	65	
196	214	
186	26	
190	284	
195	224	
186	84	
186	85	
195	283	
186	89	
198	244	
263	303	
185	92	
263	307	
199	230	
186	80	
189	46	
188	50	
196	263	
195	279	
187	69	
199	246	
264	304	
186	99	
198	254	
186	93	
279	5	
188	69	
197	264	
189	57	
279	1	
188	66	
199	211	
277	3	
189	29	
184	89	
189	27	
185	71	
198	226	
186	61	
185	75	
261	305	
261	302	
187	47	
186	73	
262	309	
262	307	
198	237	
193	294	
196	257	
184	91	
189	33	
196	254	
195	267	
199	279	
199	278	
261	20	
198	285	
262	11	
197	298	
266	304	
271	205	
199	280	
198	296	
262	20	
198	292	
271	212	
271	219	
267	302	
187	95	
264	313	
198	269	
198	261	
189	61	
196	283	
188	91	
261	13	
199	263	
198	278	
198	272	
265	307	
189	73	
275	207	
10	106	
264	31	
273	229	
262	52	
260	74	
265	14	
260	78	
265	18	
272	232	
262	69	
281	101	
280	117	
276	201	
281	105	
266	18	
266	19	
270	274	
280	112	
265	29	
265	23	
264	36	
263	24	
263	25	
263	23	
261	44	
261	45	
199	293	
268	308	
262	30	
268	300	
273	205	
268	306	
271	226	
263	17	
263	16	
270	256	
270	258	
263	33	
261	53	
262	44	
261	51	
263	26	
272	224	
10	102	
276	236	
263	86	
11	132	
268	28	
10	149	
281	132	
264	74	
276	238	
11	137	
262	94	
267	36	
267	33	
276	232	
13	111	
268	21	
266	42	
13	118	
14	102	
14	105	
10	153	
273	263	
272	279	
10	156	
272	278	
10	157	
11	143	
281	145	
263	98	
263	95	
268	36	
282	133	
269	24	
12	133	
272	291	
275	255	
267	46	
267	47	
12	137	
274	268	
267	45	
12	138	
275	259	
275	256	
266	54	
13	127	
284	102	
283	116	
278	217	
267	41	
266	57	
10	161	
278	212	
272	287	
282	126	
283	110	
15	105	
283	115	
282	128	
276	213	
263	62	
263	63	
262	79	
276	218	
264	52	
276	217	
264	53	
280	121	
261	88	
266	29	
280	120	
11	118	
12	104	
263	60	
12	105	
263	61	
275	224	
275	223	
262	75	
274	230	
260	98	
272	254	
264	45	
10	130	
272	251	
271	267	
265	34	
271	283	
280	138	
268	15	
282	111	
281	127	
282	110	
274	249	
262	84	
267	22	
266	39	
262	87	
270	296	
13	100	
270	295	
267	29	
262	85	
275	234	
266	33	
266	31	
264	56	
282	104	
271	278	
277	203	
272	268	
265	42	
272	267	
11	175	
281	179	
17	102	
276	277	
17	105	
12	168	
286	111	
281	175	
13	156	
276	275	
269	52	
275	280	
283	149	
279	234	
266	86	
274	299	
265	95	
10	195	
265	96	
278	243	
11	181	
265	94	
12	170	
17	113	
269	64	
281	187	
18	100	
17	116	
282	177	
18	101	
13	160	
277	276	
276	282	
285	137	
281	180	
275	297	
190	305	
18	106	
286	120	
13	166	
14	150	
281	186	
268	78	
14	151	
18	109	
286	124	
280	199	
14	155	
284	145	
279	246	
14	157	
14	158	
275	293	
190	301	
279	249	
279	240	
283	153	
278	253	
283	159	
279	244	
11	194	
11	196	
11	153	
11	154	
281	156	
282	140	
11	156	
269	32	
265	81	
267	55	
13	132	
268	40	
285	109	
275	269	
285	108	
284	113	
283	129	
279	214	
283	128	
279	213	
279	212	
274	278	
279	217	
15	115	
273	280	
274	270	
283	125	
273	283	
286	107	
268	58	
277	257	
286	100	
275	276	
268	53	
286	105	
280	179	
280	178	
266	74	
284	129	
10	181	
284	127	
282	149	
283	132	
16	110	
277	247	
15	128	
278	238	
16	113	
283	136	
274	280	
266	71	
17	144	
288	132	
17	148	
283	195	
17	149	
278	294	
283	192	
19	121	
14	181	
286	154	
19	123	
13	198	
192	312	
192	311	
14	188	
285	163	
15	173	
284	178	
15	176	
286	150	
289	113	
284	172	
279	272	
17	156	
17	159	
284	190	
18	146	
14	192	
19	134	
14	196	
15	183	
16	170	
15	186	
15	189	
288	139	
289	121	
283	196	
279	286	
284	184	
287	123	
282	182	
278	274	
282	189	
277	289	
278	272	
287	127	
278	271	
18	114	
12	189	
18	117	
282	181	
13	179	
285	142	
267	93	
19	108	
285	140	
190	311	
16	141	
284	150	
283	166	
279	255	
17	130	
279	253	
17	132	
12	191	
288	108	
269	88	
287	136	
269	86	
283	184	
278	285	
192	309	
18	122	
17	138	
278	284	
287	139	
287	138	
18	125	
13	186	
286	143	
285	159	
282	192	
19	115	
285	152	
279	268	
279	262	
283	175	
17	141	
17	188	
190	34	
17	189	
190	32	
19	160	
18	178	
18	179	
289	161	
287	183	
287	182	
196	307	
287	185	
17	193	
17	197	
19	172	
18	189	
191	32	
19	175	
287	192	
190	41	
197	306	
196	313	
192	14	
19	140	
287	162	
19	149	
286	170	
285	184	
16	181	
285	189	
286	171	
17	173	
16	189	
194	305	
18	160	
279	296	
18	161	
17	179	
18	164	
287	178	
191	12	
19	154	
286	186	
16	195	
285	198	
17	183	
285	191	
195	300	
191	63	
282	2	
195	10	
195	16	
193	33	
11	9	
11	8	
11	3	
193	32	
196	14	
190	89	
190	81	
195	20	
196	11	
195	24	
194	35	
194	32	
194	33	
282	6	
10	5	
282	7	
280	6	
18	198	
289	184	
19	185	
19	187	
13	8	
190	53	
13	6	
288	192	
13	5	
13	1	
193	17	
197	310	
190	65	
192	40	
281	4	
190	60	
190	64	
12	2	
194	11	
192	30	
289	187	
192	37	
197	30	
270	303	
196	49	
285	7	
195	53	
195	59	
195	58	
194	64	
198	18	
195	51	
198	13	
193	76	
286	7	
198	31	
197	44	
14	7	
196	51	
195	64	
286	5	
195	62	
194	77	
193	82	
198	28	
193	87	
193	85	
192	72	
196	27	
192	70	
194	48	
190	91	
191	81	
195	36	
194	41	
193	58	
193	50	
16	6	
197	21	
192	81	
192	82	
196	33	
197	17	
192	74	
193	64	
192	78	
195	99	
196	82	
196	86	
195	92	
18	6	
18	2	
199	42	
272	310	
197	88	
274	301	
274	308	
197	83	
273	314	
199	51	
199	50	
289	6	
197	56	
196	62	
195	78	
271	308	
194	84	
195	72	
271	303	
193	91	
193	97	
199	23	
197	65	
198	52	
198	53	
199	38	
19	4	
195	85	
10	227	
282	200	
277	301	
11	214	
281	214	
280	229	
272	16	
271	29	
270	35	
276	308	
10	233	
11	220	
273	15	
11	223	
277	310	
11	228	
272	23	
12	217	
13	209	
199	93	
199	98	
280	204	
275	304	
275	308	
275	303	
197	91	
199	60	
270	10	
199	64	
276	302	
198	92	
10	215	
280	214	
10	217	
280	219	
198	95	
271	15	
280	210	
271	19	
270	28	
199	73	
281	256	
273	47	
273	48	
273	46	
11	257	
12	243	
282	241	
273	40	
285	203	
285	202	
280	268	
280	265	
284	212	
283	228	
279	311	
271	65	
10	270	
15	216	
21	100	
16	203	
11	262	
274	40	
275	30	
12	252	
274	44	
274	45	
280	275	
280	274	
280	273	
13	248	
276	13	
271	73	
284	226	
10	281	
284	225	
272	61	
20	124	
271	71	
21	112	
20	129	
282	249	
11	232	
280	247	
11	234	
274	13	
281	235	
280	240	
13	213	
273	20	
270	58	
278	309	
14	207	
270	50	
10	253	
10	254	
270	51	
11	241	
12	232	
280	257	
272	49	
270	69	
283	216	
270	66	
13	229	
284	206	
270	60	
15	203	
20	104	
15	205	
278	313	
270	62	
11	296	
287	225	
21	138	
17	223	
286	239	
12	285	
283	271	
18	211	
287	226	
275	62	
13	274	
290	146	
277	38	
18	216	
272	98	
23	116	
18	217	
13	276	
274	72	
273	85	
281	293	
14	265	
285	240	
19	207	
19	208	
24	108	
20	151	
15	252	
278	20	
24	109	
290	143	
272	96	
20	153	
277	35	
284	258	
16	241	
275	57	
276	41	
293	103	
287	219	
284	251	
288	208	
21	149	
17	236	
18	221	
292	138	
23	122	
13	285	
286	242	
285	258	
278	33	
286	248	
274	80	
273	97	
285	252	
289	208	
289	207	
25	103	
25	107	
25	108	
15	268	
289	200	
275	68	
20	168	
283	273	
289	205	
17	241	
17	242	
16	258	
21	114	
287	203	
291	116	
16	218	
286	216	
22	102	
275	41	
17	204	
17	205	
292	103	
17	207	
291	110	
285	227	
277	19	
273	62	
13	252	
13	256	
14	241	
280	287	
271	83	
290	121	
280	281	
272	74	
14	248	
272	71	
270	93	
16	221	
20	137	
20	138	
275	36	
11	284	
287	214	
281	287	
21	129	
282	276	
18	200	
292	115	
22	116	
287	215	
274	67	
13	261	
280	297	
281	280	
285	237	
14	250	
291	124	
276	35	
14	256	
14	257	
290	131	
277	23	
290	130	
277	24	
272	83	
275	46	
21	130	
21	134	
297	109	
287	269	
287	267	
23	152	
276	91	
293	155	
289	240	
292	169	
296	117	
18	258	
279	51	
24	145	
287	264	
25	130	
286	279	
19	248	
297	102	
291	177	
285	284	
277	77	
25	136	
20	195	
21	180	
21	183	
276	85	
289	232	
26	127	
294	130	
276	83	
22	173	
288	264	
298	103	
18	265	
18	266	
287	272	
298	100	
19	259	
292	172	
285	294	
285	293	
26	132	
16	293	
26	134	
22	180	
16	297	
289	243	
26	138	
21	197	
22	181	
294	141	
26	139	
276	97	
293	130	
288	231	
21	159	
275	80	
283	294	
288	232	
18	236	
19	222	
18	239	
13	298	
287	243	
14	283	
278	48	
24	125	
15	271	
294	118	
284	278	
20	171	
19	229	
15	273	
295	107	
278	42	
25	116	
20	176	
16	263	
294	115	
26	107	
26	108	
283	289	
289	214	
17	253	
275	90	
18	241	
275	96	
275	97	
293	143	
18	245	
18	247	
14	290	
14	292	
23	149	
19	235	
287	253	
24	135	
25	122	
289	229	
284	288	
25	125	
285	278	
26	110	
25	126	
295	117	
291	160	
25	127	
290	175	
16	272	
21	172	
293	138	
275	89	
293	137	
294	120	
283	296	
293	135	
22	161	
284	285	
21	178	
17	263	
288	296	
19	281	
299	125	
24	181	
293	199	
18	299	
298	139	
289	283	
23	199	
19	285	
297	145	
279	97	
279	94	
288	292	
293	190	
288	290	
279	99	
26	164	
279	92	
296	156	
294	177	
295	160	
289	277	
27	156	
289	291	
299	135	
294	193	
24	195	
29	138	
298	142	
26	171	
295	177	
26	175	
297	150	
295	172	
28	152	
295	174	
28	113	
293	172	
297	129	
294	162	
293	177	
28	117	
29	101	
299	101	
299	100	
23	178	
279	74	
23	179	
292	181	
279	75	
287	281	
19	266	
287	280	
286	291	
295	146	
26	145	
296	132	
26	146	
289	255	
26	148	
294	152	
27	135	
277	95	
18	280	
17	297	
298	126	
23	182	
17	299	
288	284	
292	198	
294	173	
19	271	
18	287	
293	186	
279	83	
297	132	
19	277	
297	137	
287	297	
25	164	
278	93	
278	94	
25	169	
278	97	
278	98	
289	266	
294	163	
18	291	
294	167	
299	165	
299	164	
299	163	
29	166	
299	168	
298	170	
297	181	
296	198	
27	196	
28	183	
28	187	
29	179	
298	183	
299	170	
298	180	
28	198	
28	156	
29	143	
28	159	
20	4	
29	146	
297	164	
26	184	
296	173	
27	170	
26	186	
27	171	
289	298	
27	179	
295	185	
299	151	
29	155	
299	157	
296	184	
27	189	
292	7	
21	7	
21	5	
293	0	
29	187	
29	189	
298	197	
290	1	
22	3	
280	309	
25	8	
295	3	
281	300	
11	300	
296	5	
11	308	
280	312	
296	2	
27	3	
293	4	
293	7	
294	8	
294	9	
299	3	
299	4	
283	309	
14	305	
284	308	
284	306	
284	301	
12	301	
281	307	
281	306	
298	2	
298	8	
298	7	
29	9	
29	7	
282	303	
29	0	
282	300	
282	306	
21	214	
17	303	
286	310	
12	11	
17	307	
17	308	
11	24	
281	22	
290	221	
10	31	
281	20	
21	223	
21	225	
291	226	
288	301	
18	300	
23	202	
18	304	
23	204	
10	29	
291	224	
11	12	
283	14	
23	208	
20	241	
280	44	
21	230	
281	32	
20	207	
13	24	
11	43	
11	42	
280	18	
10	56	
285	300	
20	212	
20	214	
20	216	
13	15	
286	307	
16	307	
12	26	
12	22	
281	19	
291	202	
11	31	
285	311	
20	221	
281	10	
21	212	
285	21	
22	244	
285	24	
22	246	
284	38	
284	39	
13	40	
291	257	
284	32	
23	238	
24	222	
11	66	
12	50	
290	261	
20	273	
290	264	
295	203	
290	262	
15	13	
10	71	
293	225	
20	278	
285	19	
31	107	
31	108	
21	268	
14	21	
292	256	
285	36	
280	92	
12	45	
12	43	
282	69	
296	209	
284	43	
294	228	
30	121	
20	281	
30	122	
294	226	
282	62	
10	62	
31	110	
293	236	
26	214	
281	75	
31	117	
293	239	
21	235	
22	221	
21	239	
13	66	
293	211	
280	62	
13	63	
22	227	
13	62	
12	78	
23	212	
18	313	
291	230	
12	75	
284	11	
12	70	
16	25	
16	22	
10	97	
20	252	
290	241	
281	49	
280	55	
21	240	
288	302	
14	47	
10	90	
22	230	
14	42	
21	248	
292	238	
285	13	
23	221	
285	12	
23	222	
23	224	
291	240	
290	255	
23	227	
24	213	
290	250	
282	42	
11	73	
30	100	
24	217	
294	204	
20	261	
20	262	
15	25	
30	105	
14	39	
25	209	
10	80	
15	20	
280	67	
14	76	
27	227	
297	229	
292	288	
32	127	
285	62	
23	272	
22	288	
22	289	
298	218	
293	275	
285	67	
23	277	
283	88	
284	72	
24	263	
296	236	
12	97	
285	60	
29	207	
24	269	
25	254	
288	22	
287	38	
16	46	
31	140	
26	242	
288	23	
295	247	
31	144	
298	209	
27	234	
295	241	
32	135	
14	66	
285	75	
33	122	
18	19	
293	281	
292	297	
298	229	
298	228	
28	227	
286	61	
29	212	
23	287	
13	74	
293	285	
23	288	
289	22	
292	296	
24	277	
17	25	
12	84	
34	118	
12	83	
297	235	
25	263	
17	23	
285	70	
295	257	
31	152	
15	48	
288	34	
296	243	
288	35	
294	265	
15	44	
294	263	
15	43	
294	262	
294	269	
294	267	
19	39	
297	208	
14	97	
285	43	
19	37	
284	56	
27	207	
22	267	
293	254	
18	47	
283	66	
296	215	
283	64	
291	272	
290	288	
24	243	
17	59	
17	58	
292	262	
25	231	
24	247	
20	291	
24	249	
286	29	
282	73	
20	294	
283	63	
31	120	
26	221	
282	76	
287	18	
25	239	
294	232	
20	299	
15	78	
21	285	
294	236	
286	27	
282	70	
32	112	
281	84	
32	113	
27	214	
294	233	
19	28	
297	219	
14	86	
14	85	
297	217	
298	201	
27	218	
33	102	
27	219	
23	263	
19	23	
286	42	
33	104	
23	265	
298	204	
291	286	
284	61	
28	208	
18	35	
13	94	
24	252	
283	75	
296	224	
284	65	
291	289	
297	213	
30	142	
295	239	
31	131	
30	147	
290	295	
293	259	
294	242	
281	94	
281	91	
22	281	
21	297	
287	23	
21	299	
19	18	
28	259	
29	245	
298	259	
289	57	
18	66	
296	279	
30	192	
25	293	
18	65	
30	197	
18	60	
36	123	
36	124	
16	89	
289	54	
297	260	
31	187	
287	73	
294	297	
287	71	
286	87	
15	98	
296	270	
287	77	
38	103	
15	95	
287	76	
38	106	
15	92	
33	166	
28	268	
29	252	
33	168	
29	255	
18	59	
34	156	
297	275	
289	66	
17	69	
35	147	
298	262	
296	283	
295	299	
16	79	
288	75	
296	288	
31	198	
295	293	
28	270	
27	286	
295	290	
16	70	
38	114	
293	295	
285	84	
23	294	
294	283	
286	73	
289	35	
24	285	
297	242	
29	229	
35	114	
289	38	
288	43	
30	175	
288	41	
31	162	
26	263	
297	240	
36	104	
296	253	
32	150	
299	216	
27	254	
27	256	
27	257	
294	278	
287	54	
32	158	
33	143	
28	244	
298	244	
34	130	
19	68	
19	61	
29	239	
285	91	
17	88	
35	128	
36	113	
31	172	
17	83	
288	56	
37	103	
16	95	
295	270	
286	76	
294	285	
288	51	
16	90	
28	253	
287	65	
38	138	
38	139	
39	126	
29	286	
39	127	
34	186	
39	128	
35	172	
298	297	
36	167	
289	91	
37	153	
37	157	
39	131	
34	190	
39	133	
299	297	
299	295	
19	83	
18	98	
38	152	
39	140	
33	176	
299	263	
39	103	
34	162	
29	265	
29	266	
34	165	
29	267	
297	287	
297	280	
36	146	
288	86	
32	190	
32	191	
32	193	
32	194	
38	120	
288	80	
38	123	
296	292	
287	98	
38	127	
29	271	
299	274	
298	289	
33	189	
34	174	
34	177	
297	299	
297	298	
35	166	
35	168	
288	99	
37	140	
36	158	
297	294	
297	292	
289	85	
28	293	
299	269	
33	193	
33	194	
33	196	
39	167	
37	192	
38	199	
35	194	
36	181	
30	3	
37	170	
38	169	
36	195	
38	177	
32	6	
290	302	
20	313	
21	306	
34	5	
34	4	
21	311	
37	4	
36	6	
160	134	
160	133	
142	85	
143	74	
150	297	
146	36	
304	298	
154	242	
142	80	
92	25	
309	236	
157	209	
153	251	
152	267	
309	231	
234	8	
91	37	
308	249	
145	47	
307	258	
312	159	
153	253	
307	254	
161	115	
90	46	
151	274	
308	241	
144	56	
151	278	
307	252	
306	268	
220	307	
306	284	
149	10	
148	26	
160	149	
306	281	
160	148	
155	249	
310	197	
306	282	
147	30	
305	293	
153	269	
155	242	
147	35	
142	94	
92	15	
142	91	
146	49	
162	119	
308	257	
235	6	
313	157	
308	258	
152	277	
91	26	
157	217	
91	25	
313	152	
163	106	
91	23	
312	169	
143	78	
307	265	
2	307	
161	125	
148	17	
312	166	
308	251	
143	77	
152	275	
145	50	
307	262	
312	162	
307	263	
311	179	
155	214	
306	252	
150	271	
154	227	
161	101	
151	261	
155	217	
160	114	
314	115	
304	275	
93	36	
305	261	
309	212	
308	228	
146	18	
154	224	
309	214	
302	299	
96	310	
145	26	
145	24	
140	83	
307	239	
303	282	
90	69	
312	131	
150	269	
311	149	
152	242	
97	302	
311	144	
144	31	
311	145	
302	290	
150	284	
97	306	
160	123	
155	224	
154	238	
151	272	
161	111	
151	271	
94	13	
156	211	
150	286	
154	230	
146	29	
141	88	
142	72	
93	21	
313	139	
146	26	
92	36	
140	91	
152	257	
144	49	
313	136	
140	96	
153	243	
90	59	
161	104	
143	57	
3	311	
161	109	
161	106	
148	55	
90	93	
238	4	
94	48	
7	304	
238	8	
165	112	
155	271	
94	42	
154	286	
146	77	
94	41	
2	18	
165	116	
155	276	
309	278	
2	12	
314	170	
308	284	
307	294	
166	115	
90	83	
160	189	
148	64	
166	119	
157	263	
6	308	
148	68	
164	138	
164	137	
147	72	
156	271	
160	185	
93	41	
92	57	
159	232	
163	145	
158	245	
159	236	
146	86	
313	196	
314	181	
0	29	
1	13	
314	182	
309	283	
159	233	
157	254	
90	78	
90	77	
309	280	
162	159	
158	244	
95	16	
162	157	
158	242	
95	15	
145	93	
160	156	
95	56	
307	281	
4	19	
149	21	
99	311	
311	190	
144	81	
143	97	
143	94	
311	192	
220	310	
147	41	
94	64	
159	205	
3	27	
98	18	
220	313	
314	156	
3	22	
98	15	
93	74	
309	259	
92	89	
308	268	
146	50	
157	229	
93	71	
146	53	
163	118	
92	85	
154	261	
145	67	
97	24	
162	122	
308	260	
161	137	
313	160	
312	177	
144	77	
96	34	
311	187	
152	285	
149	19	
158	210	
162	123	
149	17	
151	299	
312	174	
165	109	
156	253	
155	269	
95	45	
165	107	
147	59	
94	59	
312	192	
7	314	
221	314	
144	90	
154	277	
164	116	
237	5	
3	11	
93	64	
165	102	
159	219	
92	79	
93	63	
92	78	
313	178	
314	163	
163	123	
145	74	
153	283	
145	75	
308	275	
164	112	
97	14	
308	276	
154	271	
313	176	
97	12	
309	262	
91	86	
308	271	
97	10	
157	232	
149	23	
91	83	
308	274	
144	88	
90	97	
90	96	
152	294	
307	286	
149	84	
231	205	
5	21	
4	37	
4	34	
225	314	
94	84	
148	95	
99	24	
99	23	
93	97	
221	16	
164	163	
159	264	
158	279	
159	263	
225	313	
93	90	
230	210	
225	310	
221	18	
1	69	
163	170	
97	42	
9	314	
158	277	
9	311	
163	173	
95	69	
0	74	
5	13	
220	41	
149	99	
227	306	
227	305	
5	10	
230	227	
3	39	
222	19	
166	155	
4	20	
93	87	
231	213	
231	212	
221	26	
169	115	
93	83	
169	114	
3	30	
2	46	
92	97	
1	59	
159	278	
9	307	
157	299	
0	69	
167	138	
220	33	
167	137	
221	22	
9	302	
164	171	
163	187	
221	23	
1	52	
96	44	
221	20	
163	184	
96	42	
6	32	
1	91	
1	92	
96	83	
165	139	
149	65	
167	113	
149	63	
4	59	
5	41	
160	192	
155	293	
148	70	
99	47	
99	46	
3	69	
165	137	
156	281	
99	45	
3	66	
4	50	
166	120	
165	136	
165	135	
159	246	
147	82	
97	67	
167	107	
223	310	
7	14	
167	106	
149	59	
239	8	
157	264	
158	253	
162	167	
96	75	
162	180	
156	296	
161	194	
96	70	
5	34	
0	93	
161	199	
0	90	
167	123	
161	197	
95	83	
94	99	
94	98	
225	304	
165	143	
230	202	
230	209	
165	149	
147	99	
159	254	
164	152	
99	30	
3	51	
224	311	
2	65	
165	141	
225	301	
6	18	
97	54	
6	16	
168	100	
220	11	
2	60	
0	89	
158	266	
163	164	
1	71	
96	65	
6	13	
157	279	
168	103	
97	90	
167	173	
166	189	
220	73	
4	78	
222	49	
224	23	
4	75	
9	11	
222	44	
4	71	
99	63	
221	57	
8	25	
311	9	
169	146	
222	48	
2	99	
165	193	
98	72	
311	3	
98	71	
2	90	
97	84	
96	99	
6	45	
5	57	
220	80	
225	21	
168	175	
221	70	
96	90	
166	193	
167	182	
223	48	
222	55	
221	69	
8	13	
7	29	
8	11	
233	228	
221	62	
229	312	
2	84	
233	226	
220	77	
221	66	
6	36	
169	156	
96	89	
221	67	
7	21	
234	214	
1	94	
227	313	
6	74	
167	151	
168	142	
168	141	
233	200	
5	84	
231	221	
223	11	
230	235	
5	83	
223	17	
159	285	
230	234	
222	23	
165	172	
222	24	
98	94	
168	134	
167	148	
7	53	
159	283	
221	34	
221	31	
163	196	
221	32	
220	60	
7	50	
167	162	
233	210	
228	311	
9	29	
231	236	
99	77	
99	75	
230	240	
3	98	
169	137	
98	88	
230	245	
165	185	
99	71	
223	21	
222	37	
164	199	
168	145	
7	40	
168	148	
164	191	
97	93	
164	190	
228	308	
97	92	
243	102	
225	53	
6	97	
233	268	
234	250	
225	58	
232	272	
231	288	
6	90	
237	210	
232	276	
224	68	
242	114	
237	215	
242	113	
227	28	
228	11	
227	27	
235	234	
241	123	
8	66	
168	198	
230	291	
227	22	
6	89	
227	23	
222	82	
221	98	
235	230	
232	289	
243	112	
232	288	
7	70	
234	263	
244	101	
226	53	
236	238	
229	13	
224	72	
237	221	
5	94	
229	19	
9	49	
237	225	
224	77	
223	82	
235	247	
236	231	
99	96	
99	94	
240	148	
226	47	
222	91	
7	69	
300	304	
235	244	
227	35	
227	36	
222	95	
240	141	
6	79	
224	49	
167	198	
225	34	
168	181	
220	91	
234	230	
225	37	
168	184	
233	243	
231	266	
241	105	
241	104	
241	109	
232	253	
223	59	
230	274	
240	118	
223	54	
241	100	
223	51	
220	88	
235	211	
234	227	
221	77	
7	98	
7	91	
314	9	
226	31	
236	217	
314	1	
225	40	
224	57	
237	205	
314	7	
232	263	
224	55	
235	224	
9	64	
236	212	
8	76	
241	110	
227	10	
169	173	
240	121	
235	220	
221	86	
234	235	
244	132	
243	148	
244	131	
227	71	
242	155	
242	154	
225	90	
243	143	
238	244	
242	158	
238	243	
302	310	
228	54	
242	152	
241	166	
236	267	
228	59	
227	64	
9	91	
244	128	
244	126	
226	79	
228	52	
239	244	
238	258	
226	98	
304	302	
239	246	
226	97	
303	313	
238	250	
304	300	
243	153	
236	276	
246	119	
242	161	
240	182	
244	138	
235	281	
227	74	
245	127	
243	125	
226	62	
243	129	
232	294	
236	249	
242	131	
242	136	
238	221	
229	29	
162	8	
235	251	
234	264	
162	5	
225	88	
238	236	
233	294	
244	125	
244	123	
226	74	
229	38	
302	304	
225	83	
163	3	
236	251	
163	8	
301	313	
239	219	
235	260	
234	275	
235	265	
234	279	
310	223	
310	220	
152	306	
244	171	
301	23	
248	127	
243	186	
300	37	
229	83	
311	206	
248	120	
152	304	
242	194	
311	208	
167	6	
246	145	
246	144	
228	97	
310	215	
311	200	
245	158	
244	186	
239	286	
244	184	
310	231	
249	120	
153	304	
153	303	
153	302	
249	122	
248	138	
244	181	
153	305	
246	159	
238	292	
312	201	
312	202	
247	146	
152	313	
245	168	
168	3	
311	216	
310	225	
306	311	
229	90	
244	158	
239	257	
239	256	
243	162	
242	176	
300	11	
243	166	
239	251	
244	150	
300	18	
242	179	
229	62	
228	76	
150	309	
241	183	
150	308	
228	71	
240	191	
150	300	
245	138	
228	75	
245	137	
235	297	
150	304	
244	165	
244	164	
239	264	
244	162	
167	4	
167	1	
243	173	
242	188	
229	79	
300	23	
238	278	
248	117	
243	176	
301	12	
238	276	
236	296	
228	87	
237	285	
242	183	
246	139	
245	146	
245	145	
310	208	
236	294	
236	293	
228	86	
160	210	
155	310	
160	215	
246	190	
314	217	
313	227	
249	155	
151	14	
301	65	
313	225	
248	165	
300	76	
248	163	
313	220	
300	74	
305	14	
303	36	
246	183	
312	232	
310	277	
160	220	
302	64	
310	272	
303	55	
160	225	
156	310	
314	225	
248	179	
249	162	
248	178	
151	20	
301	72	
300	88	
314	221	
247	187	
304	39	
313	235	
150	32	
313	232	
161	202	
156	303	
303	45	
246	199	
244	198	
245	181	
303	22	
245	185	
154	308	
308	309	
248	146	
239	295	
249	135	
239	293	
313	207	
311	228	
307	313	
169	7	
311	224	
245	178	
169	1	
303	17	
249	149	
302	43	
309	308	
160	204	
155	305	
310	251	
160	203	
249	142	
150	14	
314	205	
302	41	
304	18	
312	229	
313	214	
311	239	
300	65	
247	167	
248	151	
313	210	
308	311	
303	25	
245	188	
303	28	
160	256	
160	254	
311	295	
312	280	
302	97	
308	29	
308	28	
161	242	
308	26	
302	90	
151	54	
164	209	
152	44	
302	95	
305	57	
162	226	
154	19	
151	51	
306	45	
249	192	
241	3	
164	200	
313	264	
306	43	
154	11	
158	310	
242	8	
160	264	
308	33	
303	92	
161	252	
242	2	
164	215	
151	65	
307	41	
242	5	
242	6	
152	55	
170	101	
165	202	
163	224	
306	52	
163	223	
313	278	
306	50	
155	14	
150	73	
159	312	
153	37	
305	64	
160	233	
153	10	
152	23	
307	17	
307	16	
153	11	
152	28	
310	286	
314	236	
301	83	
160	230	
249	178	
314	233	
302	73	
302	71	
150	46	
306	21	
301	80	
161	215	
156	314	
162	200	
157	301	
153	20	
311	285	
308	11	
308	17	
152	38	
314	248	
306	37	
249	184	
152	31	
162	218	
158	301	
313	257	
158	300	
313	251	
151	41	
150	57	
311	279	
162	214	
304	58	
161	228	
162	212	
157	313	
304	55	
158	14	
309	50	
154	63	
170	132	
308	61	
160	291	
160	295	
314	299	
155	49	
152	80	
164	244	
156	34	
172	105	
167	205	
305	92	
171	119	
154	54	
163	251	
167	220	
153	86	
309	68	
166	239	
230	304	
165	244	
165	248	
171	130	
157	37	
153	80	
152	97	
156	44	
173	105	
307	83	
163	269	
306	97	
162	275	
245	1	
161	289	
154	66	
155	50	
245	5	
172	117	
163	261	
162	277	
243	4	
165	217	
308	45	
152	68	
166	206	
243	6	
166	205	
153	55	
304	92	
154	40	
164	227	
151	77	
152	62	
151	75	
156	17	
165	214	
152	66	
170	111	
164	228	
156	10	
156	11	
314	273	
162	249	
150	83	
164	223	
163	236	
155	29	
156	13	
162	243	
161	257	
312	298	
163	231	
305	75	
162	244	
150	80	
304	88	
170	129	
171	112	
308	56	
244	3	
172	101	
154	53	
153	66	
164	237	
157	14	
151	89	
156	27	
156	28	
151	87	
157	10	
163	248	
153	59	
304	96	
232	313	
232	312	
172	150	
158	58	
167	250	
158	59	
166	266	
159	48	
233	300	
172	154	
167	254	
158	52	
165	275	
170	173	
171	164	
159	41	
158	57	
176	104	
158	54	
169	226	
173	139	
163	299	
172	149	
172	146	
167	247	
168	238	
174	120	
169	221	
163	294	
171	178	
249	4	
249	8	
172	165	
167	266	
175	128	
166	272	
175	127	
170	186	
176	110	
170	184	
170	188	
174	136	
156	87	
174	134	
164	299	
164	297	
157	74	
168	245	
167	259	
172	157	
155	98	
153	97	
309	75	
231	305	
158	36	
159	21	
153	96	
162	294	
172	133	
231	309	
172	131	
169	209	
166	243	
166	241	
158	32	
246	5	
174	102	
163	278	
307	90	
246	8	
162	287	
159	17	
154	76	
155	66	
163	274	
172	141	
158	49	
171	157	
309	85	
166	256	
171	158	
309	87	
231	310	
175	106	
158	42	
170	163	
308	92	
166	254	
175	108	
157	59	
166	252	
308	95	
165	262	
164	276	
156	68	
168	222	
159	28	
163	285	
173	180	
159	89	
167	294	
173	184	
176	145	
159	81	
236	304	
236	309	
172	190	
235	313	
175	156	
158	93	
179	100	
168	275	
169	263	
178	135	
177	149	
159	92	
236	314	
175	168	
230	37	
240	220	
232	11	
174	176	
169	277	
232	12	
231	25	
177	115	
177	113	
171	188	
178	103	
168	262	
177	117	
167	276	
166	283	
165	299	
167	270	
234	306	
156	97	
170	194	
175	133	
173	154	
233	314	
168	253	
156	94	
173	158	
173	156	
177	126	
230	21	
177	124	
171	198	
230	22	
178	112	
173	170	
168	271	
172	186	
240	209	
240	207	
176	131	
158	89	
235	302	
235	301	
157	92	
158	81	
173	163	
173	169	
173	167	
230	74	
244	212	
179	152	
239	311	
235	19	
241	248	
230	70	
234	27	
176	184	
175	198	
239	307	
239	306	
179	145	
179	144	
243	219	
244	209	
178	176	
242	249	
243	233	
231	74	
178	179	
243	238	
177	183	
176	199	
234	33	
177	182	
177	181	
242	248	
178	171	
235	21	
176	192	
232	57	
240	265	
176	193	
244	216	
231	68	
250	104	
232	56	
230	54	
243	206	
231	42	
243	205	
233	10	
174	183	
168	299	
240	230	
243	218	
239	302	
179	141	
176	178	
234	11	
230	61	
232	35	
176	174	
240	249	
240	248	
231	46	
174	192	
169	292	
174	197	
248	209	
243	268	
171	0	
243	266	
179	197	
232	92	
236	47	
244	254	
232	90	
171	5	
247	217	
252	114	
236	40	
252	119	
253	103	
251	125	
234	61	
241	282	
233	75	
234	64	
234	63	
246	227	
244	249	
240	291	
231	98	
231	99	
246	222	
240	297	
232	89	
250	134	
249	205	
243	278	
236	54	
245	252	
249	208	
172	0	
235	63	
242	286	
239	18	
235	65	
241	295	
251	133	
252	123	
246	239	
245	244	
179	198	
310	302	
251	130	
241	290	
238	23	
230	95	
244	235	
232	70	
231	84	
177	195	
241	268	
242	259	
178	182	
235	33	
250	119	
240	279	
233	54	
241	262	
246	202	
241	261	
241	260	
242	250	
250	111	
245	212	
244	226	
236	17	
236	18	
233	50	
232	67	
245	213	
231	93	
179	180	
243	255	
245	230	
244	245	
252	106	
170	4	
251	114	
240	289	
245	228	
234	54	
251	115	
234	52	
244	239	
244	238	
179	178	
240	280	
245	226	
240	285	
232	75	
250	180	
249	236	
238	60	
238	61	
255	123	
244	298	
235	96	
313	307	
235	95	
313	303	
253	148	
253	147	
254	130	
246	268	
313	301	
248	242	
248	241	
248	240	
250	175	
246	260	
250	174	
237	68	
246	265	
246	264	
251	163	
250	191	
254	147	
255	135	
254	149	
253	156	
249	240	
253	153	
254	143	
249	244	
253	158	
249	242	
257	104	
246	279	
239	54	
252	161	
247	268	
252	166	
175	0	
255	129	
251	172	
256	110	
247	260	
251	173	
236	67	
243	289	
244	279	
249	219	
242	297	
239	29	
234	88	
243	287	
235	79	
248	227	
238	39	
252	130	
233	99	
251	145	
239	21	
234	81	
242	294	
247	235	
311	306	
239	25	
311	308	
245	255	
245	253	
233	94	
233	95	
233	93	
254	125	
249	226	
249	225	
250	173	
254	129	
250	172	
237	64	
236	70	
253	136	
236	71	
243	296	
249	220	
239	34	
246	258	
239	32	
173	6	
234	95	
239	36	
173	0	
238	43	
237	57	
251	153	
250	167	
246	252	
249	279	
178	4	
249	274	
258	129	
311	24	
311	23	
254	170	
254	176	
258	122	
257	137	
162	305	
257	136	
258	120	
252	194	
247	295	
248	286	
259	110	
311	21	
258	123	
310	34	
257	130	
256	144	
238	99	
162	300	
256	160	
255	176	
312	27	
312	26	
311	34	
258	138	
249	282	
311	33	
255	172	
255	171	
254	186	
310	42	
163	303	
311	30	
178	7	
162	312	
257	143	
178	9	
254	159	
255	142	
254	157	
237	93	
160	313	
238	81	
249	255	
253	168	
252	172	
256	129	
252	178	
252	177	
247	277	
256	122	
257	110	
251	184	
177	4	
254	167	
256	140	
258	119	
254	160	
259	107	
254	166	
258	111	
253	174	
258	114	
257	128	
253	171	
256	135	
256	134	
239	71	
251	192	
161	300	
256	139	
238	88	
247	280	
238	89	
171	200	
171	204	
314	31	
171	202	
314	30	
312	52	
311	68	
161	18	
161	10	
314	26	
257	172	
314	40	
166	312	
257	191	
170	220	
259	167	
311	78	
312	68	
258	174	
310	85	
161	22	
166	309	
310	83	
310	81	
313	23	
313	20	
255	188	
313	24	
164	303	
312	30	
311	44	
164	308	
254	198	
255	180	
254	196	
310	53	
310	59	
259	131	
254	190	
258	147	
163	314	
257	152	
256	166	
313	18	
165	305	
256	183	
160	19	
313	30	
312	43	
160	13	
310	63	
160	18	
257	161	
313	29	
314	73	
171	244	
314	72	
172	232	
164	25	
314	76	
312	95	
161	59	
170	254	
173	218	
169	300	
251	7	
312	93	
172	226	
164	18	
251	0	
172	228	
171	255	
163	45	
171	253	
162	56	
174	219	
170	266	
252	9	
161	63	
174	212	
169	312	
160	78	
175	201	
164	26	
160	74	
171	224	
312	73	
258	186	
172	209	
310	96	
259	173	
257	196	
310	90	
257	194	
314	46	
172	208	
162	34	
162	31	
161	48	
311	99	
312	87	
259	183	
168	308	
259	182	
173	204	
173	209	
312	80	
160	50	
173	203	
258	192	
160	52	
177	214	
163	78	
171	286	
164	63	
177	218	
255	4	
183	100	
177	215	
162	89	
163	71	
168	12	
177	210	
163	76	
170	299	
170	298	
162	81	
166	35	
173	259	
162	84	
180	130	
172	267	
173	251	
166	33	
161	90	
182	124	
172	284	
177	224	
173	271	
177	227	
165	61	
181	131	
176	231	
167	39	
162	98	
163	88	
162	92	
180	144	
168	20	
167	36	
162	93	
174	258	
255	7	
183	104	
182	119	
174	253	
166	44	
173	268	
178	208	
183	106	
174	250	
253	9	
176	208	
172	251	
172	250	
176	206	
163	56	
181	104	
172	255	
172	252	
180	115	
162	66	
175	214	
253	3	
176	201	
161	74	
174	222	
166	13	
180	111	
174	228	
173	235	
173	234	
160	84	
254	2	
163	68	
173	250	
165	41	
170	286	
254	0	
181	114	
164	50	
181	112	
171	272	
163	63	
171	271	
161	84	
174	239	
175	220	
166	29	
173	243	
165	34	
172	257	
161	81	
165	93	
169	47	
165	90	
178	245	
165	94	
186	106	
258	9	
176	265	
169	42	
180	179	
176	264	
182	153	
169	45	
181	168	
177	252	
169	43	
182	150	
185	114	
180	173	
258	1	
185	111	
179	228	
167	64	
176	262	
185	116	
165	89	
183	136	
173	296	
166	71	
184	126	
166	75	
167	60	
182	167	
178	252	
177	267	
169	59	
244	301	
184	140	
166	92	
183	153	
177	261	
186	116	
177	260	
259	7	
177	265	
181	177	
185	125	
184	139	
175	283	
179	239	
176	273	
178	249	
166	85	
178	248	
184	137	
175	281	
184	136	
174	295	
167	71	
172	295	
172	293	
169	25	
172	292	
182	139	
165	75	
177	237	
168	35	
176	243	
163	95	
181	141	
163	92	
176	242	
168	33	
241	308	
181	146	
177	231	
175	250	
184	105	
179	206	
180	155	
256	3	
166	52	
256	0	
182	129	
174	264	
183	119	
173	279	
169	38	
181	159	
173	294	
165	85	
182	147	
165	84	
176	255	
181	153	
176	254	
168	44	
181	157	
164	92	
180	162	
185	102	
175	262	
184	117	
175	266	
185	104	
174	271	
174	270	
179	210	
166	60	
166	67	
241	20	
188	126	
178	284	
189	114	
184	173	
183	189	
189	113	
184	170	
178	287	
177	294	
177	293	
182	191	
186	147	
182	190	
177	291	
169	89	
178	280	
177	295	
169	88	
246	301	
251	203	
241	17	
185	150	
241	18	
241	16	
184	163	
168	90	
250	212	
184	168	
179	268	
179	281	
179	280	
189	122	
184	181	
252	209	
252	201	
189	118	
250	220	
184	176	
185	160	
185	165	
242	17	
182	178	
182	177	
188	105	
168	79	
177	270	
181	184	
185	135	
167	86	
169	60	
168	74	
167	80	
179	242	
184	148	
184	147	
179	248	
175	290	
183	174	
178	272	
241	14	
183	177	
241	11	
189	101	
179	261	
187	123	
177	282	
240	21	
178	271	
178	270	
169	79	
168	83	
186	133	
167	90	
178	269	
167	92	
241	62	
254	211	
255	202	
255	201	
241	66	
253	220	
244	28	
253	226	
253	225	
245	18	
244	22	
186	188	
250	252	
185	197	
189	166	
253	232	
187	188	
244	38	
188	171	
252	246	
188	170	
245	29	
189	160	
251	254	
252	245	
240	80	
243	40	
250	262	
243	44	
186	192	
242	58	
186	191	
188	147	
189	134	
253	200	
188	144	
187	158	
250	238	
251	225	
189	129	
184	188	
243	12	
250	234	
242	26	
253	219	
241	54	
240	68	
249	308	
241	58	
242	42	
249	305	
188	151	
253	210	
252	226	
252	225	
253	213	
248	314	
188	152	
251	235	
243	24	
186	172	
251	239	
187	163	
252	222	
252	221	
251	236	
250	242	
189	139	
242	32	
241	48	
242	33	
186	170	
247	33	
181	7	
254	255	
248	21	
260	144	
255	245	
243	81	
255	243	
247	36	
246	42	
258	209	
254	251	
257	215	
244	66	
256	228	
258	203	
262	115	
248	14	
248	13	
256	227	
248	19	
251	284	
247	45	
247	42	
182	1	
182	7	
247	46	
182	4	
255	254	
247	40	
254	263	
253	279	
263	118	
253	278	
252	285	
261	138	
256	239	
255	249	
243	85	
261	130	
255	223	
188	184	
240	92	
187	198	
188	187	
188	186	
253	245	
246	22	
187	192	
252	250	
251	265	
256	206	
252	256	
261	100	
243	52	
255	215	
243	55	
244	40	
261	102	
260	117	
250	290	
241	95	
254	244	
247	24	
180	2	
189	183	
241	94	
246	35	
256	212	
243	62	
247	18	
260	128	
251	272	
260	185	
256	270	
265	125	
265	124	
248	60	
260	188	
255	289	
254	293	
246	86	
263	148	
257	259	
245	94	
245	92	
258	246	
245	95	
256	267	
261	163	
266	108	
256	268	
256	281	
249	60	
170	309	
248	75	
261	181	
263	159	
265	132	
246	98	
255	290	
262	168	
263	150	
185	2	
263	157	
259	242	
267	102	
261	177	
248	69	
256	275	
262	165	
261	179	
267	103	
247	54	
261	151	
256	252	
248	42	
247	58	
259	213	
258	229	
254	272	
253	287	
258	227	
265	100	
246	67	
258	221	
263	123	
257	239	
261	144	
248	37	
248	34	
243	93	
248	35	
249	24	
243	99	
261	145	
255	275	
265	112	
255	279	
266	102	
260	177	
265	116	
246	75	
258	238	
253	296	
263	131	
246	70	
261	154	
248	45	
183	3	
183	4	
249	35	
183	7	
262	140	
244	93	
266	158	
188	7	
264	176	
266	150	
188	0	
268	127	
258	285	
258	284	
264	174	
259	275	
263	189	
269	112	
257	295	
172	303	
189	3	
267	152	
189	4	
266	167	
266	166	
265	177	
265	176	
263	196	
173	304	
173	303	
264	183	
263	199	
173	308	
256	292	
171	300	
248	84	
265	147	
170	314	
247	98	
257	280	
171	304	
259	257	
263	169	
265	144	
264	159	
264	157	
268	105	
268	102	
258	268	
186	0	
268	106	
268	101	
257	277	
262	176	
262	175	
249	66	
267	114	
249	67	
257	291	
269	108	
259	268	
265	150	
269	106	
248	91	
268	113	
264	160	
268	117	
267	123	
261	198	
249	76	
258	270	
262	184	
181	206	
267	180	
181	203	
180	218	
180	217	
176	301	
269	155	
269	153	
170	27	
267	177	
269	150	
182	200	
181	216	
177	306	
267	195	
182	203	
181	219	
176	313	
172	19	
269	163	
268	179	
180	221	
171	26	
171	27	
268	173	
267	188	
171	20	
170	37	
266	175	
265	189	
265	182	
259	298	
264	197	
174	306	
266	170	
259	293	
269	132	
269	136	
264	194	
264	193	
268	141	
268	145	
180	209	
267	172	
269	149	
175	308	
175	307	
174	312	
269	143	
170	16	
269	148	
265	190	
170	12	
175	11	
180	255	
182	230	
181	245	
181	244	
184	207	
180	250	
269	198	
171	58	
184	208	
178	313	
179	304	
184	200	
174	34	
180	267	
172	59	
182	240	
173	49	
262	4	
179	311	
175	19	
182	211	
177	312	
182	210	
173	17	
170	50	
173	15	
180	237	
170	49	
180	231	
172	21	
269	178	
268	185	
170	44	
268	188	
268	186	
170	60	
181	231	
173	22	
172	31	
172	35	
260	5	
268	193	
171	42	
178	307	
269	181	
170	57	
182	275	
265	9	
183	264	
182	279	
178	18	
187	213	
172	85	
184	249	
185	233	
172	83	
180	298	
181	282	
173	73	
183	259	
183	256	
176	33	
190	130	
172	81	
184	244	
192	129	
188	213	
182	287	
192	126	
183	274	
181	297	
179	13	
173	89	
192	125	
179	17	
179	18	
174	74	
182	282	
174	75	
178	21	
185	245	
177	38	
250	303	
191	132	
190	148	
181	292	
178	23	
190	146	
188	208	
184	251	
176	44	
250	302	
177	34	
181	269	
175	30	
182	259	
176	20	
183	242	
183	241	
186	204	
181	261	
173	54	
186	209	
263	9	
186	206	
184	229	
180	272	
185	212	
184	228	
172	64	
180	270	
190	115	
185	216	
180	275	
172	68	
183	237	
184	220	
175	26	
176	15	
182	265	
175	45	
187	200	
181	275	
174	50	
190	128	
192	102	
174	52	
173	68	
180	281	
171	88	
171	89	
170	98	
171	83	
183	246	
171	80	
185	220	
188	245	
175	96	
194	133	
193	149	
196	108	
186	268	
192	158	
188	242	
193	140	
179	48	
175	92	
178	54	
177	68	
196	105	
191	164	
189	227	
194	125	
184	285	
184	284	
190	172	
184	289	
188	255	
193	158	
197	103	
193	153	
179	59	
197	107	
185	287	
196	117	
192	160	
269	2	
196	116	
186	276	
189	238	
189	237	
184	296	
195	123	
190	182	
188	229	
193	127	
183	287	
193	126	
251	308	
192	131	
174	84	
179	23	
187	237	
179	29	
179	27	
173	90	
186	244	
174	80	
190	158	
186	243	
177	40	
266	6	
184	262	
190	152	
188	233	
193	139	
184	283	
193	138	
189	223	
183	298	
188	237	
252	302	
186	258	
192	147	
252	307	
187	247	
252	306	
174	96	
185	268	
251	310	
190	164	
178	42	
174	91	
186	254	
178	45	
251	313	
185	260	
195	104	
195	103	
267	4	
189	218	
252	13	
252	12	
192	198	
250	34	
198	121	
250	32	
198	120	
199	111	
194	170	
261	207	
196	146	
196	148	
260	214	
195	154	
256	304	
195	157	
252	20	
189	285	
199	123	
252	24	
250	42	
179	99	
257	308	
189	282	
250	49	
250	47	
257	302	
257	301	
261	210	
252	15	
196	154	
261	213	
188	268	
193	166	
188	267	
193	165	
255	301	
195	140	
194	156	
192	176	
188	260	
192	174	
250	14	
179	60	
191	182	
187	272	
191	186	
179	62	
186	286	
177	85	
195	131	
254	307	
186	281	
195	135	
185	295	
189	263	
194	161	
193	176	
260	211	
199	108	
199	107	
189	265	
192	187	
197	127	
192	186	
188	276	
187	289	
179	71	
186	293	
179	73	
187	281	
260	205	
264	217	
251	68	
265	204	
198	167	
198	168	
254	27	
197	174	
254	25	
197	179	
261	241	
195	197	
195	196	
253	39	
270	112	
252	63	
265	216	
252	66	
255	29	
256	13	
256	14	
199	161	
251	70	
198	175	
265	210	
264	225	
199	164	
198	179	
197	185	
263	234	
263	232	
198	171	
260	268	
262	241	
196	195	
194	195	
194	199	
260	241	
199	138	
194	197	
198	145	
258	305	
251	40	
262	218	
199	133	
258	308	
258	307	
257	313	
261	226	
258	300	
197	155	
195	177	
252	29	
260	235	
253	10	
253	17	
196	163	
264	208	
259	309	
251	56	
264	205	
195	194	
264	200	
250	64	
199	142	
199	141	
197	161	
250	62	
250	63	
260	247	
260	246	
253	28	
254	10	
266	231	
261	290	
270	145	
265	246	
257	39	
270	149	
199	194	
263	268	
257	34	
191	9	
191	6	
265	240	
262	279	
273	102	
267	219	
268	202	
267	217	
191	0	
256	43	
254	62	
267	212	
266	226	
271	124	
258	18	
255	50	
255	51	
271	142	
266	243	
274	109	
269	209	
269	208	
265	251	
192	2	
273	114	
263	273	
256	54	
269	200	
271	136	
253	88	
254	77	
267	227	
259	19	
264	239	
257	14	
265	222	
265	227	
253	62	
198	187	
251	88	
199	176	
264	234	
257	11	
256	27	
197	195	
197	194	
255	36	
197	198	
266	206	
266	203	
266	208	
262	250	
257	27	
265	235	
253	71	
270	133	
266	224	
266	223	
258	16	
260	297	
253	72	
270	136	
190	9	
255	49	
198	197	
264	246	
198	192	
255	44	
272	105	
262	265	
263	254	
255	45	
253	65	
272	102	
129	189	
200	136	
78	143	
200	134	
120	7	
69	290	
74	192	
69	293	
79	134	
129	182	
201	119	
201	118	
75	185	
120	0	
128	190	
200	126	
59	94	
200	142	
59	90	
129	192	
203	100	
203	104	
203	103	
76	183	
201	122	
72	192	
72	195	
67	296	
77	137	
128	175	
78	123	
78	125	
78	126	
69	270	
73	186	
73	189	
74	174	
75	165	
75	166	
200	107	
76	154	
126	193	
126	192	
77	143	
77	144	
78	130	
77	146	
78	132	
129	170	
78	135	
79	121	
74	181	
69	282	
68	299	
73	199	
127	193	
79	128	
127	197	
75	174	
76	163	
201	105	
77	151	
205	117	
206	100	
206	102	
200	171	
204	127	
202	143	
78	192	
206	112	
200	187	
78	195	
200	184	
206	116	
201	175	
206	115	
205	129	
204	135	
200	182	
203	144	
203	143	
204	130	
203	145	
78	160	
200	153	
78	163	
201	141	
200	155	
203	116	
76	193	
70	7	
200	164	
205	104	
200	162	
201	150	
203	128	
79	168	
204	116	
79	169	
77	194	
205	159	
111	310	
206	147	
206	140	
127	5	
208	118	
204	160	
209	103	
208	110	
207	126	
111	309	
203	173	
112	310	
207	141	
128	2	
128	3	
205	167	
128	0	
205	166	
204	171	
204	173	
112	305	
71	4	
71	1	
208	124	
207	139	
203	182	
202	198	
203	181	
200	197	
207	110	
74	6	
206	124	
204	145	
74	0	
110	300	
207	104	
202	161	
201	176	
202	165	
125	0	
207	105	
110	310	
206	130	
204	153	
207	112	
202	171	
203	160	
208	100	
206	186	
206	181	
115	304	
61	308	
205	193	
115	301	
208	154	
208	151	
110	16	
207	184	
116	307	
206	198	
75	4	
208	172	
110	31	
116	300	
120	214	
115	314	
209	157	
111	13	
115	313	
110	26	
206	166	
209	123	
203	196	
204	186	
208	130	
203	194	
207	149	
206	176	
206	179	
114	308	
204	199	
209	134	
209	133	
208	141	
76	8	
208	147	
208	145	
122	228	
114	18	
122	226	
120	249	
120	248	
113	28	
79	6	
112	32	
111	41	
209	180	
110	55	
209	186	
123	209	
65	300	
122	236	
65	301	
70	201	
115	15	
70	208	
113	36	
120	258	
114	21	
111	59	
124	208	
112	41	
119	307	
124	206	
121	240	
113	32	
78	4	
112	46	
201	2	
110	69	
122	201	
117	301	
121	215	
209	169	
208	176	
209	164	
208	178	
122	214	
122	213	
118	302	
60	18	
122	215	
121	221	
121	226	
113	17	
113	16	
112	21	
63	310	
110	44	
208	184	
64	302	
110	47	
209	173	
64	305	
209	172	
208	188	
132	108	
123	252	
115	45	
62	23	
114	58	
70	236	
123	255	
204	3	
204	4	
71	227	
71	228	
60	45	
127	204	
121	279	
117	18	
120	286	
68	309	
116	25	
111	84	
73	209	
116	23	
125	222	
130	120	
120	280	
115	55	
62	13	
123	263	
61	28	
128	203	
115	53	
122	278	
70	246	
62	10	
133	107	
123	267	
60	39	
114	63	
71	236	
114	61	
71	239	
115	51	
72	224	
127	215	
114	65	
60	31	
68	311	
205	0	
122	273	
121	289	
68	312	
125	237	
121	280	
117	28	
118	13	
130	134	
120	294	
118	11	
123	258	
70	251	
61	19	
114	38	
122	249	
70	218	
61	53	
71	204	
60	68	
60	66	
114	35	
60	64	
124	219	
130	104	
115	19	
110	76	
111	61	
110	77	
70	221	
122	258	
123	241	
122	256	
61	49	
111	80	
62	31	
116	22	
123	244	
126	207	
71	214	
203	9	
72	201	
203	7	
114	46	
114	43	
60	50	
124	229	
203	4	
203	5	
113	51	
126	200	
110	88	
63	13	
111	77	
70	230	
124	225	
116	17	
70	232	
133	137	
75	219	
133	134	
81	105	
134	124	
71	266	
62	63	
134	123	
66	18	
72	253	
127	245	
131	158	
66	14	
60	89	
115	84	
66	13	
128	232	
127	248	
66	11	
61	70	
128	231	
74	230	
74	231	
60	82	
135	107	
131	150	
118	49	
64	36	
80	121	
135	100	
70	282	
134	115	
63	46	
125	265	
70	285	
63	44	
80	126	
117	56	
75	228	
71	271	
71	272	
124	291	
76	214	
129	231	
134	130	
129	230	
129	236	
81	117	
76	218	
76	219	
134	133	
132	154	
60	79	
132	153	
65	18	
128	244	
73	255	
64	29	
135	119	
132	152	
64	24	
134	129	
75	232	
130	171	
75	233	
135	111	
124	286	
135	117	
117	67	
118	51	
70	255	
133	114	
123	274	
132	129	
63	71	
62	85	
133	117	
128	218	
133	116	
62	81	
73	220	
115	60	
132	124	
121	290	
126	230	
130	144	
114	70	
74	212	
117	31	
116	45	
63	68	
125	244	
125	243	
63	62	
128	225	
62	77	
133	123	
116	60	
71	253	
128	229	
123	287	
124	271	
62	72	
66	27	
61	85	
66	26	
61	82	
132	136	
66	22	
61	80	
115	72	
118	34	
130	158	
65	36	
131	140	
117	49	
127	231	
64	48	
113	96	
126	244	
134	107	
130	150	
125	251	
74	226	
117	43	
74	227	
124	265	
80	111	
129	205	
63	57	
125	254	
68	37	
76	249	
68	34	
63	93	
134	168	
135	152	
67	48	
133	172	
83	122	
73	282	
83	123	
127	287	
138	118	
83	125	
134	160	
73	286	
67	40	
133	175	
84	111	
73	287	
74	272	
126	298	
118	89	
127	281	
118	87	
131	195	
84	115	
65	67	
84	118	
75	262	
127	284	
119	75	
74	279	
64	79	
136	139	
119	76	
69	17	
64	76	
80	167	
200	203	
135	149	
131	192	
136	132	
76	255	
118	84	
64	70	
129	277	
134	174	
81	158	
81	159	
67	38	
63	81	
82	147	
73	292	
128	283	
83	134	
128	282	
137	138	
139	112	
133	186	
83	139	
136	149	
137	133	
132	191	
79	226	
65	57	
201	208	
84	128	
80	171	
79	229	
64	69	
137	134	
80	174	
64	67	
86	101	
81	161	
81	162	
75	279	
68	19	
64	60	
68	59	
133	158	
129	243	
116	95	
68	57	
134	140	
128	257	
130	190	
76	228	
77	212	
71	287	
117	81	
77	215	
72	274	
133	151	
127	268	
67	65	
137	105	
67	64	
209	9	
66	74	
136	114	
65	89	
131	172	
119	55	
136	119	
209	7	
126	278	
131	176	
80	142	
125	283	
134	137	
130	180	
75	246	
118	63	
69	36	
136	112	
118	64	
81	131	
75	248	
64	94	
64	93	
118	62	
129	255	
129	254	
77	220	
77	221	
138	109	
117	93	
82	122	
117	94	
129	258	
81	139	
77	224	
135	140	
72	284	
129	256	
82	126	
78	211	
73	271	
133	160	
82	128	
128	260	
119	69	
67	53	
67	51	
138	105	
79	201	
74	260	
84	100	
138	104	
78	218	
137	111	
119	62	
132	170	
84	102	
84	103	
79	204	
79	205	
74	264	
118	77	
137	115	
74	266	
66	60	
80	150	
79	209	
119	65	
80	152	
80	153	
118	71	
125	299	
64	84	
131	181	
126	282	
63	99	
81	144	
69	22	
200	253	
69	64	
204	209	
78	260	
88	101	
77	277	
87	118	
88	102	
135	195	
138	158	
138	156	
78	268	
83	168	
137	165	
85	142	
67	80	
137	164	
202	223	
138	154	
137	169	
202	229	
86	131	
81	190	
137	167	
81	191	
136	174	
81	192	
69	58	
137	161	
210	104	
200	264	
88	110	
77	287	
83	171	
83	172	
205	209	
201	252	
205	207	
68	63	
205	206	
139	153	
84	160	
84	161	
79	262	
138	167	
84	162	
68	60	
84	165	
66	89	
66	86	
203	220	
138	164	
65	96	
136	184	
136	183	
69	49	
86	146	
82	192	
77	293	
87	134	
82	193	
202	230	
77	254	
69	84	
83	140	
134	189	
200	233	
133	194	
133	199	
129	284	
129	283	
138	137	
79	235	
74	295	
84	137	
75	281	
80	181	
119	99	
75	283	
75	285	
119	98	
80	186	
75	288	
81	172	
135	165	
136	154	
201	214	
129	297	
139	136	
69	73	
83	150	
135	185	
67	97	
84	149	
202	212	
138	142	
203	200	
76	282	
75	298	
135	178	
137	151	
76	286	
76	287	
136	165	
205	237	
88	144	
206	220	
210	138	
84	194	
139	184	
89	136	
138	199	
210	133	
139	189	
205	231	
138	193	
85	186	
212	108	
202	268	
203	251	
139	182	
203	258	
201	276	
207	205	
205	249	
69	95	
69	90	
131	7	
85	193	
205	243	
85	195	
213	103	
139	193	
208	209	
213	106	
203	266	
212	113	
206	229	
212	111	
207	212	
212	110	
208	201	
69	89	
88	163	
69	88	
82	196	
77	298	
205	214	
87	139	
210	112	
205	213	
83	183	
210	118	
84	174	
89	118	
139	165	
85	165	
202	246	
85	166	
86	153	
201	255	
200	269	
137	184	
205	227	
88	132	
206	214	
200	289	
83	197	
78	298	
211	111	
139	173	
84	186	
200	282	
85	172	
85	177	
86	167	
87	151	
206	205	
202	255	
87	156	
88	141	
206	209	
216	106	
206	266	
89	171	
210	179	
89	173	
212	150	
205	273	
209	228	
205	271	
215	118	
210	177	
214	122	
214	120	
204	280	
203	295	
212	147	
88	197	
216	117	
207	261	
89	184	
89	186	
212	162	
216	118	
210	182	
215	122	
204	298	
205	289	
215	127	
208	249	
214	130	
214	137	
215	121	
204	294	
209	230	
89	190	
213	142	
132	9	
210	158	
206	243	
89	151	
212	131	
202	291	
88	169	
209	208	
89	158	
214	106	
89	159	
209	206	
204	265	
209	205	
86	196	
209	204	
203	277	
211	139	
201	298	
88	171	
208	212	
202	285	
89	162	
133	8	
212	142	
89	165	
211	156	
207	240	
206	256	
89	169	
210	160	
214	116	
205	260	
205	264	
203	287	
203	285	
87	193	
88	180	
213	122	
122	300	
216	148	
214	165	
209	269	
218	114	
207	289	
214	162	
218	130	
138	2	
214	177	
215	161	
219	117	
215	160	
214	175	
215	164	
213	188	
208	289	
218	128	
213	187	
208	288	
217	115	
212	174	
207	275	
217	114	
120	304	
206	284	
84	5	
211	182	
84	2	
214	143	
209	244	
135	8	
209	248	
214	146	
209	240	
211	197	
212	185	
121	308	
211	199	
121	301	
211	191	
214	155	
83	5	
208	269	
136	9	
120	310	
136	7	
209	258	
208	264	
218	101	
209	252	
214	150	
208	266	
218	162	
71	302	
216	185	
130	208	
130	206	
216	181	
130	204	
120	31	
218	173	
218	177	
217	180	
130	218	
72	301	
121	19	
219	159	
126	302	
130	214	
217	155	
218	142	
217	157	
215	177	
123	305	
208	297	
219	124	
217	165	
214	197	
209	298	
214	196	
124	304	
209	296	
134	200	
133	210	
128	310	
131	239	
89	6	
122	30	
89	0	
133	209	
122	33	
75	305	
129	310	
75	309	
133	227	
125	18	
132	231	
123	38	
132	237	
133	221	
120	70	
130	257	
130	254	
124	20	
123	36	
131	244	
131	242	
121	55	
130	252	
134	209	
122	45	
130	251	
76	300	
121	30	
218	180	
71	10	
72	314	
73	302	
70	21	
131	212	
122	18	
120	38	
210	4	
210	9	
219	181	
123	19	
70	16	
210	1	
70	12	
73	312	
130	233	
122	25	
73	314	
74	300	
131	220	
130	236	
219	174	
218	189	
122	23	
73	11	
121	96	
132	265	
72	20	
214	9	
71	34	
132	269	
142	107	
133	251	
124	50	
140	128	
135	229	
83	208	
123	64	
141	118	
142	100	
214	2	
123	68	
80	240	
135	223	
134	237	
127	13	
135	220	
81	234	
134	250	
127	32	
134	256	
81	238	
82	222	
82	223	
122	90	
215	3	
142	116	
78	311	
83	212	
84	201	
123	77	
128	15	
137	214	
136	229	
132	272	
124	62	
123	78	
84	207	
130	293	
127	25	
84	209	
127	26	
140	131	
126	39	
122	82	
122	83	
130	290	
123	72	
80	256	
123	73	
140	135	
140	134	
130	294	
81	243	
73	35	
125	25	
73	33	
81	204	
72	45	
132	244	
131	259	
124	36	
133	232	
133	231	
125	24	
71	54	
122	59	
70	64	
212	9	
70	61	
122	52	
80	220	
74	13	
135	204	
130	261	
72	39	
120	95	
76	314	
121	80	
72	37	
81	216	
72	35	
126	25	
71	48	
72	32	
141	109	
120	93	
120	94	
70	58	
131	263	
213	5	
123	53	
124	42	
70	51	
140	110	
121	79	
134	225	
140	115	
136	200	
140	112	
127	62	
126	78	
74	40	
144	125	
73	55	
145	114	
144	129	
218	1	
139	229	
127	63	
73	51	
82	257	
125	83	
138	232	
72	62	
144	121	
84	231	
138	237	
71	75	
76	14	
202	302	
141	156	
136	257	
138	230	
124	98	
90	122	
137	245	
124	95	
70	81	
145	106	
145	105	
90	128	
80	288	
74	35	
141	153	
73	49	
136	253	
141	151	
201	312	
145	121	
87	202	
86	218	
72	59	
140	184	
92	107	
73	40	
126	80	
138	245	
72	53	
138	244	
138	248	
126	82	
144	130	
71	63	
141	168	
136	269	
129	43	
202	312	
84	248	
125	92	
143	140	
137	257	
203	300	
75	12	
90	136	
86	221	
135	277	
135	276	
128	52	
127	68	
91	123	
141	165	
128	57	
145	119	
129	40	
128	56	
86	228	
74	20	
146	103	
143	119	
73	77	
144	108	
78	15	
200	311	
139	207	
73	72	
132	288	
78	12	
133	270	
138	210	
133	276	
144	100	
71	99	
126	52	
83	225	
71	98	
76	38	
142	129	
77	21	
76	37	
83	229	
76	34	
71	93	
124	70	
142	124	
132	283	
124	73	
132	281	
200	305	
140	143	
122	96	
85	205	
85	207	
74	57	
135	249	
136	233	
123	83	
140	148	
131	290	
127	38	
90	109	
127	39	
73	69	
134	275	
217	1	
134	274	
144	112	
134	279	
72	77	
125	74	
72	76	
142	138	
133	282	
132	297	
132	296	
72	73	
125	78	
71	88	
144	110	
126	63	
139	211	
128	39	
129	21	
141	144	
123	97	
76	22	
70	96	
125	71	
127	47	
135	256	
80	274	
75	33	
135	255	
123	91	
80	275	
86	201	
85	217	
128	35	
201	304	
140	158	
129	20	
123	95	
136	242	
81	265	
201	301	
82	294	
128	90	
88	220	
205	314	
82	296	
93	120	
74	82	
145	158	
88	225	
78	36	
0	104	
138	277	
77	48	
149	104	
94	117	
95	102	
90	161	
85	262	
76	58	
95	103	
137	285	
95	104	
141	199	
90	165	
90	167	
90	168	
128	84	
145	148	
74	78	
74	76	
147	120	
129	73	
79	16	
210	225	
144	179	
145	163	
210	223	
88	234	
78	27	
145	168	
211	212	
146	151	
93	135	
94	120	
206	311	
88	238	
84	281	
72	98	
149	111	
138	287	
84	285	
149	117	
210	220	
85	273	
137	297	
90	173	
138	280	
95	116	
85	276	
142	199	
96	103	
86	263	
86	266	
146	144	
75	52	
86	269	
75	51	
137	293	
87	254	
74	66	
144	146	
139	246	
1	115	
128	71	
140	195	
88	201	
79	44	
140	193	
0	128	
135	293	
88	205	
78	56	
204	301	
126	92	
0	125	
78	54	
143	159	
0	120	
144	141	
138	258	
129	56	
141	179	
77	62	
147	102	
85	243	
76	77	
146	118	
129	55	
219	6	
142	168	
90	144	
76	75	
76	74	
129	59	
91	130	
146	113	
141	172	
76	72	
136	272	
128	65	
145	127	
136	271	
81	293	
136	270	
128	68	
75	84	
219	3	
129	53	
128	67	
92	125	
92	126	
74	93	
128	82	
87	228	
83	271	
88	213	
83	272	
1	102	
0	116	
148	108	
200	18	
83	276	
143	165	
93	117	
148	105	
84	262	
139	256	
83	279	
94	104	
89	208	
94	108	
89	209	
77	51	
85	254	
76	64	
91	140	
138	261	
91	142	
146	123	
136	283	
135	299	
75	76	
141	181	
86	246	
128	79	
74	89	
146	127	
136	287	
129	61	
79	28	
75	71	
145	198	
93	162	
146	181	
93	165	
98	107	
88	269	
79	64	
89	254	
89	255	
214	206	
94	156	
79	60	
214	205	
202	40	
78	74	
0	144	
210	253	
0	143	
201	59	
86	290	
91	190	
95	148	
96	133	
213	212	
200	64	
91	193	
214	201	
96	137	
209	301	
91	197	
97	123	
86	299	
2	118	
92	185	
87	286	
208	311	
208	310	
204	17	
99	100	
146	190	
146	196	
98	119	
203	49	
99	104	
211	254	
204	31	
94	165	
210	261	
99	107	
149	155	
210	265	
96	140	
77	76	
220	102	
205	17	
213	225	
77	73	
76	89	
205	15	
77	72	
213	223	
149	152	
148	168	
148	167	
75	99	
204	23	
2	108	
92	195	
76	80	
75	96	
212	231	
213	222	
2	105	
148	160	
92	198	
88	283	
212	236	
98	124	
145	176	
92	157	
92	159	
210	233	
2	143	
203	15	
145	179	
93	145	
79	87	
203	16	
84	290	
89	232	
84	291	
79	85	
210	237	
84	292	
79	83	
144	188	
95	120	
202	23	
139	288	
89	238	
139	287	
210	230	
95	123	
138	293	
95	124	
78	92	
138	292	
212	208	
78	90	
212	207	
144	180	
96	113	
85	289	
91	174	
3	128	
87	262	
146	154	
92	162	
92	163	
92	164	
2	138	
97	106	
92	166	
88	251	
212	202	
92	167	
88	253	
88	256	
211	235	
146	172	
94	142	
93	158	
149	136	
94	143	
149	135	
78	88	
78	87	
139	298	
85	293	
77	99	
201	49	
95	135	
95	136	
96	121	
96	122	
212	217	
4	103	
91	184	
200	56	
148	145	
77	90	
213	205	
208	306	
211	228	
207	313	
86	288	
212	211	
3	115	
91	188	
148	140	
2	128	
92	175	
212	215	
3	111	
88	261	
146	169	
212	213	
89	292	
208	19	
7	108	
99	134	
217	212	
212	271	
7	101	
207	27	
220	131	
0	188	
95	187	
221	121	
6	112	
215	237	
202	87	
5	127	
0	186	
220	135	
207	29	
6	110	
96	174	
213	259	
206	34	
96	175	
148	196	
207	20	
212	267	
204	58	
148	190	
205	43	
222	104	
206	30	
98	155	
213	253	
3	142	
209	13	
208	28	
204	71	
222	125	
1	169	
99	147	
212	284	
205	61	
1	167	
99	149	
6	105	
141	9	
79	92	
220	142	
221	133	
211	293	
95	198	
208	23	
0	175	
220	146	
202	99	
0	173	
149	193	
223	109	
0	172	
0	171	
223	107	
223	102	
217	219	
212	278	
204	69	
98	162	
213	261	
223	100	
204	67	
205	57	
222	119	
212	279	
8	116	
93	186	
221	101	
147	192	
2	185	
89	275	
212	250	
201	79	
215	212	
99	119	
2	180	
95	163	
7	120	
1	195	
211	260	
149	160	
96	153	
201	72	
201	70	
149	165	
97	143	
4	156	
212	245	
147	184	
212	244	
4	154	
147	182	
3	168	
147	188	
213	231	
147	186	
3	163	
7	119	
8	102	
94	182	
203	65	
7	117	
93	199	
216	219	
201	88	
149	177	
210	280	
207	14	
207	19	
0	199	
1	182	
207	17	
149	172	
200	96	
213	245	
201	86	
0	191	
97	152	
97	153	
214	234	
201	84	
212	256	
97	156	
3	158	
148	184	
205	33	
221	169	
8	135	
99	179	
218	243	
8	133	
205	92	
208	54	
225	117	
225	116	
220	175	
144	0	
226	107	
6	157	
209	43	
216	265	
220	170	
214	287	
219	227	
208	50	
214	289	
5	162	
4	178	
223	135	
9	118	
4	177	
205	85	
3	189	
98	199	
219	223	
214	281	
213	297	
205	88	
214	280	
209	57	
4	170	
99	186	
227	106	
217	264	
3	183	
2	199	
2	198	
222	168	
7	136	
2	195	
217	267	
209	50	
208	66	
2	192	
225	128	
215	287	
208	69	
7	131	
226	118	
209	51	
219	239	
220	185	
220	184	
5	153	
225	124	
4	167	
8	119	
223	149	
99	195	
9	101	
209	25	
204	81	
9	141	
203	98	
218	221	
91	1	
217	236	
7	169	
8	153	
215	257	
208	33	
215	255	
208	30	
207	47	
216	244	
208	37	
213	279	
6	173	
142	3	
98	170	
217	229	
205	65	
204	79	
9	136	
214	260	
213	276	
223	114	
206	51	
205	67	
9	132	
90	6	
217	247	
204	99	
204	96	
209	38	
220	167	
143	2	
90	2	
143	0	
90	0	
7	152	
209	32	
208	48	
6	167	
219	217	
206	67	
219	216	
206	68	
97	193	
214	279	
225	101	
220	160	
4	189	
5	171	
205	79	
224	111	
4	183	
224	110	
4	182	
132	306	
228	122	
222	196	
217	297	
209	89	
219	271	
222	190	
7	188	
131	312	
209	84	
227	133	
7	183	
226	148	
7	182	
7	181	
225	153	
6	195	
6	193	
6	191	
224	163	
229	103	
219	267	
92	1	
133	300	
218	298	
223	196	
219	280	
8	163	
7	178	
8	162	
227	146	
227	144	
5	196	
226	151	
223	189	
9	149	
224	171	
91	9	
224	177	
229	117	
225	160	
91	7	
228	101	
217	276	
222	174	
227	114	
0	9	
223	164	
223	163	
217	279	
0	8	
218	262	
217	278	
8	194	
216	283	
226	122	
0	1	
216	286	
207	84	
207	85	
130	300	
219	249	
94	5	
224	147	
224	146	
226	121	
221	180	
215	296	
208	70	
94	1	
225	134	
206	93	
9	178	
224	142	
219	243	
209	79	
131	309	
218	276	
216	299	
209	73	
208	89	
131	306	
221	197	
131	305	
130	310	
225	141	
208	83	
207	97	
225	146	
228	109	
224	152	
219	253	
228	108	
93	0	
224	155	
224	154	
130	25	
229	151	
229	150	
228	164	
130	21	
228	161	
227	177	
140	206	
135	307	
229	146	
225	193	
81	310	
130	34	
228	179	
9	191	
1	0	
9	190	
141	208	
141	207	
228	174	
227	189	
228	172	
136	303	
141	201	
226	198	
300	109	
135	310	
229	157	
98	3	
149	9	
228	148	
224	191	
226	169	
227	154	
226	162	
229	124	
80	301	
229	128	
219	287	
97	6	
130	17	
227	164	
130	10	
226	172	
219	297	
134	304	
229	136	
224	195	
229	135	
80	312	
229	139	
224	197	
144	203	
139	304	
139	303	
229	194	
229	192	
303	109	
134	19	
130	62	
138	310	
142	224	
229	191	
131	50	
143	214	
302	118	
141	237	
142	220	
301	121	
131	49	
99	2	
300	133	
85	309	
300	150	
222	0	
139	313	
130	78	
131	69	
130	72	
142	239	
134	21	
302	126	
85	310	
134	26	
133	39	
142	231	
98	7	
141	240	
140	256	
131	31	
130	45	
227	197	
137	303	
83	301	
137	309	
228	184	
136	313	
83	307	
80	24	
142	200	
80	23	
227	190	
132	13	
300	116	
132	11	
300	110	
132	17	
229	184	
300	130	
229	188	
6	9	
131	45	
220	1	
302	109	
228	192	
83	310	
142	213	
220	6	
143	203	
143	202	
142	218	
302	108	
301	117	
302	102	
142	212	
137	311	
301	115	
141	225	
80	10	
131	39	
140	231	
133	12	
300	122	
132	26	
9	0	
150	130	
87	312	
144	246	
83	17	
137	20	
92	213	
88	300	
83	12	
150	131	
305	123	
304	139	
92	219	
88	304	
143	254	
152	109	
304	134	
93	206	
82	22	
143	257	
151	119	
80	49	
224	4	
152	100	
147	208	
80	46	
302	153	
147	206	
152	104	
151	111	
132	78	
140	285	
8	9	
151	114	
133	67	
146	214	
300	195	
144	256	
138	21	
145	246	
305	131	
145	245	
93	211	
8	0	
138	20	
136	42	
136	40	
81	28	
304	146	
143	269	
81	26	
303	156	
81	24	
225	0	
152	114	
225	1	
146	229	
303	153	
151	127	
142	271	
147	212	
152	118	
307	105	
225	3	
134	68	
135	52	
307	107	
151	121	
301	176	
138	12	
132	88	
146	220	
146	227	
134	61	
146	225	
146	224	
138	17	
92	232	
91	248	
84	24	
300	161	
300	162	
84	20	
304	115	
144	227	
0	205	
135	24	
142	249	
81	59	
82	42	
81	58	
143	234	
135	27	
81	57	
80	67	
222	7	
300	158	
90	225	
145	204	
140	262	
145	203	
80	61	
90	229	
222	9	
145	208	
150	106	
137	11	
131	86	
144	235	
137	12	
84	12	
136	25	
91	218	
140	282	
132	75	
92	205	
150	120	
305	112	
300	171	
87	309	
303	137	
143	243	
303	139	
304	124	
82	33	
144	231	
81	48	
144	230	
131	81	
304	120	
303	136	
141	268	
80	59	
302	147	
223	9	
301	157	
142	255	
135	32	
130	91	
90	232	
81	40	
301	158	
151	109	
9	8	
300	169	
140	275	
133	52	
91	220	
9	6	
91	222	
302	140	
305	106	
83	19	
1	218	
306	152	
2	201	
1	217	
150	172	
84	43	
228	5	
155	119	
93	243	
145	278	
93	244	
83	57	
305	165	
0	227	
1	210	
153	139	
0	225	
149	223	
94	233	
305	162	
304	179	
0	222	
155	111	
155	110	
145	270	
304	173	
95	222	
134	99	
143	290	
82	61	
148	230	
82	60	
309	111	
303	186	
139	38	
304	171	
308	121	
86	14	
143	293	
152	149	
212	309	
153	132	
138	47	
81	70	
91	276	
85	25	
307	135	
151	152	
85	23	
212	303	
85	20	
156	110	
150	185	
137	77	
97	207	
155	124	
145	284	
150	182	
93	255	
93	256	
156	111	
94	241	
154	132	
94	245	
83	40	
136	89	
154	138	
95	230	
149	238	
145	281	
154	136	
304	185	
95	233	
148	243	
135	93	
95	234	
213	302	
147	258	
153	141	
95	235	
148	240	
91	281	
81	63	
81	62	
135	95	
80	76	
91	285	
307	144	
307	145	
228	7	
97	212	
85	14	
97	213	
84	29	
91	289	
147	254	
152	153	
147	253	
152	151	
151	167	
97	217	
307	143	
210	313	
150	151	
137	45	
306	131	
301	190	
145	251	
306	132	
154	106	
149	207	
84	64	
83	79	
144	261	
88	17	
144	260	
148	216	
136	51	
144	265	
82	88	
308	107	
304	150	
94	214	
87	28	
226	5	
304	152	
304	153	
142	285	
87	25	
82	84	
307	119	
303	163	
147	224	
86	39	
303	164	
82	81	
152	129	
307	116	
134	79	
151	133	
3	204	
138	26	
85	46	
151	137	
138	29	
92	240	
85	45	
134	70	
2	214	
141	294	
155	104	
92	245	
137	54	
145	261	
93	231	
1	225	
145	268	
138	43	
305	153	
151	150	
93	233	
155	106	
84	51	
305	155	
306	140	
1	220	
148	228	
93	237	
143	286	
148	226	
135	78	
0	232	
227	0	
82	74	
309	105	
134	87	
308	114	
303	173	
152	135	
139	26	
81	87	
96	200	
90	275	
302	186	
142	298	
81	82	
303	172	
146	245	
96	204	
133	96	
85	37	
151	141	
152	132	
134	83	
146	248	
211	307	
151	146	
146	247	
138	38	
147	230	
307	180	
84	89	
306	197	
216	302	
156	141	
98	226	
155	156	
2	242	
1	258	
152	190	
139	83	
139	81	
211	18	
84	82	
220	210	
88	38	
215	310	
89	21	
83	96	
94	278	
83	95	
95	263	
94	279	
83	93	
95	265	
88	33	
149	269	
159	109	
83	91	
5	203	
83	90	
87	46	
152	188	
87	44	
309	150	
148	278	
308	168	
139	75	
4	210	
307	178	
3	225	
156	138	
157	122	
308	164	
157	128	
98	231	
86	50	
307	175	
85	62	
220	228	
85	61	
2	232	
94	281	
221	218	
89	16	
84	75	
156	157	
1	245	
156	155	
159	119	
0	256	
216	311	
155	166	
0	254	
95	277	
0	251	
149	270	
87	34	
309	166	
210	36	
153	183	
96	265	
86	49	
4	204	
4	203	
3	219	
154	173	
154	172	
86	45	
3	215	
139	87	
308	173	
2	229	
86	41	
308	175	
210	33	
153	182	
153	181	
84	69	
307	187	
145	297	
7	209	
306	174	
98	203	
156	120	
92	279	
306	177	
85	92	
305	186	
1	279	
156	124	
139	61	
7	203	
6	219	
93	267	
305	183	
153	159	
136	95	
137	84	
95	241	
214	309	
5	228	
149	249	
89	40	
94	259	
309	137	
5	226	
154	146	
95	245	
309	131	
153	152	
148	253	
139	59	
308	149	
4	238	
214	301	
136	90	
96	235	
91	294	
91	295	
229	4	
146	278	
92	280	
229	2	
138	67	
91	298	
3	244	
152	164	
147	265	
97	226	
93	270	
97	228	
3	241	
220	206	
146	290	
2	254	
139	71	
84	97	
146	295	
99	202	
94	262	
93	278	
155	149	
139	70	
99	204	
84	94	
94	265	
305	194	
149	254	
220	203	
154	159	
137	96	
309	147	
305	190	
154	157	
95	256	
4	229	
5	213	
152	179	
87	57	
148	263	
87	56	
0	270	
214	313	
148	269	
308	154	
4	224	
158	107	
309	141	
151	188	
147	273	
86	66	
308	150	
147	271	
157	110	
85	79	
98	221	
157	171	
99	253	
214	20	
214	21	
7	228	
215	10	
214	26	
214	27	
99	258	
89	69	
157	172	
2	282	
7	222	
89	66	
220	253	
89	65	
6	235	
88	78	
155	197	
96	293	
6	232	
89	60	
6	231	
1	290	
223	219	
5	246	
159	143	
96	296	
211	52	
5	245	
96	297	
88	71	
220	250	
5	242	
211	56	
4	255	
210	63	
98	272	
223	210	
87	81	
309	192	
211	50	
223	213	
222	229	
98	278	
221	258	
86	91	
157	181	
214	32	
222	246	
302	9	
212	55	
88	69	
156	194	
220	269	
214	30	
221	252	
220	268	
212	59	
5	237	
6	220	
159	154	
87	79	
0	293	
159	153	
87	78	
4	249	
5	232	
212	54	
211	67	
5	230	
4	243	
223	221	
3	256	
98	287	
3	253	
2	269	
221	225	
98	246	
3	295	
99	231	
98	247	
94	290	
221	223	
8	234	
99	233	
94	292	
222	213	
221	229	
217	314	
156	169	
94	293	
99	238	
159	129	
212	23	
213	13	
212	29	
156	160	
89	84	
220	235	
96	272	
88	98	
149	282	
158	138	
96	275	
212	20	
308	187	
212	21	
149	283	
158	130	
308	183	
210	41	
4	276	
5	260	
309	170	
9	214	
153	193	
158	133	
307	196	
9	212	
158	131	
214	11	
9	210	
98	257	
156	175	
99	243	
98	259	
220	249	
2	298	
156	173	
2	296	
221	238	
157	162	
221	237	
89	76	
95	296	
89	74	
221	231	
213	24	
6	243	
6	242	
218	308	
211	42	
210	58	
220	240	
155	180	
154	196	
88	82	
154	195	
97	273	
9	209	
4	267	
97	275	
98	260	
97	276	
158	140	
157	156	
87	93	
97	278	
210	50	
157	154	
98	263	
97	279	
9	203	
4	262	
158	145	
3	277	
3	276	
223	202	
305	1	
231	129	
231	128	
232	112	
214	65	
227	219	
233	100	
230	138	
218	16	
225	237	
232	111	
231	127	
6	275	
217	24	
212	83	
5	286	
4	299	
223	255	
216	30	
158	193	
4	293	
211	93	
8	249	
159	181	
228	211	
215	61	
8	246	
214	76	
7	259	
232	128	
8	242	
231	133	
218	27	
7	255	
231	132	
230	148	
226	233	
225	249	
230	147	
89	96	
7	251	
214	71	
6	266	
213	88	
89	92	
5	279	
221	290	
212	97	
5	276	
230	144	
5	274	
5	273	
233	107	
223	266	
215	59	
3	299	
8	239	
9	223	
233	108	
228	209	
216	45	
8	238	
4	281	
9	222	
9	265	
222	252	
214	45	
9	263	
214	49	
99	279	
157	195	
215	31	
7	286	
303	1	
7	285	
231	103	
213	54	
7	282	
225	210	
212	61	
216	18	
216	15	
225	213	
212	65	
211	78	
212	63	
158	173	
158	171	
9	258	
159	162	
227	205	
304	7	
9	253	
9	252	
214	54	
99	288	
158	192	
232	106	
158	190	
232	105	
222	265	
214	58	
230	126	
217	18	
212	77	
7	275	
213	67	
6	289	
231	113	
230	129	
225	221	
217	12	
224	235	
217	10	
6	282	
6	280	
5	296	
212	74	
216	20	
215	34	
99	290	
215	35	
158	187	
232	159	
232	157	
227	258	
224	291	
8	298	
228	245	
216	81	
8	294	
226	266	
227	256	
219	45	
154	4	
236	100	
231	163	
219	40	
308	6	
235	118	
226	261	
229	222	
229	228	
217	64	
217	61	
9	273	
228	256	
231	177	
231	176	
7	298	
219	53	
227	267	
227	265	
7	293	
226	271	
225	287	
7	292	
218	63	
225	284	
230	182	
224	296	
228	220	
219	27	
216	60	
216	61	
215	77	
232	138	
227	230	
231	144	
226	245	
213	97	
226	244	
231	142	
232	133	
227	234	
226	249	
225	253	
217	46	
225	252	
225	251	
213	92	
152	7	
231	140	
218	34	
230	154	
234	102	
233	117	
229	202	
233	116	
233	115	
223	275	
216	52	
224	266	
229	206	
217	42	
228	233	
227	248	
233	130	
227	246	
233	136	
229	221	
9	294	
219	33	
153	5	
219	36	
153	8	
214	94	
225	264	
234	119	
235	109	
226	253	
231	151	
226	252	
217	58	
218	43	
307	9	
216	64	
228	229	
224	272	
235	101	
230	160	
234	116	
229	217	
224	275	
307	2	
239	112	
233	185	
239	115	
234	173	
233	188	
229	273	
232	195	
232	194	
237	134	
301	209	
228	283	
237	138	
237	132	
301	201	
301	204	
239	109	
239	106	
218	91	
157	6	
143	307	
228	298	
229	280	
233	193	
228	294	
158	3	
302	202	
236	159	
237	141	
219	92	
301	214	
238	103	
156	4	
236	129	
232	172	
237	112	
226	287	
233	160	
238	100	
219	67	
236	122	
231	181	
140	306	
231	180	
218	78	
226	284	
230	199	
218	76	
234	143	
233	159	
217	85	
140	302	
225	293	
218	70	
239	101	
238	114	
239	102	
237	125	
227	285	
219	76	
141	309	
219	75	
238	112	
231	190	
226	291	
236	130	
218	86	
226	294	
229	258	
300	203	
235	144	
217	97	
145	311	
141	16	
141	17	
305	200	
237	177	
238	168	
302	239	
302	235	
301	246	
235	196	
300	258	
150	201	
301	244	
145	307	
310	111	
239	166	
310	112	
140	39	
92	303	
92	304	
304	225	
92	305	
310	110	
92	308	
237	189	
140	31	
237	188	
140	37	
237	183	
237	180	
237	187	
301	257	
151	208	
300	268	
150	214	
150	212	
301	255	
146	304	
238	149	
239	131	
229	298	
229	297	
143	310	
302	216	
302	213	
236	163	
301	225	
235	173	
90	302	
229	289	
90	307	
300	233	
140	19	
144	311	
239	142	
304	201	
303	212	
238	154	
237	164	
301	235	
90	310	
144	307	
154	208	
149	308	
310	143	
141	50	
304	256	
231	6	
141	52	
152	224	
143	29	
95	302	
303	263	
144	17	
140	60	
303	260	
302	276	
95	308	
151	231	
307	211	
306	227	
301	288	
310	138	
301	284	
160	102	
310	155	
232	5	
310	156	
232	2	
305	258	
155	200	
310	158	
150	266	
150	265	
232	6	
150	263	
304	264	
149	311	
314	105	
153	225	
149	310	
304	266	
232	0	
308	218	
302	288	
95	312	
151	248	
313	115	
303	275	
303	270	
303	271	
96	304	
311	137	
306	239	
301	298	
143	33	
305	249	
310	149	
306	234	
307	220	
300	282	
1	314	
300	285	
304	236	
310	120	
239	179	
300	281	
147	309	
140	43	
239	174	
238	189	
304	230	
147	302	
302	257	
237	198	
311	107	
306	208	
302	252	
311	109	
311	103	
302	250	
150	229	
1	305	
310	135	
1	303	
142	30	
150	244	
310	130	
305	231	
93	312	
153	204	
230	5	
151	229	
303	250	
302	267	
151	226	
238	192	
153	200	
90	16	
301	274	
312	100	
143	11	
301	277	
302	261	
90	10	
305	227	
310	128	
310	129	
