241	355	0.9721623447688775
560	714	0.8542376454316333
479	689	0.8542376454316333
250	687	0.9084444279308854
109	445	0.9822293919254425
196	691	0.9084444279308854
761	166	0.9322654041304157
5	99	0.8818024854454927
525	575	1.0
48	328	0.8669809621934619
778	402	0.8669809621934619
189	345	0.9784095676569472
642	492	0.8542376454316333
627	270	0.9084444279308854
71	642	0.8542376454316333
663	643	0.8669809621934619
403	468	0.9750967015675303
492	687	0.8542376454316333
5	197	0.9528603920161663
298	165	0.8669809621934619
631	81	0.8542376454316333
714	714	0.960933413245638
539	602	0.9066697402046523
236	445	0.9822293919254425
403	691	0.8542376454316333
560	701	0.9721623447688775
629	243	0.907105801645784
640	270	0.8542376454316333
483	109	0.8542376454316333
540	540	0.9750967015675303
169	169	0.9671153018251853
301	740	0.8542376454316333
540	301	0.8542376454316333
524	578	0.8861994794900651
350	165	0.8669809621934619
590	81	0.8542376454316333
167	81	0.8542376454316333
578	69	0.8861994794900651
199	658	0.8542376454316333
702	642	0.8542376454316333
701	658	0.8542376454316333
108	450	0.8669809621934619
636	357	0.8861994794900651
359	789	0.8993614665682284
167	199	0.9355416208545775
758	222	0.9695206095350685
81	738	0.9084444279308854
51	250	0.8542376454316333
350	63	0.8669809621934619
121	210	0.9784095676569472
468	122	0.8542376454316333
51	225	0.8542376454316333
225	122	0.8542376454316333
802	27	0.9049534175061065
51	229	0.8542376454316333
29	29	0.9924088434342437
586	270	0.8542376454316333
486	540	0.8542376454316333
711	733	0.907105801645784
165	99	0.8669809621934619
183	148	0.9822293919254425
199	647	0.8542376454316333
133	747	0.8906008435475454
122	676	0.8542376454316333
81	702	0.9084444279308854
344	270	0.8542376454316333
658	725	0.9528603920161663
481	359	0.9591373549556257
635	13	0.8861994794900651
642	479	0.9784095676569472
507	121	0.8617982495196548
243	790	0.907105801645784
663	629	0.8669809621934619
639	310	0.8542376454316333
766	790	0.907105801645784
468	344	0.9750967015675303
790	629	0.907105801645784
372	524	0.8861994794900651
225	595	0.8542376454316333
459	250	0.8542376454316333
640	250	0.8542376454316333
509	331	0.8617982495196548
792	602	0.9066697402046523
185	350	0.8669809621934619
629	229	0.8669809621934619
108	426	0.9784095676569472
524	559	0.960933413245638
635	357	0.9257804098179165
361	690	0.9695206095350685
701	642	0.9391280350253571
420	631	0.9695206095350685
168	155	0.8993614665682284
108	664	0.9822293919254425
756	229	0.8617982495196548
108	672	0.8669809621934619
631	392	0.9750967015675303
747	133	0.8906008435475454
185	19	0.9695206095350685
81	714	0.9543126125918334
165	92	0.8669809621934619
350	48	0.8669809621934619
180	72	0.9628480994100669
44	357	0.9257804098179165
758	687	0.8542376454316333
165	93	0.9232011339459666
350	47	0.9721623447688775
105	229	0.8669809621934619
492	658	0.8542376454316333
197	658	0.8861994794900651
691	714	0.960933413245638
125	217	0.9066697402046523
635	184	0.9257804098179165
372	357	0.8861994794900651
540	595	0.8542376454316333
650	167	0.9251203610611077
236	253	0.9822293919254425
357	372	0.8861994794900651
109	486	0.8542376454316333
140	672	0.9543126125918334
196	250	0.9381974198067065
492	492	0.9671153018251853
298	95	0.9750967015675303
663	450	0.8669809621934619
270	647	0.9671153018251853
109	483	0.8542376454316333
594	96	0.885899188829319
663	204	0.8669809621934619
658	307	0.9750967015675303
559	803	0.8925823832789168
83	740	0.8542376454316333
121	268	0.8617982495196548
385	642	0.8542376454316333
790	457	0.9721623447688775
479	483	0.8542376454316333
29	99	0.9514704439690702
524	372	0.8861994794900651
509	150	0.8617982495196548
131	331	0.8617982495196548
241	386	0.9721623447688775
544	539	0.9066697402046523
150	509	0.8617982495196548
69	524	0.8925823832789168
653	13	0.9750967015675303
109	479	0.8542376454316333
301	301	1.0
372	585	0.8861994794900651
778	672	0.8669809621934619
650	158	0.8542376454316333
39	283	0.885899188829319
357	361	0.9257804098179165
310	639	0.8542376454316333
657	792	0.885899188829319
525	122	0.8542376454316333
109	236	0.9822293919254425
702	691	0.9084444279308854
301	540	0.8542376454316333
633	96	0.885899188829319
672	778	0.8669809621934619
382	420	0.8993614665682284
758	270	0.8542376454316333
420	698	0.8993614665682284
657	556	0.9649003276400825
338	81	0.9084444279308854
657	789	0.9514704439690702
241	48	0.8669809621934619
270	642	0.8542376454316333
486	109	0.8542376454316333
270	640	0.8542376454316333
653	357	0.8861994794900651
764	154	0.9049534175061065
84	740	0.8542376454316333
63	350	0.8669809621934619
152	727	0.8925823832789168
402	269	0.9822293919254425
199	691	0.8542376454316333
629	281	0.8669809621934619
691	702	0.9084444279308854
236	236	0.9822293919254425
115	115	0.9924088434342437
72	658	0.8861994794900651
29	63	0.9750967015675303
109	229	0.9364037194218137
372	333	0.8861994794900651
792	657	0.885899188829319
109	225	0.8542376454316333
778	663	0.9514704439690702
701	695	0.9721623447688775
270	627	0.9084444279308854
486	344	0.8542376454316333
595	51	0.8542376454316333
169	195	0.9671153018251853
29	165	0.8669809621934619
420	678	0.8993614665682284
658	525	0.9299871587662552
647	459	0.8542376454316333
241	32	0.9721623447688775
122	479	0.8542376454316333
357	13	0.8861994794900651
663	426	0.8669809621934619
127	657	0.885899188829319
242	127	0.885899188829319
237	229	0.8617982495196548
593	81	0.9543126125918334
152	716	0.8925823832789168
359	330	0.8993614665682284
704	657	0.885899188829319
48	350	0.8669809621934619
540	560	0.8542376454316333
409	642	0.9784095676569472
509	131	0.9721623447688775
635	152	0.8861994794900651
250	459	0.8542376454316333
229	109	0.9364037194218137
647	691	0.9084444279308854
350	185	0.8669809621934619
540	568	0.9750967015675303
229	105	0.8669809621934619
758	250	0.8542376454316333
361	490	0.9695206095350685
540	329	0.9750967015675303
183	189	0.8542376454316333
108	474	0.8669809621934619
468	45	0.9750967015675303
409	409	0.9784095676569472
81	752	0.9543126125918334
189	112	0.9867667939811898
81	758	0.8542376454316333
51	270	0.8542376454316333
122	468	0.8542376454316333
183	183	0.9822293919254425
55	225	0.8542376454316333
122	465	0.9721623447688775
225	55	0.8542376454316333
712	509	0.9867667939811898
225	51	0.8542376454316333
115	108	0.9822293919254425
714	725	0.8542376454316333
152	703	0.8925823832789168
51	642	0.8542376454316333
728	155	0.8993614665682284
319	148	0.9822293919254425
462	125	0.9066697402046523
595	540	0.8542376454316333
589	657	0.885899188829319
462	127	0.9066697402046523
361	640	0.8861994794900651
640	682	0.9867667939811898
650	525	0.8542376454316333
204	48	0.8669809621934619
158	270	0.8542376454316333
525	725	0.9299871587662552
344	691	0.8542376454316333
189	740	0.9867667939811898
525	726	0.9822293919254425
642	650	0.8542376454316333
167	122	0.8542376454316333
725	189	0.8542376454316333
180	20	0.8861994794900651
121	623	0.8617982495196548
740	62	0.8542376454316333
642	409	0.9784095676569472
350	328	1.0
26	591	0.885899188829319
185	777	0.9695206095350685
225	771	0.9528603920161663
99	29	0.9514704439690702
51	658	0.9695206095350685
590	590	1.0
183	319	0.9822293919254425
189	725	0.8542376454316333
344	676	0.8542376454316333
590	354	1.0
290	59	0.9784095676569472
158	250	0.8542376454316333
298	559	0.8669809621934619
525	713	0.960933413245638
333	372	0.8861994794900651
183	560	0.8542376454316333
642	640	0.8542376454316333
642	642	1.0
740	51	0.8542376454316333
727	152	0.8925823832789168
20	180	0.8861994794900651
483	740	0.8542376454316333
330	165	0.8669809621934619
165	120	0.9750967015675303
589	633	0.9488603104437267
51	626	0.9695206095350685
727	44	0.8925823832789168
330	47	0.9721623447688775
298	549	0.9750967015675303
686	150	0.8617982495196548
640	658	0.8861994794900651
333	361	0.9628480994100669
317	152	0.8861994794900651
39	602	0.885899188829319
725	167	0.8542376454316333
642	631	0.8542376454316333
330	155	0.8993614665682284
593	301	0.9084444279308854
225	525	0.9299871587662552
165	350	0.8669809621934619
51	634	0.9924088434342437
753	426	0.8669809621934619
169	305	0.9671153018251853
507	754	0.8617982495196548
426	99	0.8669809621934619
429	165	0.8669809621934619
298	538	0.9750967015675303
167	577	0.960933413245638
591	792	0.885899188829319
459	647	0.8542376454316333
354	740	0.8542376454316333
509	728	0.8617982495196548
730	298	0.8669809621934619
287	225	0.8542376454316333
238	5	0.9322654041304157
29	778	0.9924088434342437
627	642	0.8542376454316333
586	419	0.9822293919254425
331	131	0.8617982495196548
642	627	0.8542376454316333
629	450	0.8669809621934619
241	554	0.8669809621934619
225	344	0.9299871587662552
361	203	0.8861994794900651
250	647	0.9084444279308854
540	750	0.9750967015675303
196	650	0.8542376454316333
319	183	0.9822293919254425
250	640	0.8542376454316333
614	197	0.8617982495196548
344	486	0.8542376454316333
689	83	0.8542376454316333
801	121	0.8617982495196548
525	525	1.0
39	421	0.885899188829319
642	691	0.8542376454316333
39	420	0.8993614665682284
344	250	0.8542376454316333
492	642	0.8542376454316333
738	270	0.9671153018251853
217	242	0.885899188829319
385	800	0.9355416208545775
131	509	0.9721623447688775
758	677	0.9695206095350685
262	709	0.9322654041304157
26	39	0.885899188829319
350	31	0.8669809621934619
593	122	0.9084444279308854
298	360	0.9750967015675303
401	686	0.9750967015675303
225	109	0.8542376454316333
507	585	0.9372898051723174
462	396	0.960933413245638
72	605	0.8925823832789168
361	437	0.9695206095350685
301	702	1.0
167	49	0.960933413245638
196	642	0.8542376454316333
29	14	0.9924088434342437
278	81	0.8542376454316333
44	333	0.9257804098179165
657	704	0.885899188829319
772	658	0.8542376454316333
640	229	0.9867667939811898
99	165	0.8669809621934619
586	479	0.8542376454316333
142	805	0.960933413245638
105	209	0.9822293919254425
591	39	0.9721623447688775
338	593	0.9084444279308854
51	691	0.8542376454316333
402	426	0.8669809621934619
122	640	0.8542376454316333
483	301	0.9084444279308854
643	426	0.8669809621934619
105	672	0.9232011339459666
803	559	0.8925823832789168
462	146	0.9066697402046523
643	429	0.8669809621934619
633	589	0.9488603104437267
20	197	0.9257804098179165
650	540	0.9251203610611077
772	650	0.8542376454316333
344	468	0.9750967015675303
169	353	0.9671153018251853
350	350	1.0
229	756	0.8617982495196548
344	225	0.9299871587662552
740	189	0.9867667939811898
5	130	0.9528603920161663
403	403	0.9750967015675303
290	95	0.9441922295823377
758	658	0.8542376454316333
740	83	0.8542376454316333
591	26	0.885899188829319
740	84	0.8542376454316333
643	663	0.8669809621934619
165	165	0.9750967015675303
241	775	0.8669809621934619
361	658	0.8861994794900651
333	44	0.9257804098179165
593	338	0.9084444279308854
629	663	0.8669809621934619
229	509	0.8617982495196548
650	772	0.8542376454316333
165	48	0.8669809621934619
525	740	0.8542376454316333
165	47	0.8669809621934619
278	167	0.8542376454316333
725	196	0.8542376454316333
640	449	0.9721623447688775
725	199	0.8542376454316333
333	152	0.8861994794900651
758	640	0.8542376454316333
758	642	0.8542376454316333
481	546	0.9292538068786609
237	614	0.8617982495196548
631	359	0.8993614665682284
197	614	0.8617982495196548
402	402	0.9822293919254425
62	740	0.8542376454316333
591	12	0.885899188829319
361	417	0.9695206095350685
361	659	0.9257804098179165
105	663	0.8669809621934619
426	48	0.8669809621934619
426	47	0.8669809621934619
278	318	0.9924088434342437
270	67	0.8542376454316333
574	790	0.9441922295823377
278	553	0.9750967015675303
740	563	0.8542376454316333
425	62	0.9721623447688775
725	344	0.9299871587662552
631	740	0.8542376454316333
605	450	0.8925823832789168
687	560	0.8542376454316333
225	700	1.0
330	330	1.0
152	248	0.8925823832789168
158	658	0.8542376454316333
158	413	0.9924088434342437
142	165	0.8669809621934619
694	672	0.9543126125918334
317	317	1.0
158	650	0.8542376454316333
728	309	0.8993614665682284
559	321	0.8925823832789168
590	742	0.9721623447688775
709	121	0.8617982495196548
694	429	0.8669809621934619
155	698	0.9649003276400825
166	761	0.9322654041304157
676	486	0.8542376454316333
127	80	0.885899188829319
396	462	0.960933413245638
663	99	0.9822293919254425
158	642	0.8542376454316333
462	502	0.960933413245638
694	663	0.8669809621934619
81	270	0.9084444279308854
183	702	0.8542376454316333
151	243	0.907105801645784
694	426	0.8669809621934619
67	270	0.8542376454316333
691	691	1.0
83	483	0.8542376454316333
560	492	0.8542376454316333
71	81	0.9084444279308854
620	653	0.9314931981082346
737	620	0.8841119256502336
620	658	0.8861994794900651
204	775	0.9695206095350685
666	152	0.9410657790124547
290	797	0.9441922295823377
350	715	0.8669809621934619
154	452	0.9049534175061065
385	385	0.9924088434342437
429	328	0.8669809621934619
663	78	0.8669809621934619
676	229	0.8542376454316333
167	725	0.8542376454316333
301	287	0.9084444279308854
663	185	0.8669809621934619
165	518	0.8669809621934619
155	678	0.9292538068786609
142	48	0.8669809621934619
730	450	0.8669809621934619
740	536	0.8542376454316333
702	81	0.9084444279308854
199	199	0.9671153018251853
691	687	0.960933413245638
270	141	0.9084444279308854
141	55	0.9381974198067065
450	672	0.8669809621934619
285	403	0.9750967015675303
199	196	0.8542376454316333
319	758	0.9695206095350685
631	714	0.8542376454316333
676	225	0.8542376454316333
361	603	0.9695206095350685
631	309	0.9695206095350685
225	740	0.8542376454316333
96	594	0.885899188829319
158	229	0.9822293919254425
350	775	0.8669809621934619
623	686	0.8617982495196548
750	691	0.8542376454316333
344	403	0.9750967015675303
203	361	0.8861994794900651
333	576	0.9671153018251853
640	640	0.9867667939811898
92	165	0.8669809621934619
640	642	0.8542376454316333
32	672	0.8669809621934619
691	270	0.9084444279308854
725	141	0.8542376454316333
686	131	0.8617982495196548
725	385	0.8542376454316333
509	718	0.8617982495196548
459	639	0.8542376454316333
631	781	0.9750967015675303
167	560	0.8542376454316333
165	105	0.9232011339459666
259	81	0.8542376454316333
33	658	0.8542376454316333
586	409	0.8542376454316333
197	5	0.9528603920161663
44	727	0.8925823832789168
33	419	0.9822293919254425
426	78	0.9420774287874426
328	429	0.8669809621934619
270	98	0.9671153018251853
183	758	0.9695206095350685
429	142	0.8669809621934619
158	691	0.8542376454316333
650	714	0.8542376454316333
509	712	0.9867667939811898
730	281	0.9232011339459666
3	591	0.885899188829319
740	354	0.8542376454316333
740	112	0.9867667939811898
321	278	0.9924088434342437
631	771	1.0
509	709	0.8617982495196548
801	744	0.8617982495196548
801	509	0.8617982495196548
698	420	0.8993614665682284
801	507	0.9372898051723174
620	229	0.8861994794900651
285	468	0.9750967015675303
385	199	0.9355416208545775
330	350	0.9721623447688775
738	658	0.8542376454316333
462	544	0.9066697402046523
578	524	0.8861994794900651
468	713	0.9750967015675303
507	728	0.8617982495196548
270	81	0.9084444279308854
129	83	0.8542376454316333
620	450	0.8925823832789168
740	345	0.9784095676569472
425	81	0.8542376454316333
740	586	0.8542376454316333
385	81	0.8542376454316333
121	801	0.8617982495196548
801	734	0.8617982495196548
737	420	0.8993614665682284
330	359	0.8993614665682284
270	196	0.9084444279308854
225	725	0.9528603920161663
676	278	0.9528603920161663
738	642	0.8542376454316333
225	710	0.9528603920161663
738	647	0.9671153018251853
333	307	0.8861994794900651
183	738	0.8542376454316333
20	361	0.9257804098179165
141	199	0.8542376454316333
507	718	0.8617982495196548
462	539	0.9066697402046523
772	2	0.9695206095350685
32	663	0.8669809621934619
283	462	0.9066697402046523
278	321	0.9924088434342437
270	71	0.9671153018251853
385	75	0.9924088434342437
317	585	0.960933413245638
745	514	0.8818024854454927
298	730	0.8669809621934619
319	319	0.9822293919254425
152	658	0.960933413245638
425	560	0.9721623447688775
676	658	0.9528603920161663
301	479	0.8542376454316333
663	29	0.9514704439690702
420	382	0.8993614665682284
450	629	0.8669809621934619
81	691	0.9543126125918334
657	242	0.9649003276400825
250	167	0.8542376454316333
67	691	0.8542376454316333
81	687	0.9543126125918334
403	81	0.8542376454316333
492	167	0.9355416208545775
772	84	0.9514704439690702
658	229	0.8861994794900651
544	462	0.9066697402046523
199	385	0.9355416208545775
792	591	0.885899188829319
152	659	0.8861994794900651
450	620	0.8925823832789168
420	39	0.8993614665682284
55	51	0.8542376454316333
691	627	0.960933413245638
250	51	0.8542376454316333
409	586	0.8542376454316333
672	450	0.8669809621934619
152	640	0.8861994794900651
278	702	0.8542376454316333
672	694	0.9543126125918334
792	589	0.9488603104437267
250	158	0.8542376454316333
281	629	0.8669809621934619
122	51	0.8542376454316333
417	690	0.9750967015675303
789	657	0.9514704439690702
647	148	0.8542376454316333
674	426	0.8669809621934619
310	560	0.9391280350253571
539	792	0.9066697402046523
418	672	0.9232011339459666
418	674	0.8669809621934619
758	81	0.8542376454316333
518	165	0.8669809621934619
725	738	0.8542376454316333
109	55	0.8542376454316333
199	370	0.9671153018251853
83	676	0.8542376454316333
152	635	0.8861994794900651
676	634	0.9528603920161663
525	270	0.8542376454316333
63	241	0.8669809621934619
676	638	0.9528603920161663
450	605	0.8925823832789168
51	81	0.8542376454316333
196	397	0.9822293919254425
657	462	0.885899188829319
602	633	0.9066697402046523
702	122	0.9381974198067065
281	614	0.8617982495196548
420	359	0.8993614665682284
714	650	0.8542376454316333
108	165	0.8669809621934619
310	310	1.0
402	73	0.9822293919254425
740	701	0.8542376454316333
518	152	0.8925823832789168
714	658	0.8542376454316333
417	437	0.9750967015675303
196	55	0.9822293919254425
674	418	0.8669809621934619
142	799	0.960933413245638
539	544	0.9066697402046523
418	426	0.8669809621934619
676	626	0.9528603920161663
152	620	0.8925823832789168
540	486	0.8542376454316333
420	591	0.8993614665682284
525	264	0.9822293919254425
425	535	0.9721623447688775
403	45	0.9750967015675303
734	801	0.8617982495196548
250	141	0.9924088434342437
658	676	0.9528603920161663
270	301	0.9084444279308854
714	642	0.8542376454316333
638	278	0.9750967015675303
189	270	0.8542376454316333
142	788	0.960933413245638
642	81	0.8542376454316333
725	714	0.8542376454316333
560	640	0.8542376454316333
409	320	0.9784095676569472
51	199	0.8542376454316333
359	481	0.9591373549556257
709	509	0.8617982495196548
560	642	0.9391280350253571
546	481	0.9292538068786609
792	396	0.9066697402046523
309	420	0.9695206095350685
450	426	0.8669809621934619
732	426	0.8669809621934619
702	183	0.8542376454316333
81	250	0.9084444279308854
141	141	0.9924088434342437
152	450	0.8925823832789168
423	48	0.8669809621934619
199	81	0.8542376454316333
559	524	0.960933413245638
740	525	0.8542376454316333
199	189	0.9251203610611077
13	653	0.9750967015675303
450	663	0.8669809621934619
687	758	0.8542376454316333
678	420	0.8993614665682284
450	418	0.8669809621934619
250	199	0.8542376454316333
728	507	0.8617982495196548
331	509	0.8617982495196548
417	490	0.9750967015675303
728	509	0.8617982495196548
663	165	0.8669809621934619
647	199	0.8542376454316333
740	750	0.9251203610611077
301	270	0.9084444279308854
703	152	0.8925823832789168
492	199	0.9671153018251853
204	749	0.9695206095350685
647	81	0.9084444279308854
270	122	0.9084444279308854
204	504	0.9695206095350685
109	83	0.9514704439690702
13	635	0.8861994794900651
790	52	0.9441922295823377
333	717	0.9671153018251853
663	48	0.9514704439690702
250	81	0.9084444279308854
492	81	0.8542376454316333
790	56	0.907105801645784
647	183	0.8542376454316333
196	199	0.8542376454316333
668	330	0.8669809621934619
196	196	0.9822293919254425
108	92	0.9420774287874426
462	704	0.9066697402046523
199	51	0.8542376454316333
122	83	0.8542376454316333
250	196	0.9381974198067065
714	691	0.960933413245638
548	676	0.8542376454316333
420	168	0.943117320690116
740	740	0.9867667939811898
701	62	0.9721623447688775
396	657	0.885899188829319
199	167	0.9355416208545775
560	691	0.8542376454316333
204	732	0.9695206095350685
725	525	0.9299871587662552
122	196	0.9381974198067065
560	695	0.9721623447688775
83	689	0.8542376454316333
691	658	0.8542376454316333
676	676	0.9528603920161663
560	687	0.8542376454316333
152	666	0.9410657790124547
196	81	0.9084444279308854
686	509	0.8617982495196548
307	659	0.8861994794900651
307	417	0.8861994794900651
307	658	0.9750967015675303
413	270	0.8542376454316333
546	698	0.9292538068786609
301	483	0.9084444279308854
150	686	0.8617982495196548
602	657	0.885899188829319
559	730	0.8669809621934619
250	183	0.8542376454316333
122	81	0.9084444279308854
714	687	0.960933413245638
418	450	0.8669809621934619
199	158	0.8542376454316333
421	39	0.885899188829319
691	642	0.8542376454316333
698	3	0.885899188829319
691	403	0.8542376454316333
409	122	0.8542376454316333
691	647	0.9084444279308854
663	32	0.8669809621934619
309	631	0.9695206095350685
196	338	0.9822293919254425
483	479	0.8542376454316333
635	261	0.9391280350253571
639	459	0.8542376454316333
261	635	0.9391280350253571
141	740	0.8542376454316333
39	591	0.9721623447688775
48	204	0.8669809621934619
738	98	0.9671153018251853
492	560	0.8542376454316333
658	620	0.8861994794900651
385	725	0.8542376454316333
39	589	0.885899188829319
403	344	0.9750967015675303
361	20	0.9257804098179165
51	122	0.8542376454316333
483	225	0.8542376454316333
48	450	0.8669809621934619
361	357	0.9257804098179165
409	740	0.8542376454316333
738	81	0.9084444279308854
344	51	0.8542376454316333
48	694	0.8669809621934619
640	152	0.8861994794900651
48	697	0.8669809621934619
344	158	0.8542376454316333
486	676	0.8542376454316333
229	686	0.8617982495196548
189	689	0.9867667939811898
56	790	0.907105801645784
39	359	0.8993614665682284
242	217	0.885899188829319
189	691	0.8542376454316333
738	183	0.8542376454316333
122	560	0.8542376454316333
359	420	0.8993614665682284
413	413	1.0
790	766	0.907105801645784
33	84	0.9514704439690702
479	301	0.8542376454316333
241	450	0.8669809621934619
48	663	0.9514704439690702
109	548	0.8542376454316333
413	645	1.0
738	71	0.9671153018251853
225	483	0.8542376454316333
540	650	0.9251203610611077
361	585	0.9257804098179165
109	301	0.9514704439690702
48	423	0.8669809621934619
185	241	0.8669809621934619
425	701	0.9721623447688775
536	740	0.8542376454316333
310	701	0.9391280350253571
525	676	0.8542376454316333
701	535	0.9721623447688775
540	658	0.8542376454316333
509	229	0.8617982495196548
270	702	0.9084444279308854
48	426	0.8669809621934619
229	682	0.9867667939811898
199	525	0.8542376454316333
183	270	0.8542376454316333
29	489	0.9750967015675303
51	344	0.8542376454316333
344	45	0.9750967015675303
141	725	0.8542376454316333
372	659	0.8861994794900651
372	417	0.8861994794900651
586	33	0.9822293919254425
115	663	0.8669809621934619
115	664	0.9924088434342437
468	468	0.9750967015675303
196	302	0.9822293919254425
361	333	0.9628480994100669
48	672	0.8669809621934619
372	640	0.8861994794900651
509	453	0.8617982495196548
585	152	0.8925823832789168
640	372	0.8861994794900651
229	668	0.8669809621934619
229	426	0.8669809621934619
158	199	0.8542376454316333
229	422	0.8669809621934619
51	11	0.9924088434342437
635	229	0.8861994794900651
657	602	0.885899188829319
525	658	0.9299871587662552
105	105	0.9822293919254425
51	595	0.8542376454316333
115	426	0.9784095676569472
48	241	0.8669809621934619
417	417	0.9750967015675303
241	272	0.9721623447688775
479	129	0.8542376454316333
301	676	0.8542376454316333
39	155	0.9784095676569472
672	668	0.8669809621934619
492	370	0.9671153018251853
109	122	0.8542376454316333
430	426	0.9420774287874426
426	753	0.8669809621934619
663	330	0.8669809621934619
672	418	0.9232011339459666
310	774	0.9391280350253571
199	588	0.9671153018251853
197	20	0.9257804098179165
81	647	0.9084444279308854
199	344	0.8542376454316333
775	350	0.8669809621934619
714	631	0.8542376454316333
643	165	0.8669809621934619
117	235	0.8617982495196548
790	574	0.9441922295823377
725	702	0.8542376454316333
659	658	0.8861994794900651
259	742	0.9750967015675303
642	71	0.8542376454316333
479	122	0.8542376454316333
627	81	0.9543126125918334
105	165	0.9232011339459666
121	373	0.9784095676569472
241	263	0.9721623447688775
792	544	0.9066697402046523
196	122	0.9381974198067065
540	466	0.9750967015675303
361	152	0.8861994794900651
270	758	0.8542376454316333
344	199	0.8542376454316333
56	18	0.907105801645784
640	81	0.8542376454316333
81	658	0.8542376454316333
658	659	0.8861994794900651
122	122	1.0
409	301	0.8542376454316333
714	627	0.960933413245638
385	750	0.9355416208545775
152	605	0.8925823832789168
642	51	0.8542376454316333
39	26	0.885899188829319
131	686	0.8617982495196548
479	586	0.8542376454316333
109	109	0.9822293919254425
225	287	0.8542376454316333
586	84	0.9514704439690702
586	83	0.9514704439690702
409	774	0.9391280350253571
344	81	0.8542376454316333
640	183	0.8542376454316333
479	109	0.8542376454316333
250	344	0.8542376454316333
792	539	0.9066697402046523
108	115	0.9822293919254425
229	237	0.8617982495196548
643	48	0.8669809621934619
426	732	0.8669809621934619
629	48	0.8669809621934619
492	588	0.9671153018251853
122	593	0.9084444279308854
81	627	0.9543126125918334
142	753	0.960933413245638
301	419	0.9822293919254425
225	278	0.8542376454316333
361	136	0.9695206095350685
235	117	0.8617982495196548
701	560	0.9721623447688775
108	108	0.9822293919254425
420	309	0.9695206095350685
185	273	0.9695206095350685
772	122	0.9084444279308854
361	372	0.8861994794900651
589	39	0.885899188829319
51	51	0.9924088434342437
270	739	0.9671153018251853
105	36	0.9822293919254425
270	738	0.9671153018251853
235	593	0.9084444279308854
525	225	0.9299871587662552
235	590	0.8542376454316333
658	640	0.8861994794900651
51	55	0.8542376454316333
270	740	0.8542376454316333
105	41	0.9822293919254425
663	778	0.9514704439690702
55	109	0.8542376454316333
236	109	0.9822293919254425
640	69	0.9867667939811898
301	409	0.8542376454316333
467	426	0.8669809621934619
605	72	0.8925823832789168
5	238	0.9322654041304157
623	121	0.8617982495196548
180	484	0.9628480994100669
185	663	0.8669809621934619
51	525	0.8542376454316333
229	614	0.8617982495196548
650	642	0.8542376454316333
640	560	0.8542376454316333
290	290	0.9784095676569472
350	450	0.8669809621934619
509	401	0.8617982495196548
27	450	0.8925823832789168
278	278	0.9924088434342437
559	298	0.8669809621934619
121	509	0.8617982495196548
590	235	0.8542376454316333
167	488	0.960933413245638
701	701	0.9721623447688775
121	507	0.8617982495196548
772	746	0.9695206095350685
620	152	0.8925823832789168
691	196	0.9084444279308854
402	518	0.9822293919254425
29	663	0.9514704439690702
492	720	0.9671153018251853
642	774	0.9391280350253571
758	758	1.0
468	642	0.8542376454316333
468	403	0.9750967015675303
452	154	0.9049534175061065
183	677	0.9822293919254425
635	653	0.8861994794900651
33	586	0.9822293919254425
344	560	0.8542376454316333
285	45	0.9750967015675303
772	735	0.9695206095350685
450	78	0.8669809621934619
733	56	0.907105801645784
636	635	0.9391280350253571
333	490	0.9671153018251853
29	672	0.8669809621934619
694	48	0.8669809621934619
196	725	0.8542376454316333
691	81	0.9543126125918334
502	462	0.960933413245638
109	700	0.9822293919254425
350	672	0.8669809621934619
158	365	0.9924088434342437
158	122	0.8542376454316333
344	301	0.8542376454316333
509	623	0.8617982495196548
635	636	0.9391280350253571
122	714	0.9084444279308854
586	301	0.9822293919254425
605	152	0.8925823832789168
44	623	0.8617982495196548
155	168	0.8993614665682284
121	724	0.9784095676569472
401	509	0.8617982495196548
51	740	0.8542376454316333
204	497	0.9695206095350685
642	758	0.8542376454316333
350	426	0.8669809621934619
309	155	0.8993614665682284
169	426	0.8669809621934619
676	83	0.8542376454316333
130	5	0.9528603920161663
691	67	0.8542376454316333
31	350	0.8669809621934619
689	479	0.8542376454316333
183	658	0.8542376454316333
403	713	0.9750967015675303
121	709	0.8617982495196548
167	689	0.960933413245638
122	702	0.9381974198067065
514	745	0.8818024854454927
614	237	0.8617982495196548
167	691	0.8542376454316333
687	250	0.9084444279308854
687	492	0.8542376454316333
591	678	0.9292538068786609
450	152	0.8925823832789168
236	702	0.8542376454316333
457	790	0.9721623447688775
236	700	0.9822293919254425
225	225	1.0
158	81	0.8542376454316333
141	702	0.9381974198067065
241	672	0.8669809621934619
357	653	0.8861994794900651
105	570	0.9822293919254425
33	33	0.9822293919254425
18	56	0.907105801645784
229	658	0.8861994794900651
525	650	0.8542376454316333
640	361	0.8861994794900651
509	686	0.8617982495196548
595	225	0.8542376454316333
48	643	0.8669809621934619
640	122	0.8542376454316333
229	413	0.9867667939811898
189	658	0.8542376454316333
474	108	0.8669809621934619
631	270	0.8542376454316333
217	127	0.9066697402046523
217	125	0.9066697402046523
661	509	0.8617982495196548
420	737	0.8993614665682284
183	250	0.8542376454316333
39	545	0.9514704439690702
359	631	0.8993614665682284
122	772	0.9084444279308854
698	155	0.9649003276400825
790	733	0.907105801645784
52	790	0.9441922295823377
758	319	0.9695206095350685
357	658	0.8861994794900651
462	283	0.9066697402046523
250	758	0.8542376454316333
185	213	0.9695206095350685
47	426	0.8669809621934619
350	485	0.9721623447688775
585	372	0.8861994794900651
229	645	0.9867667939811898
701	740	0.8542376454316333
590	274	0.9721623447688775
642	560	0.9391280350253571
623	44	0.8617982495196548
122	525	0.8542376454316333
167	278	0.8542376454316333
642	320	1.0
242	657	0.9649003276400825
702	725	0.8542376454316333
420	728	0.8993614665682284
653	636	0.8861994794900651
653	635	0.8861994794900651
593	235	0.9084444279308854
328	48	0.8669809621934619
479	740	0.8542376454316333
51	301	0.8542376454316333
402	778	0.8669809621934619
509	661	0.8617982495196548
585	361	0.9257804098179165
697	48	0.8669809621934619
41	229	0.8669809621934619
635	682	0.8861994794900651
109	740	0.8542376454316333
229	635	0.8861994794900651
185	681	0.9695206095350685
243	629	0.907105801645784
344	344	0.9750967015675303
772	772	0.9924088434342437
122	506	0.9721623447688775
189	642	0.8542376454316333
229	640	0.9867667939811898
199	725	0.8542376454316333
586	586	0.9822293919254425
121	527	0.9784095676569472
199	720	0.9671153018251853
298	467	0.9750967015675303
758	530	1.0
197	509	0.8617982495196548
653	620	0.9314931981082346
158	69	0.9591373549556257
357	636	0.8861994794900651
357	635	0.9257804098179165
589	792	0.9488603104437267
629	790	0.907105801645784
225	676	0.8542376454316333
229	629	0.8669809621934619
158	158	0.9924088434342437
483	409	0.8542376454316333
614	281	0.8617982495196548
185	672	0.8669809621934619
319	270	0.8542376454316333
229	620	0.8861994794900651
636	653	0.8861994794900651
29	450	0.8669809621934619
48	629	0.8669809621934619
481	420	0.8993614665682284
167	492	0.9355416208545775
167	250	0.8542376454316333
56	733	0.907105801645784
330	450	0.8669809621934619
678	591	0.9292538068786609
344	725	0.9299871587662552
333	658	0.8861994794900651
633	602	0.9066697402046523
418	165	0.9232011339459666
278	676	0.9528603920161663
658	197	0.8861994794900651
674	165	0.8669809621934619
709	262	0.9322654041304157
509	801	0.8617982495196548
167	642	0.8542376454316333
417	184	0.9750967015675303
691	593	0.960933413245638
321	122	0.8542376454316333
165	429	0.8669809621934619
672	78	0.8669809621934619
165	426	0.8669809621934619
740	689	0.9867667939811898
165	663	0.8669809621934619
290	697	0.9784095676569472
631	617	0.9750967015675303
728	420	0.8993614665682284
385	270	0.8542376454316333
344	713	0.9750967015675303
344	710	0.9299871587662552
217	704	0.9066697402046523
623	509	0.8617982495196548
12	591	0.885899188829319
81	71	0.9084444279308854
165	418	0.9232011339459666
204	426	0.8669809621934619
658	72	0.8861994794900651
259	259	0.9750967015675303
676	122	0.8542376454316333
155	330	0.8993614665682284
204	663	0.8669809621934619
319	658	0.8542376454316333
733	790	0.907105801645784
678	330	0.8993614665682284
672	165	0.9232011339459666
507	801	0.9372898051723174
738	739	0.9671153018251853
738	738	0.9671153018251853
417	152	0.8861994794900651
659	152	0.8861994794900651
554	241	0.8669809621934619
200	462	0.9784095676569472
609	507	0.8617982495196548
330	678	0.8993614665682284
429	694	0.8669809621934619
330	433	0.8669809621934619
83	122	0.8542376454316333
180	624	0.9628480994100669
165	643	0.8669809621934619
83	129	0.8542376454316333
180	620	0.9628480994100669
152	585	0.8925823832789168
738	725	0.8542376454316333
307	333	0.8861994794900651
545	39	0.9514704439690702
750	740	0.9251203610611077
136	372	0.8861994794900651
155	309	0.8993614665682284
141	270	0.9084444279308854
146	462	0.9066697402046523
714	122	0.9084444279308854
715	350	0.8669809621934619
691	560	0.8542376454316333
330	668	0.8669809621934619
330	426	0.8669809621934619
548	109	0.8542376454316333
672	48	0.8669809621934619
290	426	0.8669809621934619
413	90	1.0
330	663	0.8669809621934619
560	122	0.8542376454316333
676	344	0.8542376454316333
450	554	0.8925823832789168
642	738	0.8542376454316333
462	200	0.9784095676569472
691	51	0.8542376454316333
678	155	0.9292538068786609
155	39	0.9784095676569472
184	635	0.9257804098179165
158	344	0.8542376454316333
183	647	0.8542376454316333
317	246	1.0
183	642	0.8542376454316333
168	420	0.943117320690116
450	48	0.8669809621934619
99	672	0.8669809621934619
591	420	0.8993614665682284
640	758	0.8542376454316333
3	698	0.885899188829319
614	229	0.8617982495196548
631	420	0.9695206095350685
283	39	0.885899188829319
180	447	0.9628480994100669
698	546	0.9292538068786609
285	344	0.9750967015675303
165	450	0.8669809621934619
169	402	0.9671153018251853
183	639	0.8542376454316333
278	225	0.8542376454316333
450	27	0.8925823832789168
740	483	0.8542376454316333
183	640	0.8542376454316333
333	690	0.9671153018251853
740	479	0.8542376454316333
691	141	0.9084444279308854
691	385	0.8542376454316333
560	183	0.8542376454316333
33	301	0.9822293919254425
714	81	0.9543126125918334
560	81	0.8542376454316333
165	456	0.9750967015675303
631	658	0.8542376454316333
330	485	0.9721623447688775
462	421	0.9066697402046523
333	437	0.9671153018251853
81	196	0.9084444279308854
401	709	0.8617982495196548
754	507	0.8617982495196548
507	609	0.8617982495196548
344	740	0.8542376454316333
167	658	0.8542376454316333
590	413	0.8542376454316333
586	740	0.8542376454316333
81	81	0.9543126125918334
672	99	0.8669809621934619
631	642	0.8542376454316333
716	152	0.8925823832789168
13	357	0.8861994794900651
165	440	0.9750967015675303
642	714	0.8542376454316333
319	677	0.9822293919254425
259	274	0.9750967015675303
462	657	0.885899188829319
268	121	0.8617982495196548
590	650	0.9721623447688775
672	91	0.8669809621934619
672	92	0.8669809621934619
26	657	0.885899188829319
99	663	0.9822293919254425
278	691	0.8542376454316333
155	359	0.8993614665682284
167	650	0.9251203610611077
640	725	0.8542376454316333
585	507	0.9372898051723174
287	301	0.9084444279308854
560	62	0.9721623447688775
180	658	0.8861994794900651
631	631	1.0
727	450	0.8925823832789168
99	426	0.8669809621934619
350	629	0.9721623447688775
686	229	0.8617982495196548
642	702	0.8542376454316333
560	167	0.8542376454316333
165	674	0.8669809621934619
642	701	0.9391280350253571
602	39	0.885899188829319
165	672	0.9232011339459666
142	450	0.8669809621934619
48	165	0.8669809621934619
668	672	0.8669809621934619
426	430	0.9420774287874426
672	105	0.9232011339459666
426	674	0.8669809621934619
301	593	0.9084444279308854
744	801	0.8617982495196548
657	127	0.885899188829319
189	189	0.9867667939811898
310	695	0.9391280350253571
426	429	0.8669809621934619
718	507	0.8617982495196548
718	509	0.8617982495196548
189	183	0.8542376454316333
409	479	0.9784095676569472
691	750	0.8542376454316333
270	691	0.9084444279308854
285	713	0.9750967015675303
359	155	0.8993614665682284
560	310	0.9391280350253571
676	525	0.8542376454316333
259	650	0.9750967015675303
127	462	0.9066697402046523
301	109	0.9514704439690702
422	229	0.8669809621934619
650	196	0.8542376454316333
152	524	0.8925823832789168
509	197	0.8617982495196548
241	185	0.8669809621934619
359	39	0.8993614665682284
301	344	0.8542376454316333
301	586	0.9822293919254425
524	69	0.8925823832789168
141	691	0.9084444279308854
426	663	0.8669809621934619
525	51	0.8542376454316333
155	728	0.8993614665682284
310	679	0.9391280350253571
658	333	0.8861994794900651
426	418	0.8669809621934619
709	401	0.8617982495196548
409	229	0.8542376454316333
704	462	0.9066697402046523
99	5	0.8818024854454927
81	338	0.9084444279308854
790	243	0.907105801645784
483	83	0.8542376454316333
199	250	0.8542376454316333
199	492	0.9671153018251853
560	540	0.8542376454316333
229	69	0.9867667939811898
450	730	0.8669809621934619
48	142	0.8669809621934619
142	674	0.960933413245638
710	344	0.9299871587662552
560	535	0.9721623447688775
142	672	0.8669809621934619
372	136	0.8861994794900651
402	292	0.9822293919254425
450	727	0.8925823832789168
420	481	0.8993614665682284
236	270	0.8542376454316333
733	711	0.907105801645784
492	270	0.8542376454316333
563	740	0.8542376454316333
196	270	0.9084444279308854
657	589	0.885899188829319
702	236	0.8542376454316333
309	728	0.8993614665682284
127	217	0.9066697402046523
122	275	1.0
152	518	0.8925823832789168
243	151	0.907105801645784
259	642	0.8542376454316333
704	217	0.9066697402046523
122	270	0.9084444279308854
413	365	0.9924088434342437
142	663	0.8669809621934619
403	270	0.8542376454316333
524	152	0.8925823832789168
417	307	0.8861994794900651
229	41	0.8669809621934619
241	165	0.8669809621934619
778	450	0.8669809621934619
141	432	0.9924088434342437
321	727	0.9784095676569472
682	635	0.8861994794900651
125	462	0.9066697402046523
647	250	0.9084444279308854
372	361	0.8861994794900651
310	658	0.8542376454316333
425	658	0.8542376454316333
109	253	0.9822293919254425
426	643	0.8669809621934619
421	462	0.9066697402046523
270	658	0.8542376454316333
663	694	0.8669809621934619
281	730	0.9232011339459666
385	658	0.8542376454316333
241	63	0.8669809621934619
357	44	0.9257804098179165
142	429	0.8669809621934619
468	81	0.8542376454316333
544	792	0.9066697402046523
775	241	0.8669809621934619
413	590	0.8542376454316333
121	279	0.9784095676569472
47	165	0.8669809621934619
659	307	0.8861994794900651
83	109	0.9514704439690702
248	152	0.8925823832789168
672	140	0.9543126125918334
96	633	0.885899188829319
278	638	0.9750967015675303
658	152	0.960933413245638
321	318	0.9924088434342437
321	559	0.8925823832789168
136	361	0.9695206095350685
20	658	0.8861994794900651
789	359	0.8993614665682284
417	372	0.8861994794900651
714	593	0.960933413245638
668	229	0.8669809621934619
27	802	0.9049534175061065
659	372	0.8861994794900651
321	321	0.9924088434342437
672	32	0.8669809621934619
453	509	0.8617982495196548
83	586	0.9514704439690702
740	409	0.8542376454316333
301	51	0.8542376454316333
396	792	0.9066697402046523
285	740	0.8542376454316333
450	778	0.8669809621934619
259	691	0.8542376454316333
657	396	0.885899188829319
317	635	0.960933413245638
426	467	0.8669809621934619
141	250	0.9924088434342437
417	361	0.9695206095350685
540	81	0.8542376454316333
659	361	0.9257804098179165
321	553	0.9784095676569472
740	631	0.8542376454316333
554	450	0.8925823832789168
433	330	0.8669809621934619
78	450	0.8669809621934619
686	401	0.9750967015675303
725	658	0.9528603920161663
259	216	0.9750967015675303
730	559	0.8669809621934619
560	344	0.8542376454316333
429	426	0.8669809621934619
69	578	0.8861994794900651
426	450	0.8669809621934619
426	694	0.8669809621934619
525	199	0.8542376454316333
602	792	0.9066697402046523
91	672	0.8669809621934619
657	146	0.885899188829319
591	3	0.885899188829319
80	127	0.885899188829319
525	81	0.8542376454316333
81	593	0.9543126125918334
129	479	0.8542376454316333
702	278	0.8542376454316333
725	640	0.8542376454316333
539	462	0.9066697402046523
385	469	0.9924088434342437
301	33	0.9822293919254425
78	663	0.8669809621934619
658	20	0.8861994794900651
148	647	0.8542376454316333
78	426	0.9420774287874426
620	737	0.8841119256502336
115	92	0.9420774287874426
127	242	0.885899188829319
385	691	0.8542376454316333
672	350	0.8669809621934619
676	548	0.8542376454316333
425	695	0.9721623447688775
556	657	0.9649003276400825
702	270	0.9084444279308854
146	657	0.885899188829319
317	613	0.960933413245638
658	361	0.8861994794900651
167	800	0.960933413245638
92	672	0.8669809621934619
81	122	0.9084444279308854
189	81	0.8542376454316333
714	560	0.8542376454316333
330	629	1.0
602	539	0.9066697402046523
658	357	0.8861994794900651
78	672	0.8669809621934619
189	199	0.9251203610611077
639	183	0.8542376454316333
686	623	0.8617982495196548
560	560	0.9721623447688775
154	764	0.9049534175061065
676	301	0.8542376454316333
429	643	0.8669809621934619
657	26	0.885899188829319
413	158	0.9924088434342437
199	270	0.8542376454316333
409	483	0.8542376454316333
