293	302	
38	9	
293	307	
38	8	
38	4	
38	3	
38	0	
24	312	
24	314	
30	203	
30	205	
293	311	
22	301	
292	303	
22	305	
291	311	
292	313	
23	306	
39	4	
31	218	
27	303	
290	40	
297	305	
22	18	
22	15	
20	39	
20	37	
21	20	
30	235	
30	237	
30	239	
27	310	
27	314	
30	242	
21	12	
292	23	
31	230	
20	24	
31	232	
20	21	
292	20	
291	36	
23	27	
22	32	
20	59	
21	41	
31	200	
20	53	
290	31	
23	13	
30	221	
21	33	
20	49	
21	31	
31	210	
20	42	
20	40	
27	300	
33	230	
32	246	
290	85	
294	39	
291	73	
294	33	
294	32	
34	226	
23	40	
295	22	
30	273	
22	52	
36	200	
31	260	
30	276	
22	50	
21	64	
21	62	
20	77	
32	251	
32	252	
20	73	
32	255	
295	37	
24	20	
295	38	
295	39	
30	282	
292	68	
21	57	
21	56	
22	40	
31	271	
293	51	
293	56	
41	113	
30	289	
31	273	
294	41	
21	52	
42	100	
291	76	
20	65	
32	263	
291	75	
24	19	
24	18	
42	106	
296	19	
24	59	
290	63	
33	211	
291	50	
33	213	
28	314	
29	300	
24	52	
29	302	
22	77	
294	13	
27	17	
27	16	
293	20	
27	13	
292	34	
26	28	
31	240	
27	11	
21	83	
20	98	
21	82	
298	309	
25	37	
291	47	
20	94	
25	35	
292	32	
31	249	
25	31	
290	74	
290	71	
295	18	
24	43	
35	200	
292	46	
30	265	
30	266	
21	76	
21	75	
30	269	
26	13	
25	28	
31	256	
299	303	
31	258	
24	39	
292	40	
295	69	
25	63	
295	67	
44	101	
25	62	
39	203	
297	41	
296	57	
25	60	
29	16	
297	40	
34	266	
24	72	
23	86	
28	26	
28	25	
295	66	
294	79	
41	143	
27	36	
22	93	
298	28	
22	90	
32	292	
299	13	
293	88	
42	133	
41	149	
32	294	
297	32	
33	280	
42	137	
37	238	
32	297	
297	38	
292	97	
25	57	
43	122	
292	98	
297	37	
39	213	
33	288	
34	272	
296	63	
34	273	
34	276	
24	62	
45	102	
294	89	
44	119	
34	279	
294	87	
35	266	
22	89	
45	108	
293	97	
41	154	
36	256	
36	257	
27	23	
22	81	
41	157	
37	243	
21	95	
294	83	
299	24	
37	245	
21	94	
297	46	
37	247	
43	133	
33	294	
298	31	
293	90	
32	268	
33	254	
25	84	
295	46	
33	257	
34	242	
24	94	
34	247	
294	59	
28	47	
35	236	
41	124	
31	285	
27	54	
41	126	
37	211	
296	28	
26	67	
42	115	
26	63	
26	62	
38	204	
26	60	
33	268	
25	71	
24	87	
34	254	
23	98	
34	258	
28	37	
28	35	
294	69	
40	146	
31	290	
298	16	
41	133	
42	120	
41	137	
42	121	
298	18	
31	298	
296	37	
32	285	
291	97	
42	127	
293	71	
42	128	
37	229	
38	259	
297	85	
45	133	
29	56	
29	54	
296	94	
46	125	
41	185	
47	112	
46	128	
298	68	
38	261	
26	88	
39	250	
299	50	
25	99	
298	65	
44	153	
25	98	
39	256	
36	291	
29	44	
41	192	
29	41	
46	137	
37	281	
42	182	
36	299	
27	69	
46	139	
27	67	
48	110	
42	186	
38	271	
43	171	
42	188	
298	73	
297	88	
39	262	
44	163	
44	120	
38	238	
296	79	
44	125	
39	226	
296	77	
40	170	
40	172	
295	84	
45	114	
40	173	
35	274	
40	174	
294	98	
29	76	
45	117	
35	278	
29	73	
41	163	
40	179	
36	265	
29	70	
37	251	
41	167	
299	36	
46	109	
37	255	
42	159	
27	92	
39	231	
298	43	
297	59	
43	147	
39	232	
34	292	
297	74	
40	182	
295	95	
29	66	
41	176	
37	261	
299	41	
298	58	
36	279	
27	89	
37	264	
299	48	
42	166	
38	252	
37	268	
43	155	
298	56	
39	241	
298	53	
44	141	
39	287	
49	127	
44	187	
46	161	
29	98	
46	167	
29	92	
299	90	
44	190	
44	192	
39	294	
39	295	
44	194	
45	186	
45	188	
47	168	
49	140	
28	92	
48	158	
49	147	
47	134	
47	135	
37	295	
37	296	
37	297	
43	181	
43	184	
43	185	
38	286	
298	82	
48	127	
49	112	
38	288	
39	275	
45	160	
45	164	
45	165	
45	168	
47	142	
299	88	
48	131	
299	89	
48	135	
38	295	
43	195	
38	297	
49	123	
44	182	
298	99	
47	196	
48	182	
48	184	
49	177	
49	182	
49	186	
49	188	
45	192	
45	194	
45	195	
45	198	
46	183	
47	171	
40	0	
49	157	
49	159	
47	183	
47	186	
48	174	
48	177	
42	1	
43	4	
43	3	
45	5	
31	306	
44	8	
44	5	
44	4	
44	0	
47	7	
49	0	
33	314	
48	8	
34	312	
35	301	
32	302	
32	304	
30	15	
30	13	
33	301	
33	306	
37	308	
100	126	
32	19	
100	121	
32	18	
32	17	
32	10	
31	25	
101	107	
41	227	
31	21	
37	312	
37	313	
42	213	
30	32	
38	301	
38	308	
40	242	
31	17	
41	234	
42	220	
101	117	
101	118	
42	223	
43	211	
100	103	
100	108	
33	21	
40	214	
31	47	
32	30	
41	205	
31	41	
41	207	
41	209	
33	13	
40	220	
40	221	
32	22	
31	38	
40	227	
41	215	
31	33	
30	48	
41	216	
37	304	
42	206	
30	85	
35	25	
101	157	
102	142	
44	229	
100	165	
45	218	
32	59	
32	56	
46	208	
32	53	
51	108	
102	135	
42	257	
30	78	
102	136	
30	75	
101	168	
44	234	
102	153	
106	108	
105	111	
40	283	
40	285	
41	270	
40	287	
50	128	
32	48	
32	47	
40	289	
33	31	
32	46	
46	215	
32	45	
103	136	
47	204	
52	107	
47	208	
43	251	
31	91	
43	215	
43	216	
34	58	
34	51	
40	256	
40	257	
41	243	
103	108	
33	60	
32	74	
36	27	
103	100	
43	220	
30	98	
42	239	
100	158	
100	156	
30	93	
101	146	
39	313	
102	131	
34	48	
30	90	
34	45	
33	59	
33	57	
45	206	
45	208	
41	252	
50	109	
101	139	
42	243	
36	16	
30	89	
102	125	
35	28	
54	105	
107	121	
36	51	
108	111	
107	127	
102	186	
49	209	
44	268	
34	78	
106	131	
101	193	
106	135	
46	244	
106	132	
101	191	
106	133	
39	11	
104	153	
32	99	
32	98	
32	97	
32	96	
32	95	
108	103	
102	176	
32	92	
44	270	
36	47	
54	110	
104	151	
108	106	
106	149	
35	59	
54	116	
54	117	
107	137	
102	194	
108	120	
105	156	
45	269	
106	143	
105	159	
47	240	
104	165	
109	107	
47	243	
104	164	
52	144	
33	72	
37	28	
37	25	
102	189	
102	188	
103	177	
37	20	
54	122	
48	239	
43	298	
44	282	
107	101	
43	259	
102	164	
40	290	
36	70	
105	124	
40	292	
100	184	
50	134	
35	82	
45	236	
34	97	
45	237	
106	113	
40	297	
46	223	
46	224	
104	132	
46	226	
42	270	
46	228	
52	112	
47	213	
42	274	
47	215	
104	135	
47	216	
43	261	
43	262	
36	67	
107	111	
43	269	
108	100	
102	175	
50	140	
45	245	
105	133	
105	134	
106	123	
101	182	
46	232	
106	124	
101	183	
46	233	
39	24	
101	181	
41	294	
46	236	
41	297	
39	20	
104	147	
100	190	
52	123	
41	299	
104	148	
48	211	
38	31	
33	90	
102	167	
107	109	
37	44	
48	215	
48	219	
107	166	
36	98	
36	96	
55	136	
51	181	
46	283	
56	124	
106	172	
51	186	
47	274	
57	115	
39	55	
58	100	
39	54	
48	261	
105	181	
105	187	
53	163	
37	79	
54	153	
109	135	
37	74	
109	133	
54	156	
37	73	
56	130	
46	292	
36	81	
108	164	
46	295	
57	120	
46	297	
56	138	
51	197	
39	48	
47	283	
35	90	
107	171	
57	127	
52	186	
105	191	
53	173	
105	198	
106	182	
48	276	
38	54	
48	277	
48	279	
59	105	
109	144	
37	61	
107	144	
50	171	
55	113	
44	289	
45	277	
50	177	
45	278	
105	166	
50	178	
45	279	
107	140	
46	265	
56	106	
39	79	
46	268	
53	140	
105	165	
53	141	
104	178	
47	259	
38	87	
48	246	
107	139	
108	123	
38	83	
49	232	
38	82	
109	113	
38	81	
108	128	
104	171	
103	187	
49	236	
107	156	
108	141	
105	177	
51	173	
107	151	
56	118	
51	177	
105	171	
57	106	
48	251	
105	175	
38	75	
49	241	
49	242	
49	245	
54	145	
49	246	
37	84	
109	123	
49	247	
55	177	
108	198	
56	164	
108	197	
109	181	
56	167	
58	141	
39	97	
39	96	
109	173	
109	191	
57	167	
57	169	
58	156	
58	159	
39	81	
55	193	
55	196	
106	194	
47	291	
107	182	
48	280	
53	181	
57	139	
58	126	
49	275	
59	117	
56	152	
108	186	
107	190	
57	145	
58	131	
58	137	
53	196	
48	299	
108	178	
59	126	
55	172	
55	174	
58	180	
57	196	
57	197	
59	171	
58	192	
59	181	
59	188	
104	3	
56	181	
56	189	
58	161	
59	150	
59	156	
109	199	
56	193	
56	199	
57	187	
58	176	
59	162	
58	179	
102	0	
107	5	
107	6	
107	4	
107	7	
59	190	
59	197	
59	199	
53	3	
106	3	
106	0	
100	207	
41	305	
100	212	
100	216	
100	209	
54	7	
42	305	
57	9	
108	3	
109	7	
109	6	
40	305	
109	0	
43	313	
101	232	
101	233	
44	305	
44	307	
100	240	
102	212	
103	200	
100	256	
101	246	
102	230	
44	314	
45	301	
50	201	
58	0	
104	201	
103	210	
40	23	
40	22	
40	20	
100	229	
101	210	
100	227	
101	203	
40	19	
101	209	
40	15	
101	220	
100	230	
102	209	
102	207	
101	216	
101	215	
40	41	
105	223	
104	237	
50	236	
41	29	
52	215	
53	204	
41	21	
48	306	
53	206	
111	123	
53	209	
106	225	
106	228	
101	288	
110	132	
100	295	
51	234	
52	220	
103	257	
105	231	
52	223	
41	18	
107	207	
103	255	
53	216	
100	266	
41	50	
40	63	
104	218	
44	12	
43	24	
46	304	
46	309	
102	231	
41	40	
106	203	
111	107	
111	108	
111	105	
40	51	
104	229	
105	211	
110	116	
105	214	
105	215	
100	274	
103	236	
47	300	
104	224	
103	239	
104	223	
51	219	
47	306	
42	20	
41	31	
111	158	
108	231	
41	70	
55	213	
54	229	
106	251	
110	167	
110	164	
44	37	
50	277	
50	278	
105	269	
56	206	
51	265	
43	49	
111	153	
61	106	
104	275	
114	116	
61	108	
56	209	
114	113	
104	274	
110	160	
52	257	
110	161	
107	238	
53	245	
108	223	
103	287	
109	213	
40	79	
55	225	
55	226	
44	29	
106	262	
111	162	
106	263	
50	287	
60	129	
51	273	
106	266	
57	200	
61	117	
57	202	
56	218	
62	102	
56	219	
51	278	
110	170	
109	225	
110	173	
42	44	
107	221	
101	296	
107	220	
46	32	
101	298	
50	253	
110	143	
111	133	
110	146	
44	54	
113	109	
51	247	
51	248	
51	249	
104	258	
43	64	
104	255	
103	261	
108	202	
52	237	
112	118	
52	239	
107	217	
102	276	
113	106	
112	119	
41	87	
106	248	
102	291	
40	99	
107	236	
55	201	
102	296	
55	202	
112	133	
55	204	
105	256	
45	34	
50	265	
45	32	
111	143	
51	252	
52	240	
44	42	
52	241	
113	118	
103	278	
113	119	
51	259	
43	52	
52	247	
103	270	
54	220	
109	202	
103	277	
113	114	
54	268	
118	112	
117	126	
60	155	
113	175	
61	140	
118	113	
61	141	
117	120	
115	149	
56	247	
117	124	
44	78	
115	143	
44	75	
114	157	
115	142	
109	259	
63	122	
58	224	
44	71	
58	227	
59	211	
54	270	
109	252	
58	228	
42	99	
64	115	
47	36	
65	100	
114	156	
114	153	
65	101	
60	161	
42	92	
64	119	
54	279	
47	32	
42	91	
112	198	
107	299	
60	163	
47	31	
46	47	
107	297	
114	170	
55	268	
45	58	
112	190	
56	257	
57	241	
112	191	
45	50	
115	154	
44	62	
59	220	
63	136	
59	221	
53	298	
48	12	
47	28	
64	125	
64	126	
42	84	
114	167	
64	127	
54	288	
55	273	
55	230	
106	279	
50	291	
60	131	
107	269	
60	134	
113	150	
60	136	
55	237	
56	221	
51	280	
56	222	
45	89	
116	114	
61	122	
56	224	
50	299	
51	284	
117	101	
111	176	
107	262	
61	126	
56	228	
52	271	
62	111	
56	229	
52	274	
57	216	
62	116	
62	117	
116	110	
57	219	
52	279	
105	284	
110	183	
109	230	
63	105	
53	265	
58	209	
118	101	
107	275	
60	143	
55	245	
60	144	
107	278	
106	284	
56	233	
51	293	
45	77	
106	282	
52	280	
116	129	
106	286	
116	127	
62	123	
105	292	
52	286	
114	147	
109	248	
53	271	
115	136	
48	39	
44	82	
58	213	
43	97	
115	135	
49	20	
54	260	
58	218	
54	261	
48	34	
58	219	
109	240	
48	32	
64	104	
48	30	
47	46	
55	251	
56	280	
47	87	
118	156	
61	180	
65	139	
47	84	
58	260	
68	101	
58	261	
58	264	
116	172	
59	253	
64	156	
48	66	
59	259	
114	199	
65	143	
109	298	
65	145	
115	182	
114	198	
56	293	
46	88	
67	122	
56	298	
117	174	
61	199	
62	184	
116	189	
68	110	
67	127	
62	186	
62	187	
58	272	
62	188	
68	115	
58	277	
116	181	
69	102	
68	119	
64	163	
49	43	
69	107	
65	150	
64	168	
47	69	
48	52	
118	133	
55	274	
117	147	
118	132	
113	196	
66	102	
113	197	
108	298	
113	195	
108	296	
56	267	
66	108	
118	130	
63	143	
58	245	
49	76	
119	112	
113	187	
64	135	
114	172	
113	188	
119	113	
48	85	
118	145	
61	170	
56	272	
55	288	
66	113	
61	172	
114	192	
56	274	
61	174	
57	265	
67	107	
62	167	
64	142	
59	244	
59	245	
118	139	
108	299	
109	283	
109	289	
115	170	
67	150	
119	185	
68	140	
67	157	
68	143	
119	180	
118	194	
110	4	
64	192	
59	294	
69	136	
59	297	
69	139	
49	94	
49	93	
49	91	
111	8	
111	7	
67	167	
69	140	
68	157	
48	98	
118	176	
67	130	
118	179	
57	296	
68	122	
63	183	
58	284	
59	270	
63	186	
69	112	
64	171	
116	195	
69	116	
119	158	
65	165	
118	187	
67	143	
118	185	
64	180	
58	298	
64	182	
69	124	
117	191	
64	189	
67	195	
67	196	
68	181	
67	199	
68	185	
69	170	
69	175	
113	6	
68	191	
69	182	
67	170	
67	172	
67	173	
68	162	
68	168	
69	158	
66	193	
66	197	
67	187	
68	174	
69	161	
62	7	
62	3	
102	308	
64	6	
115	7	
69	197	
101	300	
63	6	
63	1	
105	300	
105	305	
110	202	
51	300	
51	309	
65	7	
106	301	
106	307	
105	313	
52	307	
67	1	
118	7	
50	302	
104	301	
119	6	
66	0	
112	223	
112	221	
103	24	
113	208	
101	44	
100	58	
110	240	
108	306	
108	303	
104	26	
60	205	
102	45	
109	305	
114	201	
109	309	
112	227	
104	19	
100	65	
51	13	
50	22	
101	21	
100	36	
101	24	
100	33	
53	304	
53	305	
53	306	
107	310	
53	307	
110	238	
111	223	
50	11	
110	237	
107	306	
100	42	
51	34	
111	277	
117	203	
50	45	
50	41	
117	201	
116	217	
110	289	
62	210	
61	226	
107	13	
114	234	
107	11	
106	27	
115	224	
63	200	
105	36	
100	95	
63	204	
52	16	
105	34	
63	207	
101	84	
114	230	
114	231	
101	82	
104	64	
105	54	
103	74	
111	283	
110	299	
103	75	
107	29	
115	238	
121	127	
61	237	
61	239	
106	37	
62	225	
115	230	
102	81	
63	211	
108	12	
103	71	
63	213	
101	95	
113	257	
101	93	
112	245	
112	246	
113	230	
104	38	
50	68	
60	214	
110	263	
56	301	
50	63	
61	200	
115	205	
104	30	
60	219	
120	108	
110	268	
101	65	
56	307	
115	201	
101	68	
100	71	
53	20	
112	253	
121	107	
113	240	
60	223	
51	40	
121	100	
116	201	
60	225	
120	117	
102	69	
110	274	
102	66	
61	211	
50	52	
110	275	
115	219	
106	17	
62	201	
53	19	
53	18	
57	304	
114	229	
57	306	
62	205	
102	62	
62	209	
105	24	
52	24	
106	14	
52	22	
52	21	
51	36	
52	62	
65	215	
60	274	
109	39	
119	220	
71	100	
114	280	
105	85	
71	103	
109	32	
116	257	
109	33	
116	255	
50	84	
54	39	
116	258	
54	38	
109	35	
121	158	
63	240	
125	102	
121	152	
108	45	
118	227	
107	52	
124	117	
52	53	
122	158	
65	225	
117	257	
52	50	
61	270	
71	111	
70	128	
70	129	
51	61	
122	150	
71	115	
50	76	
121	164	
71	117	
50	73	
105	90	
61	279	
54	29	
55	12	
121	168	
117	253	
54	27	
109	46	
108	51	
107	67	
126	100	
114	289	
120	179	
107	69	
114	283	
63	259	
53	32	
52	48	
124	127	
124	128	
52	43	
114	286	
59	308	
104	78	
59	309	
57	25	
57	21	
123	111	
117	228	
105	63	
60	256	
51	95	
60	257	
61	242	
115	248	
56	32	
115	249	
116	238	
112	281	
109	15	
108	29	
117	221	
54	58	
62	236	
107	33	
115	246	
123	106	
118	207	
106	42	
105	59	
63	227	
53	64	
118	206	
114	255	
52	77	
123	108	
123	109	
113	269	
118	221	
64	218	
118	222	
56	29	
117	236	
118	225	
106	61	
122	139	
55	39	
51	82	
60	269	
104	81	
109	22	
56	21	
117	231	
108	39	
103	98	
103	99	
112	291	
120	152	
50	90	
120	153	
114	268	
54	44	
116	241	
53	58	
115	255	
120	155	
119	203	
114	262	
53	52	
124	105	
119	206	
114	265	
106	57	
124	106	
119	204	
119	205	
106	56	
66	242	
118	274	
118	275	
67	230	
127	124	
67	233	
122	181	
109	74	
118	272	
55	67	
63	282	
55	65	
122	186	
108	83	
64	271	
116	296	
127	121	
108	86	
59	15	
121	194	
69	217	
65	260	
64	276	
70	160	
59	12	
119	255	
75	103	
107	96	
70	163	
108	81	
107	94	
66	250	
52	98	
107	95	
119	271	
119	272	
124	171	
123	184	
128	126	
57	33	
129	116	
52	91	
123	188	
124	172	
122	194	
127	135	
109	85	
122	193	
127	134	
63	290	
122	198	
128	124	
123	180	
73	133	
118	282	
54	69	
108	96	
73	136	
63	296	
108	93	
125	158	
74	122	
127	131	
117	292	
117	290	
109	82	
58	19	
54	61	
70	171	
65	272	
75	115	
52	88	
65	277	
58	12	
66	262	
65	278	
122	169	
58	54	
66	220	
58	53	
106	90	
71	120	
65	237	
123	158	
61	283	
66	226	
66	227	
116	276	
126	117	
71	129	
67	214	
118	250	
127	107	
117	264	
63	260	
62	276	
72	117	
68	202	
72	118	
56	70	
121	170	
108	61	
63	265	
55	83	
121	173	
108	66	
109	50	
63	267	
115	288	
120	188	
59	35	
54	94	
59	33	
59	32	
54	90	
115	280	
114	296	
58	45	
65	245	
123	164	
70	147	
123	169	
119	251	
71	135	
66	236	
128	108	
121	186	
122	170	
126	128	
121	187	
56	64	
68	210	
56	63	
127	116	
118	260	
121	180	
116	282	
73	114	
73	115	
125	136	
69	201	
55	72	
116	285	
55	71	
74	103	
64	263	
59	24	
54	81	
59	20	
74	109	
119	248	
65	255	
70	154	
58	34	
107	83	
59	60	
67	270	
129	143	
72	172	
58	72	
72	175	
77	119	
72	179	
78	104	
68	266	
74	150	
56	90	
125	188	
66	295	
71	198	
200	103	
68	270	
127	179	
78	112	
57	73	
56	86	
129	151	
128	165	
69	267	
75	159	
76	144	
77	130	
70	179	
119	286	
119	287	
58	93	
71	169	
72	156	
68	245	
69	236	
109	93	
126	157	
65	282	
125	163	
125	166	
65	286	
70	186	
66	271	
119	292	
76	117	
58	84	
129	137	
124	194	
127	158	
72	166	
127	159	
124	189	
75	136	
65	298	
59	63	
59	62	
259	51	
277	103	
276	116	
257	75	
264	297	
275	120	
275	127	
266	271	
270	186	
257	77	
268	248	
274	130	
269	231	
255	99	
269	230	
255	96	
274	135	
264	294	
269	234	
274	132	
256	85	
259	47	
194	4	
268	242	
271	185	
258	75	
258	76	
271	188	
259	63	
276	127	
277	111	
180	302	
257	83	
274	147	
270	196	
275	137	
275	136	
266	280	
275	135	
273	157	
273	155	
274	146	
269	246	
257	80	
256	96	
259	59	
272	167	
193	2	
275	107	
270	166	
193	1	
254	92	
257	52	
269	217	
257	56	
275	104	
265	264	
274	118	
256	60	
267	239	
269	214	
264	272	
274	110	
264	270	
269	211	
272	133	
262	293	
254	84	
266	248	
267	232	
259	23	
262	296	
266	264	
276	102	
275	118	
259	43	
275	110	
270	175	
265	274	
255	87	
269	224	
257	60	
264	282	
263	297	
264	281	
272	143	
272	147	
259	38	
277	142	
277	140	
198	0	
274	176	
182	307	
273	181	
259	89	
267	297	
268	288	
274	170	
277	157	
199	6	
274	186	
273	199	
277	149	
277	148	
279	123	
273	195	
271	195	
181	304	
277	124	
267	284	
181	306	
257	97	
258	81	
275	142	
257	95	
271	192	
266	292	
181	300	
180	314	
196	4	
278	107	
269	251	
257	93	
269	255	
272	174	
273	165	
269	250	
278	103	
276	147	
259	84	
267	291	
276	146	
258	98	
277	136	
182	304	
272	194	
259	85	
259	86	
197	6	
197	7	
274	169	
181	310	
274	164	
274	167	
279	106	
272	188	
273	174	
278	171	
278	170	
278	173	
276	194	
276	196	
190	214	
279	150	
279	153	
180	29	
277	197	
278	180	
277	195	
191	219	
278	183	
191	218	
187	301	
182	14	
181	20	
181	25	
276	178	
180	11	
278	152	
275	189	
184	307	
278	147	
278	161	
275	197	
278	157	
193	226	
183	31	
182	44	
183	34	
191	242	
182	48	
182	49	
189	305	
181	53	
182	42	
190	250	
181	59	
271	7	
194	206	
182	40	
181	56	
180	84	
180	82	
185	24	
186	14	
180	87	
192	240	
183	47	
193	230	
180	80	
184	38	
195	206	
195	204	
191	253	
183	46	
272	5	
181	68	
193	201	
278	192	
270	7	
188	305	
191	222	
187	312	
183	11	
279	174	
279	171	
182	20	
193	212	
188	313	
180	61	
193	215	
181	51	
180	64	
191	235	
182	35	
190	241	
183	22	
181	43	
270	9	
180	58	
186	42	
193	266	
187	30	
194	254	
186	47	
194	253	
186	45	
192	278	
196	224	
183	74	
195	239	
196	228	
192	271	
184	62	
182	82	
182	80	
182	85	
186	51	
185	68	
186	52	
194	265	
196	239	
184	73	
184	74	
197	220	
187	34	
186	49	
182	92	
183	81	
183	82	
260	305	
183	80	
182	96	
186	21	
180	94	
186	24	
185	39	
196	208	
196	207	
184	43	
184	48	
180	91	
180	92	
182	69	
273	1	
273	2	
196	206	
186	17	
182	64	
195	211	
197	205	
274	7	
192	263	
185	43	
192	267	
193	250	
185	41	
183	63	
182	79	
186	29	
182	76	
190	281	
187	74	
197	257	
199	232	
263	306	
188	59	
197	256	
185	91	
187	67	
195	273	
195	277	
199	247	
187	81	
264	306	
187	85	
186	94	
264	301	
199	241	
196	276	
279	9	
189	56	
188	62	
196	270	
277	0	
194	272	
186	62	
198	227	
193	286	
186	63	
194	276	
197	238	
198	220	
192	295	
193	283	
185	74	
184	81	
183	97	
197	234	
261	309	
196	249	
197	231	
187	44	
193	298	
195	271	
187	62	
193	291	
199	220	
198	236	
185	85	
193	293	
186	70	
262	301	
189	32	
197	240	
188	49	
261	314	
262	305	
197	242	
195	264	
187	57	
277	6	
188	45	
277	9	
188	42	
261	26	
261	24	
199	273	
189	87	
260	31	
197	299	
197	297	
271	203	
266	303	
188	93	
271	208	
197	292	
199	289	
262	24	
271	222	
271	221	
198	299	
261	37	
261	38	
189	98	
272	205	
189	97	
271	215	
272	200	
187	90	
270	205	
187	97	
187	94	
199	254	
198	267	
189	64	
197	277	
197	275	
195	296	
187	88	
265	312	
260	28	
199	265	
261	16	
199	264	
197	289	
197	286	
189	79	
270	209	
270	207	
196	290	
187	99	
188	88	
275	205	
270	264	
274	217	
273	224	
272	238	
260	73	
273	228	
269	313	
264	24	
272	233	
270	277	
280	115	
271	266	
275	211	
11	107	
280	114	
262	66	
273	237	
274	220	
272	242	
10	120	
260	81	
264	37	
262	39	
273	208	
260	58	
261	43	
261	48	
199	295	
272	215	
268	307	
260	54	
267	311	
271	223	
272	211	
263	32	
271	244	
261	54	
262	43	
269	308	
261	58	
272	229	
260	63	
273	212	
273	210	
274	200	
260	65	
264	11	
272	225	
264	16	
269	12	
281	133	
277	223	
272	281	
277	221	
275	244	
275	243	
12	124	
280	141	
280	140	
281	131	
276	230	
275	246	
280	144	
274	251	
265	57	
278	207	
274	256	
283	109	
274	253	
14	106	
282	116	
265	51	
281	129	
265	50	
282	118	
265	53	
277	218	
268	37	
277	235	
281	147	
277	232	
263	90	
280	152	
280	151	
281	140	
280	156	
268	32	
276	241	
268	33	
274	263	
279	203	
14	115	
284	106	
284	105	
279	206	
274	265	
283	111	
265	63	
278	216	
283	114	
15	109	
263	64	
281	112	
276	212	
271	275	
262	72	
267	11	
12	108	
273	243	
266	20	
265	36	
267	10	
266	26	
261	85	
273	248	
265	30	
10	131	
272	258	
273	241	
271	284	
10	136	
280	137	
10	139	
277	210	
274	248	
268	13	
267	27	
12	119	
273	256	
266	30	
265	46	
261	90	
13	107	
266	34	
261	93	
266	35	
272	264	
10	140	
277	208	
264	58	
282	106	
287	103	
286	119	
281	177	
282	161	
277	262	
276	278	
277	261	
11	179	
278	251	
17	106	
282	164	
13	151	
13	153	
277	260	
14	140	
14	141	
286	114	
280	188	
279	237	
267	71	
274	295	
274	294	
15	131	
14	147	
10	190	
285	124	
10	191	
10	192	
274	298	
280	180	
15	135	
16	120	
278	244	
11	180	
283	141	
11	183	
283	145	
17	111	
17	112	
12	172	
287	119	
283	162	
277	279	
12	175	
17	117	
288	101	
278	261	
13	162	
190	307	
282	170	
277	270	
276	286	
269	60	
285	131	
279	247	
268	70	
267	87	
15	144	
278	256	
15	149	
283	158	
266	95	
283	156	
282	145	
11	158	
280	162	
267	56	
13	134	
276	253	
269	30	
268	46	
280	166	
268	44	
10	171	
266	68	
15	113	
264	89	
273	281	
265	72	
11	161	
278	226	
15	119	
273	284	
269	45	
282	150	
281	166	
286	106	
269	43	
11	168	
282	154	
13	141	
285	116	
267	69	
12	159	
281	164	
268	54	
268	55	
14	132	
274	285	
266	76	
14	133	
274	284	
284	123	
283	138	
275	271	
266	78	
279	228	
267	63	
283	133	
278	231	
16	112	
279	222	
284	120	
278	290	
13	190	
269	98	
288	136	
283	193	
193	301	
269	92	
14	182	
286	153	
285	169	
269	96	
14	186	
285	162	
284	177	
285	166	
285	165	
288	129	
278	289	
289	110	
285	160	
279	277	
289	114	
287	159	
288	142	
18	142	
193	314	
19	132	
287	152	
285	173	
286	162	
285	177	
16	173	
289	124	
17	162	
284	186	
193	309	
282	184	
277	284	
277	287	
285	149	
285	148	
267	99	
13	176	
281	190	
14	161	
268	89	
19	104	
286	136	
284	158	
15	152	
190	314	
279	251	
16	142	
16	146	
284	153	
267	90	
283	168	
284	151	
12	192	
277	297	
17	134	
277	295	
17	136	
192	308	
277	299	
283	182	
278	282	
14	170	
18	128	
14	173	
277	290	
289	109	
14	178	
15	164	
15	168	
283	177	
16	153	
16	154	
278	276	
16	155	
288	115	
17	140	
16	156	
284	164	
279	263	
289	160	
191	22	
19	161	
288	178	
286	197	
196	300	
195	314	
286	193	
191	16	
195	310	
191	18	
288	187	
289	171	
288	185	
19	170	
197	309	
190	44	
197	304	
288	181	
288	180	
192	10	
289	167	
18	191	
192	12	
191	28	
289	169	
288	154	
288	153	
287	169	
190	13	
17	168	
190	10	
287	167	
18	154	
288	156	
286	177	
15	197	
289	135	
194	302	
194	306	
289	153	
288	169	
288	167	
191	10	
287	177	
19	158	
287	176	
286	180	
16	191	
16	193	
16	194	
194	313	
16	198	
17	186	
289	148	
11	7	
192	44	
289	199	
192	41	
11	0	
192	45	
191	73	
191	74	
195	21	
195	26	
191	68	
10	8	
192	58	
282	8	
280	7	
18	199	
198	309	
289	183	
190	59	
198	302	
197	311	
193	16	
192	24	
289	197	
19	194	
194	16	
194	19	
12	9	
193	28	
196	47	
15	7	
198	20	
285	2	
197	28	
198	16	
193	75	
196	57	
14	9	
195	67	
196	55	
196	53	
194	78	
199	18	
197	39	
270	307	
193	84	
196	25	
196	24	
191	86	
190	96	
196	22	
283	8	
193	55	
283	7	
193	56	
194	45	
194	44	
192	64	
283	3	
16	4	
16	3	
196	38	
195	45	
195	43	
196	31	
284	1	
193	66	
197	15	
197	73	
196	83	
196	85	
273	305	
18	4	
18	1	
288	5	
272	311	
198	71	
274	309	
199	59	
273	311	
17	6	
199	56	
17	2	
17	1	
197	51	
196	67	
197	57	
287	6	
195	77	
199	25	
193	94	
198	38	
193	98	
197	69	
197	66	
196	72	
272	306	
272	305	
198	45	
271	313	
197	59	
199	32	
281	210	
271	28	
12	204	
280	223	
280	222	
12	207	
271	22	
281	206	
10	238	
11	227	
271	38	
12	214	
273	10	
12	216	
271	31	
270	44	
13	207	
282	208	
270	42	
282	205	
277	306	
270	41	
275	307	
280	205	
10	208	
197	99	
197	90	
275	301	
197	92	
270	11	
199	61	
199	67	
198	93	
198	91	
11	201	
11	209	
280	211	
271	13	
199	72	
11	252	
11	253	
11	255	
274	35	
11	259	
272	56	
12	247	
13	232	
12	249	
280	266	
272	58	
271	64	
275	18	
283	226	
284	210	
285	201	
14	226	
284	215	
271	66	
282	237	
274	28	
282	236	
10	273	
21	101	
275	14	
270	74	
275	15	
274	42	
11	264	
286	207	
282	250	
281	264	
11	267	
16	209	
270	90	
274	47	
13	240	
273	51	
13	241	
12	258	
272	65	
291	102	
273	55	
290	117	
285	218	
281	260	
14	231	
271	72	
283	237	
276	17	
270	80	
15	226	
10	285	
11	270	
276	11	
15	228	
15	229	
21	113	
16	214	
11	231	
10	248	
11	233	
281	237	
280	241	
272	34	
12	224	
12	225	
13	210	
12	227	
13	211	
14	201	
13	217	
278	305	
13	218	
270	59	
14	206	
270	54	
273	34	
11	244	
11	245	
274	24	
11	249	
284	208	
273	30	
280	254	
273	31	
13	225	
284	202	
271	52	
270	68	
283	217	
271	53	
270	67	
15	201	
270	61	
15	207	
10	267	
12	281	
291	139	
281	299	
282	283	
12	282	
292	122	
281	298	
12	283	
12	287	
13	271	
282	285	
274	78	
22	128	
273	83	
278	24	
286	233	
273	81	
285	247	
274	71	
273	87	
24	101	
279	13	
278	26	
24	103	
13	279	
276	48	
24	105	
284	256	
20	150	
284	254	
285	244	
284	259	
272	93	
285	242	
21	140	
20	156	
15	257	
20	157	
292	119	
20	158	
282	278	
283	262	
21	143	
284	253	
284	252	
282	293	
275	74	
22	136	
283	282	
283	281	
278	35	
273	94	
13	286	
282	291	
24	115	
14	275	
284	267	
20	160	
277	48	
290	153	
277	45	
285	253	
16	251	
288	217	
21	154	
17	240	
284	262	
11	276	
11	277	
274	52	
16	219	
292	105	
282	264	
274	55	
274	56	
277	18	
22	109	
12	269	
281	273	
286	214	
291	112	
286	213	
281	272	
280	288	
14	243	
277	11	
14	244	
284	233	
276	24	
276	25	
271	84	
290	122	
15	232	
15	235	
11	280	
282	256	
270	92	
15	238	
11	281	
284	230	
283	246	
275	39	
20	139	
21	124	
16	225	
283	244	
16	226	
286	229	
17	212	
273	78	
21	128	
287	211	
292	117	
283	260	
17	216	
17	217	
277	29	
12	278	
18	204	
286	220	
278	12	
273	76	
274	60	
281	283	
280	299	
278	15	
13	268	
271	97	
277	20	
14	259	
271	99	
283	254	
276	30	
275	49	
283	258	
16	234	
276	34	
271	93	
22	164	
293	152	
27	106	
297	107	
22	168	
23	155	
19	240	
24	140	
19	241	
279	52	
296	116	
287	260	
286	276	
296	114	
291	173	
291	179	
279	54	
277	74	
285	282	
26	121	
278	65	
20	198	
290	185	
293	147	
21	186	
16	287	
277	73	
294	135	
294	134	
276	87	
17	276	
22	177	
23	161	
298	101	
287	277	
292	176	
298	108	
288	268	
292	171	
286	288	
279	61	
19	256	
19	258	
292	173	
296	129	
295	136	
277	87	
278	71	
25	144	
286	283	
25	149	
291	180	
290	196	
276	95	
21	195	
289	244	
27	121	
294	142	
16	298	
22	183	
277	84	
295	130	
277	81	
21	158	
16	259	
287	247	
287	245	
279	36	
17	249	
283	292	
18	234	
293	131	
275	84	
13	294	
278	45	
279	34	
13	299	
286	256	
290	161	
285	262	
290	160	
284	277	
25	113	
20	172	
14	289	
295	100	
276	69	
277	58	
15	275	
290	165	
20	175	
16	261	
21	161	
15	278	
289	212	
283	287	
284	271	
276	62	
25	119	
20	178	
288	227	
283	286	
26	104	
16	264	
277	50	
284	274	
284	273	
276	64	
21	168	
283	288	
287	258	
288	242	
287	257	
275	93	
279	48	
288	246	
22	158	
23	143	
290	178	
279	45	
296	108	
24	136	
291	166	
25	121	
285	274	
277	65	
20	181	
19	239	
278	50	
20	182	
284	287	
296	102	
291	161	
286	262	
296	101	
278	51	
15	288	
289	222	
275	88	
288	236	
276	78	
289	224	
28	135	
18	295	
19	280	
293	193	
18	298	
19	282	
299	124	
19	284	
294	181	
24	185	
25	170	
24	186	
29	128	
298	133	
25	174	
25	176	
26	161	
296	150	
26	165	
289	278	
27	153	
294	174	
28	140	
289	290	
24	192	
19	296	
24	196	
25	181	
297	153	
27	163	
26	179	
299	128	
28	150	
292	189	
293	171	
18	275	
18	277	
24	161	
287	283	
286	299	
24	164	
29	107	
24	166	
29	108	
24	167	
24	168	
279	76	
287	284	
277	96	
26	141	
278	81	
26	142	
279	70	
291	193	
296	134	
295	148	
22	191	
294	153	
298	109	
27	134	
277	94	
27	137	
22	196	
294	156	
288	286	
299	110	
288	283	
287	299	
294	172	
28	129	
287	292	
29	118	
292	197	
287	298	
288	280	
25	167	
26	151	
26	152	
296	144	
299	107	
27	144	
28	132	
299	108	
28	179	
299	166	
299	161	
298	175	
296	195	
297	184	
299	173	
297	197	
298	186	
28	191	
28	193	
29	180	
28	197	
299	142	
28	158	
299	140	
299	147	
299	144	
298	151	
298	154	
25	196	
25	199	
296	178	
27	172	
295	183	
299	139	
289	297	
295	186	
28	164	
28	169	
26	195	
295	199	
297	172	
295	192	
28	173	
296	180	
292	4	
21	2	
29	186	
299	188	
298	193	
290	8	
299	180	
23	4	
23	1	
299	198	
299	197	
10	306	
280	306	
25	7	
10	309	
25	4	
25	0	
280	314	
11	301	
281	301	
24	5	
293	5	
26	4	
294	4	
299	0	
13	311	
14	304	
14	308	
14	309	
28	3	
28	0	
284	300	
284	305	
283	311	
11	314	
281	312	
10	18	
281	309	
282	310	
298	6	
282	309	
13	309	
282	304	
16	314	
12	19	
21	216	
292	205	
12	13	
22	204	
22	206	
11	27	
290	229	
290	228	
291	211	
282	19	
10	32	
282	12	
20	232	
20	233	
280	33	
291	225	
292	216	
292	215	
280	51	
287	314	
23	201	
11	16	
283	12	
11	15	
18	303	
282	26	
18	305	
23	206	
18	308	
282	21	
281	37	
280	48	
21	234	
13	26	
13	23	
290	203	
290	205	
280	19	
15	310	
280	11	
20	219	
21	205	
13	12	
286	304	
21	206	
11	39	
285	314	
12	21	
286	301	
290	215	
281	11	
281	12	
21	210	
16	311	
22	241	
292	245	
12	59	
12	58	
22	248	
285	23	
280	82	
22	249	
12	55	
291	256	
283	46	
283	47	
281	68	
24	226	
281	69	
30	110	
15	19	
25	212	
10	76	
283	40	
294	219	
30	116	
30	117	
20	277	
30	118	
15	11	
293	223	
26	206	
289	313	
285	31	
285	32	
280	91	
13	33	
280	94	
12	48	
293	242	
13	30	
12	44	
290	278	
290	277	
291	267	
282	63	
11	50	
281	78	
26	210	
10	63	
282	65	
30	126	
286	13	
31	113	
280	85	
294	225	
13	27	
284	19	
13	64	
22	226	
291	231	
23	213	
283	26	
19	302	
16	29	
19	303	
12	71	
16	27	
11	86	
282	30	
24	204	
10	94	
293	203	
293	202	
280	52	
15	30	
280	56	
284	25	
21	247	
285	10	
284	23	
284	28	
13	51	
19	312	
11	78	
19	313	
24	216	
10	88	
16	11	
294	209	
30	104	
290	251	
282	44	
20	266	
10	82	
15	22	
25	208	
292	229	
292	228	
289	303	
21	256	
33	110	
19	15	
297	228	
292	287	
32	128	
299	202	
286	52	
19	12	
285	69	
14	70	
24	261	
28	218	
297	222	
24	262	
18	24	
289	14	
29	204	
24	264	
18	22	
283	87	
34	105	
292	283	
291	298	
25	253	
17	32	
17	31	
25	256	
282	95	
295	243	
283	84	
296	234	
31	141	
296	233	
31	142	
15	59	
287	39	
288	24	
31	145	
295	242	
282	93	
282	90	
22	295	
282	91	
14	64	
298	223	
292	298	
293	282	
33	123	
23	284	
14	61	
285	79	
23	285	
298	226	
299	210	
12	89	
12	88	
296	248	
34	114	
24	274	
296	247	
288	38	
283	97	
17	27	
13	70	
24	276	
18	10	
297	237	
285	72	
24	278	
34	119	
30	162	
284	86	
288	33	
16	36	
30	167	
35	109	
30	168	
26	253	
31	154	
26	256	
287	40	
32	140	
294	264	
32	141	
32	142	
27	243	
15	40	
295	251	
14	98	
284	58	
292	266	
15	80	
297	206	
285	40	
14	93	
32	109	
23	253	
19	32	
24	240	
284	51	
290	289	
23	258	
23	259	
24	245	
18	41	
25	232	
295	223	
287	16	
20	292	
295	222	
20	293	
16	68	
294	237	
16	66	
31	121	
25	238	
283	61	
21	282	
15	79	
281	82	
294	231	
286	24	
280	99	
26	225	
15	76	
293	245	
22	271	
287	12	
286	28	
31	129	
298	203	
293	262	
298	202	
293	261	
33	100	
19	24	
32	119	
283	77	
33	107	
297	210	
33	109	
18	32	
297	214	
25	240	
25	241	
296	228	
287	26	
287	25	
25	246	
296	223	
291	282	
290	298	
25	247	
288	15	
283	74	
295	237	
296	221	
30	149	
16	52	
15	68	
281	93	
31	135	
281	92	
31	137	
294	247	
286	38	
31	138	
282	82	
32	123	
32	124	
282	80	
33	154	
34	140	
19	58	
34	141	
286	97	
287	81	
286	94	
19	53	
35	130	
29	247	
297	264	
297	263	
18	63	
298	252	
35	136	
297	267	
35	137	
17	77	
26	282	
26	283	
287	79	
31	183	
17	74	
37	110	
37	111	
26	287	
16	87	
17	70	
16	86	
299	238	
16	83	
28	260	
286	88	
37	117	
37	119	
38	104	
32	179	
297	277	
19	40	
18	53	
288	76	
17	65	
17	64	
36	137	
31	196	
28	271	
38	112	
15	85	
32	189	
28	274	
33	174	
32	147	
286	70	
27	249	
23	292	
293	294	
285	87	
28	234	
298	233	
34	120	
19	78	
33	137	
19	77	
298	238	
298	237	
285	89	
33	139	
296	258	
24	286	
296	257	
24	288	
298	231	
297	246	
30	174	
36	100	
25	276	
26	261	
36	105	
26	266	
289	30	
299	217	
294	274	
286	65	
287	50	
32	154	
33	142	
28	243	
286	80	
28	248	
294	293	
287	70	
29	233	
285	90	
289	44	
34	138	
298	243	
285	93	
24	299	
25	284	
288	54	
25	287	
296	262	
288	55	
30	187	
295	277	
287	68	
296	260	
289	40	
36	118	
26	278	
299	228	
37	106	
27	267	
295	274	
28	298	
299	286	
34	183	
34	187	
299	287	
298	292	
36	160	
298	291	
35	178	
299	281	
299	280	
36	165	
298	290	
38	140	
37	156	
38	141	
39	132	
39	136	
35	182	
36	171	
19	80	
37	166	
37	168	
38	154	
38	157	
38	117	
38	118	
33	178	
39	108	
35	151	
39	109	
34	168	
298	274	
297	289	
288	85	
36	149	
287	94	
28	284	
32	199	
288	84	
288	81	
28	286	
38	128	
39	115	
29	277	
39	117	
299	277	
34	178	
34	179	
298	281	
298	287	
288	96	
289	86	
38	132	
37	148	
38	133	
28	296	
39	168	
39	169	
38	184	
39	176	
38	196	
38	198	
39	185	
39	146	
38	161	
39	150	
39	164	
31	4	
31	3	
33	1	
39	197	
33	0	
32	9	
32	5	
20	314	
21	305	
21	308	
290	312	
37	7	
37	6	
90	50	
142	87	
98	302	
311	173	
160	139	
155	239	
155	238	
150	296	
151	280	
306	272	
141	95	
93	14	
310	181	
141	92	
92	29	
153	257	
92	28	
305	284	
146	39	
92	27	
313	149	
309	234	
160	130	
314	134	
313	145	
152	266	
309	232	
313	148	
309	233	
141	91	
153	254	
308	244	
143	67	
91	31	
3	303	
144	52	
143	68	
312	154	
143	65	
307	257	
311	165	
311	166	
312	151	
307	253	
156	231	
156	230	
160	145	
307	270	
142	96	
310	195	
306	280	
156	234	
305	297	
99	302	
143	84	
99	305	
158	209	
147	32	
309	247	
220	300	
145	54	
152	278	
309	242	
158	208	
313	153	
308	254	
158	206	
146	40	
235	8	
145	57	
162	111	
157	212	
143	79	
90	35	
157	210	
144	60	
2	306	
151	284	
90	33	
307	268	
157	216	
311	176	
306	277	
90	30	
311	178	
142	64	
311	150	
90	71	
154	228	
160	110	
155	211	
306	254	
233	4	
94	24	
153	238	
94	21	
94	20	
305	260	
140	87	
305	262	
303	289	
5	303	
146	16	
93	30	
314	114	
313	123	
308	224	
92	42	
308	227	
4	314	
96	311	
312	136	
308	221	
4	312	
140	82	
96	314	
306	248	
91	52	
155	209	
302	293	
151	251	
306	245	
307	230	
0	11	
307	231	
305	278	
143	60	
306	263	
147	14	
150	282	
306	264	
143	63	
161	110	
151	270	
156	210	
311	160	
94	10	
304	286	
310	171	
305	272	
153	246	
305	273	
93	22	
308	239	
304	282	
303	299	
309	226	
4	306	
91	49	
92	32	
309	221	
4	304	
145	31	
313	137	
303	292	
153	242	
91	42	
97	310	
312	143	
311	159	
150	279	
90	56	
90	54	
97	314	
306	256	
94	49	
0	40	
95	32	
166	107	
149	41	
7	301	
166	105	
154	288	
93	58	
314	178	
2	17	
160	172	
155	273	
309	274	
158	236	
153	294	
164	123	
154	282	
145	89	
164	121	
153	297	
163	137	
313	188	
222	305	
0	38	
149	36	
144	95	
1	23	
91	74	
144	93	
157	249	
163	130	
153	290	
144	97	
0	33	
165	128	
95	21	
6	309	
167	102	
239	3	
162	160	
93	49	
164	139	
154	298	
159	238	
92	59	
147	77	
146	82	
145	98	
164	130	
158	247	
1	17	
1	18	
147	70	
314	180	
309	281	
309	282	
164	133	
146	85	
157	256	
0	28	
0	25	
162	153	
313	194	
163	140	
8	314	
147	49	
4	18	
160	154	
155	255	
311	197	
4	16	
148	37	
156	245	
95	51	
143	95	
3	28	
164	104	
154	264	
153	279	
309	256	
155	253	
164	108	
147	43	
93	75	
145	65	
98	14	
308	269	
158	212	
152	287	
164	102	
96	39	
151	298	
143	89	
149	15	
0	58	
1	42	
161	136	
152	280	
96	36	
313	162	
8	307	
144	78	
96	32	
144	76	
307	275	
160	168	
221	312	
161	151	
307	293	
222	301	
161	156	
162	140	
149	30	
159	218	
94	54	
7	310	
165	100	
237	2	
3	16	
93	67	
160	164	
165	105	
314	166	
165	104	
155	264	
160	162	
163	125	
153	284	
158	225	
93	60	
158	223	
2	21	
153	289	
153	288	
158	229	
309	261	
164	110	
153	286	
158	227	
91	87	
0	49	
1	33	
152	293	
149	25	
92	70	
221	309	
312	187	
221	308	
158	221	
91	81	
162	135	
0	44	
226	309	
166	147	
5	24	
0	83	
148	97	
4	38	
0	81	
4	39	
162	193	
149	86	
95	72	
165	156	
226	300	
94	86	
99	25	
94	83	
4	31	
166	142	
166	141	
98	36	
3	43	
93	94	
98	32	
165	150	
159	267	
98	30	
167	129	
1	67	
97	43	
159	261	
164	160	
1	63	
9	310	
231	219	
95	68	
232	201	
227	308	
220	42	
167	146	
4	25	
220	40	
4	26	
94	77	
226	312	
4	23	
230	226	
3	38	
149	90	
98	29	
94	72	
166	154	
149	91	
3	31	
98	25	
164	174	
98	23	
97	39	
92	98	
164	179	
93	80	
92	96	
98	20	
97	34	
158	284	
158	283	
162	198	
97	32	
168	121	
0	66	
167	110	
166	125	
148	78	
95	99	
156	283	
5	44	
167	114	
5	45	
157	273	
96	80	
95	96	
156	288	
224	308	
156	280	
224	303	
163	158	
99	42	
314	195	
3	62	
99	40	
309	298	
2	79	
165	130	
7	15	
98	52	
314	193	
164	143	
239	7	
7	11	
314	190	
96	77	
0	98	
95	88	
156	294	
166	139	
5	32	
147	97	
4	43	
4	44	
166	133	
94	93	
225	307	
99	32	
98	48	
3	53	
163	168	
225	302	
147	92	
164	156	
1	79	
157	278	
168	101	
157	277	
1	75	
6	17	
158	265	
96	66	
232	236	
168	160	
225	12	
220	71	
225	16	
168	163	
225	13	
231	244	
4	74	
9	14	
221	59	
9	12	
230	256	
2	98	
7	37	
165	194	
2	94	
220	66	
2	93	
168	154	
169	145	
234	204	
221	56	
233	219	
233	218	
233	231	
220	81	
97	80	
232	246	
96	95	
167	185	
225	26	
96	92	
223	46	
240	109	
230	269	
166	192	
167	183	
231	257	
3	77	
3	75	
230	262	
312	4	
240	100	
223	42	
98	64	
222	56	
8	10	
2	86	
234	211	
7	25	
98	60	
1	98	
6	37	
1	96	
168	169	
97	70	
232	214	
227	314	
220	52	
5	88	
6	72	
5	80	
4	96	
9	38	
5	81	
159	287	
4	90	
9	32	
8	48	
164	183	
164	188	
8	44	
168	135	
221	30	
220	43	
98	92	
232	208	
169	123	
7	54	
169	122	
163	195	
232	225	
6	63	
166	179	
6	64	
233	211	
232	227	
231	233	
165	189	
165	186	
232	221	
224	12	
166	176	
231	234	
8	38	
169	138	
98	86	
165	183	
98	85	
221	40	
169	130	
7	47	
98	82	
310	7	
220	54	
220	59	
310	9	
225	55	
238	203	
232	277	
238	206	
237	213	
236	229	
236	227	
223	77	
233	260	
9	57	
240	135	
236	220	
240	139	
228	15	
226	34	
221	94	
7	76	
169	188	
222	81	
234	247	
226	39	
169	186	
6	87	
238	214	
6	85	
225	65	
233	272	
6	86	
226	55	
6	82	
229	15	
231	298	
237	222	
241	136	
242	127	
237	228	
225	62	
225	60	
236	232	
231	291	
240	145	
99	95	
235	245	
231	294	
240	149	
161	6	
161	3	
226	46	
7	65	
222	92	
7	62	
168	182	
232	257	
226	22	
221	81	
232	259	
220	95	
231	269	
224	46	
240	113	
221	79	
169	168	
230	276	
9	71	
223	52	
233	239	
226	14	
226	15	
234	221	
240	110	
234	226	
8	82	
226	16	
232	267	
224	58	
168	190	
169	180	
221	90	
237	202	
314	4	
241	116	
224	56	
314	8	
237	204	
236	219	
231	278	
223	60	
230	284	
240	123	
240	127	
8	75	
234	231	
226	24	
227	11	
227	12	
221	87	
239	233	
225	99	
238	249	
238	248	
226	82	
225	98	
234	296	
226	86	
303	309	
237	256	
242	153	
228	56	
229	44	
237	252	
228	58	
164	1	
245	112	
239	229	
226	78	
239	227	
227	63	
246	101	
235	277	
240	175	
227	66	
226	95	
304	306	
239	242	
242	167	
165	1	
165	2	
237	266	
238	256	
165	5	
303	311	
238	253	
246	115	
242	163	
237	264	
229	56	
8	98	
242	160	
229	54	
9	81	
240	181	
8	94	
246	112	
233	286	
239	211	
226	61	
243	124	
233	284	
239	215	
226	66	
224	86	
241	147	
238	222	
301	309	
225	71	
223	91	
235	256	
224	82	
223	98	
223	95	
236	244	
224	80	
300	312	
234	266	
227	40	
227	41	
235	255	
234	269	
244	121	
239	222	
233	296	
233	298	
229	37	
302	305	
243	130	
240	168	
228	46	
236	257	
236	250	
227	58	
249	115	
243	189	
243	182	
242	197	
237	298	
248	129	
301	22	
242	191	
237	297	
311	207	
237	295	
237	294	
245	156	
306	304	
229	81	
151	312	
245	171	
244	187	
310	233	
301	38	
310	234	
300	47	
301	35	
238	299	
238	298	
301	33	
307	308	
248	132	
248	131	
302	19	
246	153	
248	109	
305	302	
239	252	
304	314	
237	279	
243	160	
304	310	
248	106	
237	273	
242	171	
236	288	
228	70	
245	135	
240	192	
150	301	
245	132	
245	139	
240	197	
236	282	
239	266	
310	211	
248	119	
244	168	
245	150	
239	267	
243	172	
242	187	
238	272	
300	29	
244	160	
301	11	
300	27	
248	115	
237	282	
247	121	
237	281	
229	71	
246	136	
246	135	
241	199	
237	283	
246	130	
227	98	
150	311	
151	300	
241	190	
160	216	
156	300	
314	219	
150	28	
314	215	
301	63	
305	18	
301	61	
300	77	
249	157	
151	13	
314	212	
302	50	
150	20	
247	175	
301	60	
160	209	
312	230	
311	246	
311	247	
247	171	
302	67	
152	15	
160	221	
160	226	
302	68	
150	39	
314	227	
151	26	
302	60	
312	249	
305	22	
247	185	
161	209	
305	21	
304	37	
300	87	
306	10	
312	248	
247	180	
304	32	
156	304	
312	240	
302	32	
310	246	
248	145	
153	313	
301	45	
308	307	
249	132	
312	212	
247	158	
312	214	
300	51	
246	162	
245	177	
302	29	
303	19	
310	237	
303	18	
246	164	
310	239	
155	300	
311	241	
246	180	
300	69	
300	68	
309	301	
301	56	
154	312	
309	303	
247	166	
313	211	
313	213	
300	63	
312	226	
246	172	
312	221	
304	14	
303	27	
311	293	
160	255	
302	99	
302	98	
309	13	
160	259	
311	291	
309	10	
159	306	
249	196	
306	48	
306	47	
159	303	
308	21	
302	96	
159	309	
160	250	
154	18	
313	269	
150	67	
150	65	
163	214	
153	27	
162	225	
154	16	
305	53	
304	69	
242	9	
165	207	
160	266	
152	56	
312	290	
161	255	
154	31	
153	44	
308	38	
165	209	
308	37	
307	44	
306	57	
165	201	
150	74	
314	261	
155	16	
150	78	
163	226	
159	311	
306	53	
304	76	
154	21	
313	271	
309	14	
312	281	
304	78	
152	26	
311	272	
302	77	
311	273	
153	13	
160	237	
161	220	
302	79	
249	173	
310	282	
249	177	
151	35	
314	235	
247	199	
157	308	
313	244	
300	93	
248	180	
162	204	
249	171	
248	187	
306	23	
312	258	
162	208	
304	46	
312	250	
311	267	
308	14	
160	244	
311	283	
160	243	
160	242	
308	18	
158	309	
150	59	
249	188	
163	200	
305	44	
306	33	
249	180	
240	5	
163	203	
306	31	
161	225	
157	310	
304	53	
312	265	
153	16	
305	42	
304	57	
305	41	
305	40	
162	211	
171	124	
161	282	
309	51	
165	238	
166	228	
166	227	
158	19	
308	60	
160	290	
164	246	
158	11	
308	62	
151	92	
305	99	
157	20	
156	37	
306	88	
244	5	
161	278	
163	252	
162	267	
172	106	
167	207	
155	43	
154	70	
159	12	
158	28	
309	63	
308	79	
308	77	
161	299	
162	283	
166	237	
162	280	
309	65	
170	142	
158	20	
164	257	
161	291	
230	307	
161	290	
158	21	
158	22	
157	38	
168	209	
306	95	
163	266	
173	109	
172	116	
168	201	
172	114	
309	59	
171	129	
163	264	
163	262	
168	202	
153	54	
161	260	
170	115	
166	200	
165	216	
154	41	
171	105	
171	104	
161	264	
304	91	
170	110	
156	16	
307	53	
307	52	
170	114	
165	215	
165	213	
307	56	
313	289	
305	77	
163	239	
150	89	
305	70	
154	32	
154	33	
154	38	
150	81	
162	246	
155	23	
305	72	
166	214	
160	289	
309	46	
308	59	
170	121	
165	221	
160	285	
314	287	
170	122	
306	74	
314	285	
156	20	
314	280	
164	231	
306	75	
162	254	
161	269	
313	292	
171	107	
163	242	
162	256	
159	42	
168	240	
159	49	
157	68	
157	67	
166	264	
248	5	
176	102	
166	262	
169	225	
164	284	
164	282	
175	113	
165	273	
232	309	
172	148	
168	232	
169	222	
164	281	
156	72	
169	220	
249	6	
177	103	
158	69	
176	118	
172	160	
233	310	
177	105	
159	58	
176	111	
166	270	
165	285	
249	2	
171	173	
170	189	
171	172	
168	244	
233	309	
169	232	
155	97	
231	307	
166	247	
171	145	
171	144	
167	235	
309	78	
165	255	
308	82	
230	312	
164	268	
309	70	
157	49	
308	84	
156	54	
164	260	
246	9	
156	58	
156	59	
157	41	
173	110	
162	286	
162	285	
155	60	
172	124	
172	129	
168	214	
167	242	
171	154	
158	48	
232	306	
155	80	
155	81	
175	105	
165	269	
165	267	
164	274	
156	64	
175	102	
308	90	
174	117	
173	121	
155	78	
168	224	
230	31	
172	194	
177	134	
230	33	
168	283	
177	138	
176	148	
159	85	
176	147	
159	82	
241	206	
235	314	
241	201	
158	92	
236	300	
169	260	
231	11	
174	164	
231	14	
179	120	
159	95	
176	159	
159	93	
237	302	
176	157	
232	15	
174	179	
232	13	
179	118	
176	152	
176	151	
240	226	
174	172	
169	274	
172	174	
167	274	
172	171	
167	272	
172	177	
170	198	
166	281	
166	280	
171	186	
166	285	
171	183	
170	190	
165	290	
156	99	
234	309	
173	153	
173	159	
156	95	
172	183	
159	75	
166	299	
167	289	
173	171	
167	288	
167	287	
240	208	
166	291	
158	87	
235	303	
169	259	
235	306	
158	82	
240	204	
174	159	
234	310	
178	104	
174	154	
178	108	
239	310	
242	239	
243	222	
235	15	
243	227	
230	77	
177	172	
176	186	
234	28	
175	197	
232	49	
240	255	
232	46	
175	194	
234	21	
241	243	
244	203	
240	252	
179	149	
239	308	
175	190	
179	164	
231	72	
241	258	
230	82	
242	247	
233	46	
179	156	
179	154	
238	304	
230	55	
243	204	
242	211	
177	150	
176	166	
237	310	
233	11	
232	25	
169	289	
175	179	
241	220	
169	288	
231	39	
179	127	
169	287	
232	20	
169	285	
242	229	
244	202	
243	217	
230	67	
233	29	
234	18	
234	16	
233	20	
175	189	
232	39	
174	193	
175	182	
232	31	
179	136	
236	45	
244	250	
244	256	
236	49	
237	30	
236	46	
248	206	
243	263	
233	77	
238	15	
246	224	
246	223	
246	229	
242	272	
238	10	
250	136	
246	221	
241	280	
245	235	
244	264	
253	117	
249	202	
249	207	
249	206	
253	112	
242	288	
247	226	
239	19	
242	285	
243	275	
236	50	
243	273	
233	86	
234	75	
247	224	
247	222	
250	143	
233	83	
246	232	
238	25	
232	97	
310	304	
245	246	
233	82	
244	231	
178	187	
178	186	
179	175	
179	174	
235	30	
234	44	
177	198	
243	241	
250	118	
246	203	
245	218	
251	106	
233	56	
234	41	
179	166	
179	181	
231	96	
236	35	
243	250	
251	119	
252	109	
242	268	
170	2	
241	273	
232	79	
242	262	
242	261	
242	260	
234	51	
233	67	
241	276	
250	120	
244	236	
232	72	
250	126	
232	77	
255	121	
237	72	
249	238	
237	76	
250	181	
248	249	
246	269	
174	4	
239	48	
255	116	
256	100	
255	115	
256	105	
239	42	
255	119	
245	292	
250	190	
249	248	
237	81	
250	193	
245	293	
238	70	
253	155	
175	7	
314	304	
175	8	
313	310	
252	163	
257	103	
251	177	
245	287	
239	52	
246	275	
244	275	
236	66	
255	103	
244	278	
237	55	
250	160	
237	52	
236	69	
248	224	
253	121	
253	120	
234	89	
236	62	
244	271	
249	210	
248	226	
251	147	
238	37	
251	144	
246	245	
238	38	
242	295	
234	87	
242	293	
247	234	
252	132	
251	148	
237	45	
311	303	
310	313	
237	61	
236	77	
244	285	
244	283	
255	114	
237	65	
244	289	
253	134	
253	133	
253	132	
235	83	
236	73	
243	298	
254	121	
248	238	
243	295	
247	242	
252	140	
234	91	
312	300	
252	143	
255	104	
245	264	
239	30	
251	151	
173	3	
255	165	
254	179	
178	3	
312	19	
258	128	
255	161	
255	160	
239	87	
247	296	
258	126	
258	125	
256	145	
238	96	
247	294	
257	133	
255	178	
256	162	
259	124	
163	307	
259	122	
312	24	
259	127	
253	191	
248	296	
253	194	
256	157	
162	313	
160	311	
237	98	
248	268	
248	266	
254	153	
249	254	
176	3	
257	116	
251	189	
257	113	
258	104	
248	264	
310	15	
247	279	
257	117	
248	261	
246	283	
160	306	
251	180	
246	288	
251	186	
256	126	
239	61	
238	78	
160	309	
238	90	
177	5	
259	109	
238	91	
255	155	
254	162	
253	177	
311	13	
249	261	
258	116	
310	27	
311	16	
247	287	
257	125	
247	285	
257	124	
248	274	
248	273	
257	129	
255	148	
246	297	
170	217	
166	302	
170	216	
166	301	
166	300	
313	43	
256	197	
314	33	
257	180	
166	303	
161	14	
161	19	
165	311	
311	60	
161	11	
314	24	
313	39	
160	20	
310	73	
257	177	
310	72	
314	28	
314	27	
310	70	
170	228	
170	226	
166	311	
162	17	
314	44	
171	215	
166	314	
259	169	
161	26	
312	61	
162	13	
170	221	
259	160	
160	36	
161	23	
161	24	
161	21	
257	183	
256	171	
255	186	
312	37	
314	11	
254	194	
254	199	
255	182	
312	34	
258	146	
313	19	
257	153	
170	206	
256	181	
170	204	
313	37	
314	20	
259	144	
165	300	
310	64	
259	142	
310	68	
256	179	
257	164	
314	16	
171	245	
171	242	
171	249	
164	24	
172	231	
171	247	
164	22	
174	208	
161	58	
251	4	
174	204	
173	219	
164	15	
314	67	
173	214	
171	256	
172	243	
161	69	
313	90	
162	59	
175	208	
170	267	
163	44	
163	41	
175	206	
164	28	
172	236	
160	70	
161	60	
171	226	
161	38	
170	235	
311	81	
310	97	
160	45	
311	80	
259	175	
311	84	
172	203	
167	302	
258	184	
258	183	
258	182	
257	197	
313	76	
172	222	
163	27	
313	79	
313	70	
259	189	
259	188	
250	8	
162	30	
161	46	
311	96	
259	184	
311	95	
172	213	
171	229	
172	216	
171	289	
181	127	
176	228	
183	101	
182	115	
162	88	
180	135	
168	11	
163	70	
168	17	
176	224	
168	15	
181	122	
166	37	
161	97	
161	95	
167	25	
162	85	
167	24	
161	99	
165	45	
172	268	
182	107	
178	212	
183	110	
171	292	
168	24	
175	247	
168	22	
176	230	
181	136	
181	135	
176	235	
171	293	
180	140	
175	240	
167	30	
168	21	
173	269	
166	42	
181	105	
176	205	
171	264	
181	109	
314	97	
176	209	
164	45	
314	96	
253	2	
170	274	
175	213	
180	119	
314	91	
170	278	
181	101	
176	202	
162	68	
163	53	
175	212	
164	39	
160	83	
172	246	
165	26	
254	4	
171	278	
182	101	
181	116	
177	200	
182	106	
172	266	
177	205	
171	279	
164	56	
175	227	
162	77	
180	123	
175	224	
163	60	
162	76	
162	79	
175	228	
163	64	
161	86	
173	249	
166	24	
170	282	
180	121	
175	221	
165	36	
182	157	
177	257	
182	155	
243	305	
258	7	
185	119	
177	253	
186	108	
177	251	
185	118	
186	102	
176	261	
167	67	
183	138	
178	238	
178	237	
166	72	
175	270	
167	62	
166	78	
184	123	
173	299	
182	168	
178	255	
168	68	
259	4	
176	274	
187	105	
181	179	
169	57	
259	5	
187	103	
168	64	
180	186	
166	82	
174	294	
177	235	
172	294	
169	28	
172	297	
164	89	
163	94	
175	259	
180	156	
168	34	
182	131	
168	39	
163	99	
168	37	
240	312	
167	41	
180	153	
168	30	
167	46	
184	100	
165	65	
256	6	
174	263	
179	204	
256	4	
173	278	
178	230	
169	39	
177	245	
242	304	
182	143	
183	133	
242	309	
183	132	
177	249	
173	292	
183	131	
173	291	
180	169	
168	47	
175	269	
168	45	
242	303	
175	263	
174	279	
241	311	
167	56	
257	8	
167	57	
178	226	
173	285	
174	273	
174	272	
188	125	
188	123	
241	25	
241	22	
178	288	
186	149	
251	207	
188	120	
240	31	
246	303	
251	201	
250	216	
168	98	
251	204	
246	305	
179	266	
241	19	
179	269	
185	151	
240	47	
183	196	
178	296	
189	124	
183	192	
247	309	
178	290	
186	151	
185	167	
246	311	
169	91	
189	116	
246	310	
188	102	
187	118	
240	13	
183	167	
240	19	
183	165	
240	17	
183	164	
176	287	
182	175	
187	113	
181	188	
180	194	
184	149	
181	182	
186	122	
175	298	
186	121	
244	303	
184	141	
244	308	
180	190	
167	81	
184	145	
240	25	
183	172	
188	113	
240	24	
183	171	
241	13	
189	102	
178	276	
181	198	
177	283	
182	181	
187	121	
177	281	
177	287	
177	286	
177	285	
177	284	
250	207	
185	147	
168	82	
167	98	
185	146	
245	306	
185	145	
169	71	
250	209	
185	149	
176	292	
179	256	
179	254	
244	313	
253	229	
189	153	
188	169	
254	212	
249	312	
189	151	
254	215	
187	178	
252	237	
245	11	
189	150	
188	164	
252	239	
243	37	
185	194	
189	148	
242	49	
186	180	
189	165	
253	238	
241	74	
241	77	
242	61	
245	24	
240	83	
241	72	
252	240	
243	47	
187	185	
187	184	
243	41	
250	269	
251	252	
243	42	
179	291	
248	306	
242	30	
184	195	
186	169	
187	159	
252	218	
240	52	
187	157	
243	14	
251	228	
247	311	
186	165	
241	39	
189	128	
184	187	
250	236	
241	52	
254	207	
241	57	
254	206	
254	204	
242	40	
252	227	
248	312	
240	63	
244	11	
243	27	
185	188	
244	14	
186	178	
243	28	
186	176	
250	243	
242	34	
241	49	
184	196	
186	171	
185	187	
250	244	
246	49	
247	34	
255	240	
246	48	
256	230	
247	37	
248	22	
242	94	
260	142	
263	106	
245	58	
253	264	
245	55	
189	193	
181	4	
245	59	
262	114	
245	53	
257	217	
243	73	
256	222	
243	74	
260	135	
247	29	
261	125	
182	2	
247	49	
245	68	
253	276	
253	274	
259	206	
249	17	
252	284	
257	224	
244	75	
262	129	
245	65	
257	228	
263	110	
243	84	
251	290	
256	238	
256	237	
243	89	
261	135	
251	295	
249	11	
243	86	
256	235	
248	28	
244	71	
249	12	
255	220	
242	70	
247	12	
189	175	
246	25	
250	282	
242	75	
242	73	
252	258	
188	181	
245	37	
189	170	
241	81	
188	185	
252	251	
251	269	
244	46	
256	201	
242	66	
251	264	
251	263	
261	103	
260	118	
241	96	
247	21	
255	235	
248	10	
254	249	
247	25	
245	45	
180	9	
246	32	
253	256	
245	49	
251	279	
251	278	
262	107	
262	106	
244	59	
180	1	
256	211	
255	225	
251	274	
265	126	
256	274	
265	129	
256	273	
265	128	
259	232	
265	122	
247	73	
246	87	
247	72	
245	93	
263	141	
258	241	
184	7	
245	96	
266	106	
184	1	
170	305	
170	302	
256	284	
265	138	
256	282	
247	81	
246	97	
170	301	
258	252	
262	166	
256	278	
261	176	
249	51	
257	260	
262	163	
247	56	
260	161	
264	117	
259	218	
260	164	
259	211	
258	226	
253	285	
247	51	
247	52	
263	120	
257	236	
249	27	
258	225	
253	284	
262	138	
252	298	
258	222	
256	244	
257	232	
244	84	
261	146	
257	231	
249	22	
265	114	
248	51	
266	100	
256	260	
254	283	
254	280	
246	78	
254	284	
245	82	
244	96	
245	81	
246	71	
249	31	
260	169	
256	253	
255	269	
261	159	
183	8	
188	5	
266	152	
188	2	
188	8	
258	287	
269	113	
264	171	
249	85	
258	283	
257	296	
266	163	
264	187	
266	160	
264	180	
173	305	
258	296	
173	309	
259	284	
268	130	
263	192	
256	291	
266	130	
171	303	
265	140	
264	155	
264	154	
258	262	
261	186	
266	126	
256	286	
187	9	
265	158	
171	310	
266	145	
269	107	
264	166	
269	105	
187	5	
187	6	
187	3	
263	175	
263	174	
268	114	
264	163	
264	161	
259	261	
258	272	
257	287	
268	110	
180	211	
266	193	
176	302	
180	215	
170	25	
171	10	
268	164	
267	192	
181	214	
182	205	
182	204	
170	40	
177	303	
180	227	
176	311	
269	165	
172	12	
268	172	
269	161	
266	179	
267	162	
265	183	
264	199	
266	172	
265	185	
268	147	
269	130	
264	195	
189	7	
189	6	
267	159	
173	311	
267	170	
265	194	
180	200	
265	199	
170	19	
267	165	
170	14	
174	25	
182	236	
175	12	
180	257	
181	240	
261	8	
172	40	
171	59	
180	251	
179	309	
179	300	
183	214	
171	50	
178	314	
182	228	
170	69	
170	67	
175	20	
182	243	
183	230	
190	107	
181	250	
181	256	
174	33	
174	30	
190	100	
262	1	
173	40	
180	264	
262	5	
172	55	
171	64	
183	229	
184	211	
181	227	
181	226	
181	229	
172	27	
180	235	
173	16	
173	14	
172	20	
171	36	
269	175	
269	179	
177	309	
267	198	
268	182	
269	173	
173	28	
182	220	
170	61	
178	311	
180	247	
180	246	
180	249	
180	248	
171	47	
182	217	
269	183	
171	43	
193	101	
187	217	
174	68	
188	207	
176	41	
183	265	
188	205	
186	227	
174	61	
173	78	
186	224	
180	299	
192	114	
187	214	
181	288	
172	86	
180	291	
178	14	
185	237	
180	296	
186	220	
171	93	
183	258	
183	257	
177	22	
176	39	
174	78	
174	79	
188	218	
266	4	
189	201	
175	69	
266	2	
179	11	
181	294	
182	283	
172	94	
184	259	
178	20	
172	95	
190	149	
186	233	
185	247	
172	99	
183	269	
184	258	
182	255	
174	48	
170	91	
191	109	
182	258	
174	40	
180	278	
173	53	
263	5	
191	101	
186	208	
191	105	
190	112	
184	227	
172	61	
263	2	
173	51	
172	67	
176	13	
171	70	
183	238	
187	205	
182	268	
264	1	
264	2	
173	67	
181	273	
191	112	
185	229	
180	288	
187	203	
174	55	
191	117	
184	238	
172	72	
180	280	
180	286	
184	230	
176	25	
253	307	
176	81	
175	95	
188	249	
176	84	
192	157	
192	155	
186	261	
195	116	
190	175	
268	9	
179	40	
190	170	
189	228	
185	271	
194	124	
178	50	
268	2	
195	113	
176	92	
254	301	
254	306	
254	305	
254	304	
189	243	
188	259	
179	58	
187	264	
197	108	
192	166	
186	274	
196	113	
185	288	
190	180	
184	297	
186	270	
193	122	
188	222	
191	148	
187	232	
191	145	
174	82	
179	28	
188	220	
175	72	
179	26	
177	48	
173	91	
178	33	
177	49	
190	153	
178	34	
178	35	
194	102	
189	203	
183	278	
250	312	
190	151	
189	208	
176	58	
194	106	
189	220	
183	295	
194	122	
184	282	
194	121	
193	137	
252	304	
187	244	
174	95	
187	242	
179	34	
187	248	
175	83	
192	144	
186	251	
267	8	
185	265	
174	90	
191	154	
186	255	
179	32	
190	168	
177	51	
183	289	
177	50	
177	55	
194	118	
189	275	
199	114	
193	189	
250	39	
194	172	
252	11	
194	175	
198	122	
192	196	
188	280	
256	306	
261	209	
256	309	
199	109	
178	94	
195	158	
194	185	
251	37	
193	198	
188	299	
260	233	
198	131	
251	32	
194	180	
179	93	
261	217	
179	94	
262	200	
197	140	
179	92	
257	307	
262	204	
262	203	
195	163	
260	227	
198	108	
189	251	
255	300	
198	105	
193	162	
186	284	
195	139	
197	113	
254	308	
177	82	
176	98	
185	290	
190	195	
177	89	
251	16	
194	165	
198	112	
188	272	
187	288	
179	79	
188	271	
193	174	
198	114	
191	195	
186	295	
179	72	
179	70	
192	183	
186	298	
260	204	
195	143	
177	96	
189	259	
195	148	
178	84	
252	51	
199	156	
270	103	
250	77	
250	75	
263	228	
197	175	
250	70	
255	11	
261	249	
261	248	
263	222	
198	162	
196	183	
261	242	
260	257	
260	256	
262	230	
196	184	
265	213	
265	212	
256	19	
260	277	
266	201	
253	50	
198	177	
251	75	
198	170	
261	259	
196	192	
254	33	
262	242	
254	34	
196	197	
252	32	
251	48	
199	135	
195	184	
260	242	
263	202	
251	43	
189	292	
262	213	
263	201	
198	141	
262	215	
261	220	
253	11	
195	191	
195	190	
252	41	
199	145	
250	66	
198	153	
264	204	
251	55	
258	312	
253	23	
252	38	
253	25	
253	26	
252	97	
258	23	
257	36	
270	143	
271	134	
271	133	
266	234	
261	293	
259	11	
191	5	
264	253	
191	3	
199	197	
257	33	
272	119	
272	118	
262	277	
264	251	
256	40	
268	205	
258	19	
267	211	
253	76	
266	225	
267	214	
271	128	
271	141	
271	140	
258	34	
192	8	
258	31	
253	95	
264	266	
264	265	
257	42	
274	104	
257	40	
263	279	
270	151	
255	65	
263	274	
268	214	
264	262	
274	100	
259	14	
266	239	
266	237	
262	286	
262	285	
262	284	
259	16	
262	283	
265	224	
260	283	
265	223	
251	89	
260	281	
257	15	
270	128	
265	228	
260	287	
250	99	
256	25	
250	98	
251	82	
264	237	
256	26	
255	32	
198	181	
250	92	
197	196	
256	21	
255	37	
263	243	
197	199	
262	258	
266	207	
253	59	
258	12	
270	132	
252	85	
271	121	
260	296	
264	244	
256	36	
190	7	
256	39	
264	248	
251	99	
251	96	
264	245	
252	81	
263	251	
190	2	
256	31	
198	193	
267	200	
262	264	
271	119	
261	278	
261	277	
78	144	
200	133	
120	6	
78	148	
74	191	
69	294	
69	295	
202	109	
202	108	
200	127	
201	117	
201	116	
77	162	
201	115	
201	114	
59	92	
78	150	
78	155	
203	106	
79	143	
121	4	
75	193	
76	182	
203	101	
59	86	
201	127	
59	84	
202	110	
129	167	
77	134	
67	295	
72	196	
68	281	
72	199	
78	124	
73	184	
68	287	
78	128	
69	276	
127	181	
200	120	
77	147	
200	124	
73	191	
68	292	
69	281	
79	122	
73	197	
68	298	
128	189	
129	172	
74	183	
79	124	
129	171	
74	184	
69	285	
74	185	
79	127	
74	187	
76	162	
201	104	
205	115	
205	119	
200	177	
79	174	
79	179	
203	131	
203	137	
203	134	
205	128	
78	194	
207	100	
79	182	
205	124	
79	189	
200	180	
124	8	
203	142	
124	9	
204	132	
203	146	
201	168	
201	165	
122	2	
200	152	
201	140	
78	166	
203	119	
203	117	
201	137	
200	163	
78	173	
204	119	
78	174	
201	151	
200	166	
79	162	
77	195	
201	148	
111	313	
206	144	
112	301	
206	149	
209	102	
72	6	
209	101	
209	100	
127	0	
204	162	
207	123	
208	113	
203	172	
207	142	
206	158	
204	179	
208	129	
203	187	
204	170	
71	9	
204	174	
203	189	
207	136	
205	138	
205	137	
206	125	
110	308	
74	4	
205	130	
204	146	
204	144	
110	301	
203	152	
202	168	
125	7	
125	8	
206	119	
206	118	
207	102	
125	2	
207	107	
201	193	
207	121	
126	1	
203	163	
201	189	
207	118	
202	176	
60	311	
205	197	
61	301	
115	309	
114	314	
209	144	
114	311	
120	200	
207	167	
208	158	
75	8	
121	207	
116	308	
110	30	
207	188	
75	3	
121	209	
75	1	
120	213	
61	312	
206	196	
206	195	
116	303	
206	194	
209	155	
111	17	
209	158	
62	308	
208	162	
205	177	
205	176	
204	182	
209	121	
77	3	
208	136	
206	175	
208	150	
207	165	
60	301	
60	302	
206	170	
60	308	
205	188	
205	187	
114	301	
208	149	
205	182	
204	195	
208	142	
129	7	
76	7	
122	222	
122	227	
118	311	
113	25	
112	38	
122	221	
79	2	
79	1	
113	21	
64	310	
110	54	
208	196	
123	207	
118	308	
122	233	
122	237	
115	14	
121	244	
65	309	
70	209	
112	49	
121	247	
120	250	
113	31	
112	47	
120	253	
124	200	
110	68	
201	1	
124	205	
201	6	
117	302	
61	14	
207	196	
120	227	
60	26	
121	210	
60	25	
120	225	
112	16	
112	17	
209	168	
209	165	
63	300	
63	301	
209	160	
208	175	
208	174	
110	33	
63	309	
110	37	
209	161	
122	218	
121	222	
113	15	
120	230	
111	37	
209	176	
208	186	
208	189	
110	48	
62	24	
115	42	
132	106	
62	21	
61	37	
71	220	
70	238	
116	30	
111	90	
71	225	
127	201	
127	200	
113	66	
122	265	
71	229	
67	314	
132	104	
68	300	
204	6	
117	17	
68	302	
120	284	
125	223	
125	229	
121	271	
112	78	
115	39	
111	89	
70	242	
128	205	
132	118	
133	106	
115	57	
133	105	
131	127	
132	110	
60	33	
68	310	
130	133	
69	300	
73	215	
126	224	
125	239	
69	304	
124	243	
70	250	
111	99	
70	213	
62	44	
123	234	
115	24	
121	255	
61	54	
121	254	
121	253	
61	51	
114	34	
120	263	
112	52	
64	17	
202	3	
64	14	
125	206	
64	13	
113	41	
111	62	
124	211	
63	26	
63	25	
123	240	
70	228	
122	259	
131	106	
60	59	
113	55	
67	302	
114	45	
72	205	
72	209	
131	102	
130	118	
112	69	
63	18	
120	275	
111	71	
124	227	
125	210	
62	26	
63	10	
62	25	
129	222	
80	117	
75	218	
81	102	
63	50	
70	279	
81	104	
62	65	
124	285	
117	61	
71	267	
128	239	
81	108	
119	37	
66	16	
132	143	
60	88	
73	242	
73	243	
133	130	
130	169	
131	153	
135	109	
60	83	
117	59	
73	247	
127	242	
126	258	
114	92	
119	34	
65	20	
127	240	
126	256	
119	32	
135	102	
116	69	
130	160	
124	277	
125	261	
117	54	
135	106	
130	165	
126	250	
130	164	
135	104	
130	163	
76	211	
70	286	
62	59	
70	287	
134	131	
63	40	
115	97	
71	274	
133	145	
115	98	
117	71	
117	72	
82	101	
62	52	
72	262	
71	278	
77	204	
72	265	
82	109	
65	17	
127	259	
126	265	
118	56	
60	73	
74	241	
136	103	
136	102	
74	243	
119	44	
126	266	
124	289	
64	21	
117	62	
134	127	
75	234	
135	115	
68	15	
115	64	
133	112	
127	229	
123	279	
116	54	
67	27	
63	70	
133	118	
128	219	
71	244	
67	26	
206	6	
115	68	
62	84	
71	246	
119	15	
72	231	
72	232	
127	222	
118	29	
114	73	
133	111	
128	211	
72	237	
130	147	
117	39	
113	83	
117	37	
113	80	
117	38	
131	134	
126	235	
119	12	
113	84	
64	56	
112	91	
64	53	
133	109	
117	30	
75	202	
74	219	
124	259	
130	141	
124	257	
116	62	
123	284	
115	75	
70	268	
132	139	
207	0	
72	241	
66	29	
131	148	
114	83	
122	292	
119	25	
115	73	
132	137	
72	247	
60	98	
115	71	
128	220	
125	258	
130	156	
125	257	
73	236	
60	93	
122	290	
118	38	
118	36	
129	208	
64	43	
63	59	
134	105	
118	30	
80	113	
63	56	
117	45	
77	230	
129	265	
77	232	
77	233	
77	236	
139	107	
137	129	
128	271	
129	262	
78	226	
139	101	
83	126	
74	270	
79	213	
84	113	
136	138	
74	275	
118	88	
128	270	
119	77	
74	277	
132	183	
131	198	
65	62	
85	105	
117	98	
81	150	
76	253	
85	109	
63	88	
64	71	
200	208	
81	155	
82	140	
77	241	
200	220	
76	258	
135	162	
82	146	
67	36	
134	177	
139	118	
73	291	
83	132	
133	183	
66	48	
79	221	
78	238	
73	298	
74	283	
201	209	
137	132	
118	98	
84	127	
65	55	
137	135	
119	87	
200	217	
136	140	
201	200	
63	77	
201	204	
76	266	
77	250	
118	95	
68	16	
201	202	
116	94	
133	157	
128	258	
116	93	
129	248	
72	271	
117	80	
134	144	
137	107	
73	260	
68	50	
77	218	
209	8	
78	204	
83	107	
136	115	
83	108	
209	6	
75	242	
65	83	
124	299	
117	76	
75	244	
64	98	
129	239	
116	89	
71	290	
135	127	
71	293	
76	237	
77	223	
82	123	
200	201	
129	257	
134	155	
72	285	
82	127	
67	55	
119	68	
127	276	
83	113	
133	166	
83	114	
128	265	
133	164	
73	277	
84	101	
78	219	
65	79	
136	125	
131	183	
127	275	
75	250	
65	76	
75	251	
119	64	
65	71	
134	149	
80	155	
69	27	
75	257	
131	182	
75	258	
64	83	
135	137	
118	72	
82	174	
83	160	
136	181	
82	177	
201	241	
87	119	
78	266	
204	201	
139	140	
67	82	
67	81	
66	96	
137	163	
136	179	
85	146	
76	291	
202	228	
201	232	
87	121	
82	180	
202	222	
82	182	
77	283	
82	183	
69	54	
68	69	
210	103	
205	203	
200	262	
139	158	
210	101	
78	273	
78	274	
200	267	
201	251	
78	276	
83	175	
138	169	
88	118	
67	75	
204	217	
67	71	
204	214	
202	237	
85	159	
135	199	
69	47	
86	149	
129	288	
86	108	
81	167	
69	83	
77	257	
82	158	
138	136	
82	159	
68	95	
78	246	
74	290	
79	232	
128	299	
84	132	
139	122	
129	281	
137	142	
80	180	
74	297	
202	201	
80	182	
80	183	
119	97	
135	168	
200	228	
85	128	
76	273	
137	140	
81	176	
136	153	
76	279	
135	181	
135	180	
129	296	
82	166	
69	72	
82	168	
203	205	
84	143	
139	132	
67	93	
85	131	
75	291	
86	121	
85	137	
85	138	
136	161	
81	183	
86	124	
81	184	
201	220	
69	68	
81	187	
76	288	
87	158	
206	222	
206	221	
210	134	
89	130	
201	285	
211	124	
89	132	
84	193	
79	294	
89	135	
79	296	
204	243	
85	182	
85	185	
130	1	
85	187	
207	209	
130	2	
86	172	
207	208	
204	240	
212	102	
212	100	
206	216	
202	263	
210	148	
89	143	
89	145	
139	195	
204	254	
85	196	
203	262	
213	109	
204	251	
131	1	
208	207	
211	128	
88	162	
208	200	
77	296	
78	281	
200	274	
88	123	
204	229	
200	272	
201	263	
88	125	
89	111	
139	164	
203	238	
138	177	
89	116	
84	176	
139	166	
84	178	
85	162	
139	160	
204	220	
202	249	
201	256	
87	140	
87	142	
202	244	
210	125	
206	215	
84	180	
83	196	
206	213	
89	124	
204	234	
79	285	
79	287	
210	121	
204	237	
138	183	
86	161	
203	246	
203	244	
201	266	
211	105	
137	193	
207	250	
88	187	
88	188	
211	162	
207	254	
134	1	
89	177	
207	251	
209	229	
205	272	
216	101	
216	100	
205	275	
203	298	
213	137	
205	270	
212	146	
203	290	
203	293	
207	249	
208	232	
206	279	
205	282	
213	149	
205	280	
212	157	
213	140	
208	240	
213	144	
212	158	
81	0	
89	150	
210	157	
210	156	
206	241	
211	147	
206	248	
132	2	
210	150	
209	207	
214	105	
132	5	
86	191	
209	201	
204	260	
204	264	
87	180	
203	279	
204	262	
202	284	
211	138	
207	223	
207	222	
206	238	
203	271	
87	189	
80	5	
206	254	
211	152	
205	268	
206	259	
89	164	
211	155	
209	219	
215	101	
215	105	
209	215	
209	213	
202	293	
206	249	
202	299	
208	223	
202	298	
208	222	
213	120	
122	302	
217	134	
212	193	
218	122	
208	282	
137	8	
214	166	
214	163	
137	4	
82	8	
82	6	
214	168	
213	172	
208	273	
209	261	
208	277	
213	175	
123	301	
217	149	
218	131	
216	157	
219	115	
215	165	
81	9	
209	270	
208	284	
81	5	
214	173	
207	270	
211	184	
217	116	
212	175	
215	136	
215	139	
211	180	
206	281	
205	292	
214	147	
205	290	
217	107	
207	266	
206	297	
211	195	
208	271	
207	286	
215	148	
120	311	
83	0	
218	104	
212	178	
207	278	
213	165	
209	250	
70	310	
86	6	
70	313	
86	2	
217	170	
215	193	
125	307	
130	205	
218	159	
219	141	
120	16	
217	187	
120	34	
85	6	
126	306	
131	203	
126	309	
217	182	
72	305	
219	151	
218	140	
139	8	
217	151	
216	165	
219	128	
215	171	
214	187	
216	160	
87	6	
214	183	
214	181	
120	10	
218	154	
70	305	
70	309	
216	172	
124	305	
215	180	
216	170	
124	309	
124	300	
214	190	
123	313	
209	294	
219	191	
124	12	
132	226	
130	246	
130	243	
80	202	
80	204	
75	306	
80	206	
132	238	
133	229	
129	312	
134	210	
131	248	
120	71	
123	32	
123	33	
124	21	
211	7	
88	5	
211	8	
134	203	
80	211	
129	309	
122	43	
127	309	
120	42	
218	188	
121	31	
120	44	
127	300	
72	310	
70	29	
71	12	
132	204	
131	218	
130	221	
126	310	
121	27	
121	25	
121	26	
210	5	
133	200	
120	57	
210	8	
121	42	
131	226	
127	311	
70	17	
218	191	
210	0	
70	14	
131	228	
73	310	
70	13	
131	221	
74	306	
219	173	
81	222	
133	257	
121	90	
82	210	
82	211	
72	24	
121	94	
81	229	
137	205	
124	56	
133	253	
126	30	
125	46	
82	219	
78	304	
83	205	
125	44	
136	215	
122	79	
78	309	
142	102	
137	203	
70	41	
214	5	
137	201	
214	3	
122	74	
121	87	
123	62	
134	253	
143	106	
122	91	
81	237	
135	240	
82	224	
124	69	
82	226	
71	25	
142	115	
215	1	
132	274	
126	41	
138	205	
215	8	
70	36	
131	285	
79	302	
83	217	
128	18	
140	139	
137	213	
215	0	
79	308	
132	270	
135	232	
135	238	
131	281	
136	222	
140	137	
140	136	
81	241	
80	257	
136	220	
130	295	
81	202	
132	249	
80	219	
76	304	
133	237	
123	49	
132	248	
71	55	
132	245	
130	268	
140	107	
130	266	
212	8	
70	63	
124	32	
130	269	
74	17	
134	217	
73	29	
80	224	
122	54	
76	313	
120	96	
73	20	
77	300	
121	86	
120	99	
77	302	
81	218	
72	33	
77	305	
132	253	
141	108	
132	252	
82	206	
77	308	
71	44	
82	209	
70	56	
122	68	
123	52	
136	208	
136	207	
124	41	
122	63	
122	61	
130	274	
122	67	
81	220	
81	221	
73	57	
82	251	
135	274	
72	69	
128	50	
83	240	
127	64	
73	50	
143	132	
202	309	
133	298	
125	88	
76	15	
141	157	
142	146	
90	121	
76	10	
80	282	
90	123	
202	304	
141	150	
128	42	
136	250	
80	286	
75	21	
74	37	
140	163	
127	57	
91	112	
128	46	
81	273	
129	31	
141	152	
74	32	
140	180	
139	238	
81	277	
134	296	
81	278	
144	134	
134	294	
72	58	
87	207	
72	55	
143	145	
203	304	
71	67	
143	149	
83	257	
71	65	
139	232	
84	243	
71	64	
126	83	
84	244	
142	153	
141	166	
143	141	
90	132	
90	133	
125	91	
145	118	
146	101	
218	5	
127	67	
91	122	
135	275	
90	139	
86	224	
91	125	
86	226	
87	211	
73	37	
81	287	
81	245	
78	19	
82	230	
81	247	
126	59	
144	107	
82	233	
127	42	
126	58	
216	9	
133	272	
124	79	
143	111	
133	271	
125	64	
78	11	
72	86	
143	110	
138	211	
124	78	
143	115	
77	22	
216	1	
79	313	
77	20	
128	29	
123	88	
140	149	
131	293	
71	90	
84	219	
135	245	
75	44	
128	21	
90	105	
200	303	
140	141	
90	106	
200	309	
81	252	
200	308	
141	130	
128	22	
135	246	
123	82	
139	215	
143	129	
126	64	
81	258	
140	162	
72	79	
135	261	
82	245	
77	19	
135	260	
217	4	
133	283	
77	17	
73	60	
142	137	
133	281	
83	233	
124	89	
134	271	
83	235	
76	29	
126	61	
138	225	
71	85	
71	84	
136	246	
123	96	
141	145	
128	38	
75	38	
70	97	
201	305	
124	86	
80	270	
76	21	
129	28	
90	111	
137	234	
123	90	
85	215	
70	92	
128	32	
127	48	
81	260	
144	109	
85	218	
75	30	
141	143	
140	157	
127	49	
141	140	
136	241	
74	84	
145	152	
0	109	
146	142	
92	138	
87	239	
82	298	
128	91	
0	106	
93	126	
78	34	
84	271	
201	14	
89	213	
201	11	
0	102	
78	30	
149	106	
84	275	
77	45	
95	100	
94	116	
201	15	
95	101	
85	261	
84	277	
95	107	
75	67	
136	295	
129	70	
76	50	
129	71	
128	85	
141	198	
92	141	
86	259	
137	280	
87	246	
79	15	
92	147	
145	169	
93	134	
83	294	
73	85	
73	83	
210	226	
94	121	
144	171	
84	283	
73	80	
72	95	
201	23	
72	94	
145	160	
76	49	
149	115	
84	288	
90	174	
200	31	
200	36	
95	118	
143	182	
138	283	
200	35	
147	130	
206	307	
128	98	
96	107	
92	151	
96	108	
206	304	
91	169	
87	255	
144	148	
81	288	
91	128	
127	84	
87	214	
92	114	
87	215	
127	82	
87	217	
93	101	
87	218	
135	294	
145	133	
128	70	
0	127	
79	40	
139	240	
88	206	
204	300	
88	207	
139	245	
93	108	
93	109	
126	93	
143	158	
84	254	
143	157	
147	104	
77	63	
76	78	
84	259	
143	152	
142	166	
135	289	
86	233	
85	249	
90	149	
127	79	
146	110	
136	277	
87	221	
82	280	
136	275	
82	281	
79	39	
82	282	
145	143	
79	37	
205	304	
145	141	
144	156	
74	91	
83	273	
93	116	
78	44	
138	265	
143	164	
89	205	
94	107	
137	275	
85	252	
77	52	
147	114	
148	104	
76	65	
85	256	
138	262	
75	79	
147	117	
91	141	
85	259	
86	243	
75	77	
129	60	
140	197	
136	288	
142	170	
136	286	
141	184	
128	78	
91	149	
87	234	
74	86	
2	125	
98	103	
97	119	
211	242	
92	179	
2	122	
89	251	
146	185	
79	65	
204	22	
1	134	
145	199	
1	131	
78	76	
201	55	
1	130	
95	141	
214	204	
89	259	
95	143	
203	30	
95	144	
145	191	
201	50	
200	63	
149	143	
209	304	
209	303	
3	108	
149	140	
92	180	
3	106	
211	239	
92	182	
91	198	
87	283	
3	104	
204	12	
87	285	
204	18	
200	61	
147	166	
93	171	
98	115	
88	275	
215	209	
220	107	
98	117	
1	126	
98	118	
99	103	
211	256	
94	163	
93	179	
89	264	
220	101	
214	218	
201	69	
89	268	
215	206	
202	57	
95	156	
202	55	
77	75	
96	142	
95	159	
76	88	
149	153	
213	229	
201	62	
87	294	
203	39	
204	24	
204	29	
92	197	
147	176	
97	139	
75	93	
92	158	
93	144	
79	88	
2	142	
79	84	
89	234	
84	295	
85	280	
79	80	
5	107	
145	171	
148	131	
91	170	
90	187	
85	288	
143	195	
91	173	
146	157	
207	302	
4	110	
87	267	
145	185	
145	184	
2	132	
211	234	
2	130	
79	75	
211	233	
210	249	
89	243	
93	159	
79	72	
1	142	
149	134	
144	192	
85	290	
213	209	
139	299	
0	154	
148	144	
96	120	
77	96	
0	150	
4	107	
85	297	
91	180	
208	303	
90	197	
77	94	
96	123	
139	291	
86	284	
213	206	
91	185	
200	57	
146	167	
86	289	
87	273	
207	311	
97	115	
87	276	
147	154	
92	176	
87	277	
7	109	
7	107	
94	193	
89	294	
210	299	
2	165	
212	273	
204	63	
6	119	
211	287	
89	299	
208	10	
221	122	
215	239	
6	113	
210	297	
220	136	
211	280	
140	6	
97	161	
96	177	
202	81	
4	137	
149	186	
149	185	
149	184	
202	80	
201	96	
148	191	
212	265	
3	147	
205	41	
148	195	
2	159	
222	121	
2	157	
209	11	
205	60	
204	77	
6	109	
222	122	
209	16	
6	107	
220	145	
1	165	
1	164	
202	94	
208	25	
96	182	
221	131	
211	291	
221	130	
206	45	
223	108	
222	118	
213	262	
4	121	
212	276	
149	190	
223	105	
213	265	
206	42	
98	167	
223	104	
98	168	
88	286	
220	119	
3	173	
99	111	
7	129	
2	188	
98	128	
210	277	
94	172	
93	188	
8	111	
221	107	
211	267	
7	125	
216	206	
2	182	
95	161	
94	178	
94	179	
214	226	
202	68	
1	193	
210	273	
213	237	
214	221	
148	176	
206	14	
147	185	
97	144	
205	21	
211	259	
98	131	
97	147	
4	152	
97	148	
148	172	
88	293	
204	38	
99	120	
98	136	
217	200	
211	275	
94	180	
88	297	
7	118	
3	161	
98	139	
93	198	
88	299	
221	112	
220	128	
211	272	
217	204	
89	285	
221	118	
204	55	
7	115	
221	117	
94	186	
204	53	
94	187	
207	15	
149	179	
95	172	
215	223	
202	75	
7	111	
2	170	
214	238	
210	281	
207	13	
95	174	
1	184	
95	175	
0	198	
210	284	
1	180	
214	232	
206	23	
6	120	
206	21	
206	22	
4	149	
5	132	
207	12	
148	189	
206	26	
97	155	
204	47	
212	254	
211	269	
205	30	
98	145	
3	154	
4	181	
8	137	
3	191	
217	257	
209	49	
225	118	
221	160	
6	159	
7	142	
221	165	
209	41	
215	271	
224	126	
214	286	
207	63	
5	165	
98	193	
215	272	
222	149	
218	233	
4	174	
219	224	
219	222	
3	187	
219	221	
205	89	
209	58	
99	187	
8	125	
209	56	
8	124	
222	169	
217	269	
218	252	
220	189	
2	193	
220	188	
221	170	
220	186	
209	53	
2	190	
216	278	
217	261	
6	145	
227	100	
221	175	
5	159	
214	297	
225	120	
206	88	
6	140	
219	236	
215	284	
220	182	
219	231	
206	82	
218	245	
206	80	
205	96	
3	178	
223	148	
219	233	
3	176	
8	158	
99	156	
222	136	
205	72	
142	7	
203	92	
96	190	
220	153	
215	254	
204	80	
206	56	
224	104	
207	41	
97	183	
5	188	
142	2	
214	269	
5	187	
219	209	
214	268	
214	267	
142	1	
97	187	
222	129	
212	289	
218	214	
97	189	
223	112	
223	111	
222	127	
205	62	
204	78	
4	196	
98	176	
99	161	
206	53	
4	194	
99	163	
221	158	
217	243	
205	83	
90	4	
7	156	
225	106	
216	250	
208	47	
221	153	
220	169	
208	45	
225	109	
221	152	
208	46	
224	115	
6	161	
5	177	
220	161	
215	262	
218	229	
99	172	
9	124	
98	189	
213	286	
8	139	
223	125	
218	226	
217	299	
132	305	
218	285	
8	175	
209	82	
7	189	
226	146	
7	184	
226	149	
6	199	
222	191	
6	197	
147	3	
224	168	
225	158	
229	104	
228	117	
218	277	
9	159	
133	302	
227	149	
228	131	
7	175	
6	189	
6	187	
226	150	
209	90	
225	169	
229	114	
5	191	
225	162	
225	161	
224	176	
224	175	
99	197	
9	187	
217	274	
227	118	
9	180	
220	199	
130	307	
220	198	
225	138	
220	197	
8	192	
222	172	
227	112	
209	62	
94	8	
215	292	
215	290	
207	88	
94	2	
207	87	
145	6	
206	95	
223	158	
218	259	
217	288	
229	100	
8	188	
222	188	
227	120	
209	72	
8	183	
209	70	
7	197	
227	124	
217	283	
227	122	
7	190	
226	132	
216	292	
226	131	
225	145	
93	2	
228	106	
131	10	
228	166	
227	175	
96	4	
96	1	
226	181	
135	305	
134	314	
140	201	
135	302	
81	311	
228	176	
130	35	
228	175	
1	5	
227	186	
228	170	
227	184	
82	308	
140	218	
226	193	
136	307	
227	181	
227	180	
229	158	
131	15	
300	105	
140	213	
300	101	
228	145	
98	2	
98	1	
98	0	
227	158	
229	133	
149	4	
226	160	
226	163	
133	309	
229	125	
133	308	
229	127	
224	186	
228	154	
226	178	
228	151	
227	166	
226	171	
226	170	
224	196	
219	294	
80	311	
300	140	
130	67	
139	308	
303	108	
144	206	
131	58	
144	204	
134	17	
221	0	
302	117	
5	6	
84	311	
5	1	
134	13	
131	48	
301	123	
132	38	
132	39	
90	209	
144	213	
300	151	
303	116	
134	27	
131	60	
130	77	
135	15	
133	38	
90	212	
302	122	
144	209	
140	252	
98	8	
90	216	
300	143	
300	146	
228	189	
229	171	
142	203	
141	219	
142	208	
142	207	
228	182	
227	198	
301	106	
136	312	
132	19	
301	104	
132	14	
229	183	
130	56	
229	181	
229	185	
220	2	
6	5	
228	196	
80	19	
138	302	
80	15	
133	14	
137	313	
301	114	
84	308	
301	110	
140	230	
300	127	
301	112	
132	28	
300	124	
305	124	
136	39	
131	98	
83	16	
301	170	
137	27	
132	83	
300	181	
132	84	
135	47	
88	306	
143	252	
81	39	
81	38	
136	35	
82	21	
135	48	
81	36	
224	3	
142	260	
143	250	
145	228	
141	271	
146	212	
306	107	
301	166	
145	225	
306	108	
134	50	
91	234	
224	0	
300	179	
150	141	
137	33	
92	222	
91	238	
305	135	
132	90	
137	31	
145	240	
300	196	
305	132	
137	35	
144	259	
137	36	
303	159	
153	104	
94	202	
82	10	
144	251	
302	167	
151	129	
147	214	
81	22	
153	102	
142	277	
148	201	
307	106	
142	275	
302	166	
145	239	
133	73	
132	89	
141	280	
147	211	
146	226	
141	283	
134	60	
140	299	
136	17	
130	89	
83	38	
143	238	
305	105	
0	207	
140	271	
143	233	
135	28	
82	44	
302	138	
136	10	
302	135	
81	54	
90	221	
302	133	
140	265	
133	41	
301	145	
133	45	
91	213	
300	155	
133	42	
300	156	
133	43	
87	300	
145	220	
131	85	
92	203	
150	122	
144	238	
140	281	
140	280	
82	38	
83	21	
142	259	
82	35	
144	232	
302	149	
136	24	
136	22	
151	107	
135	31	
134	47	
302	142	
150	113	
90	238	
151	104	
91	223	
300	165	
146	204	
141	263	
301	150	
300	166	
223	4	
146	203	
140	277	
305	109	
85	30	
1	216	
1	215	
84	42	
150	177	
151	161	
146	261	
93	245	
156	100	
83	55	
136	75	
0	224	
149	222	
148	237	
144	280	
136	73	
135	89	
153	136	
82	67	
0	221	
149	227	
95	220	
149	226	
309	115	
153	131	
95	223	
90	282	
152	145	
95	226	
90	285	
86	16	
302	198	
86	11	
80	84	
302	194	
211	313	
307	136	
152	143	
307	130	
152	141	
146	258	
139	33	
84	37	
134	93	
147	241	
144	299	
145	283	
92	269	
156	114	
150	189	
146	274	
306	160	
1	201	
93	257	
0	215	
149	235	
94	242	
153	149	
309	129	
305	173	
145	282	
309	124	
0	210	
155	120	
149	237	
144	296	
309	126	
309	127	
305	170	
153	142	
90	293	
82	51	
81	67	
304	181	
91	280	
308	139	
304	182	
80	79	
149	230	
91	282	
308	133	
90	299	
152	159	
228	9	
156	107	
147	251	
92	270	
85	15	
156	105	
138	56	
80	73	
139	46	
212	314	
212	312	
84	25	
306	159	
149	208	
137	42	
305	149	
211	301	
2	220	
145	256	
137	46	
84	62	
133	90	
138	31	
304	156	
153	114	
148	215	
83	73	
305	141	
149	206	
303	166	
137	41	
88	12	
136	55	
88	10	
148	210	
134	77	
90	261	
87	24	
146	239	
90	263	
135	64	
142	288	
143	272	
95	206	
153	111	
302	176	
143	270	
90	267	
308	102	
302	170	
139	10	
85	48	
81	91	
301	187	
145	248	
3	202	
152	121	
152	120	
84	59	
84	58	
306	126	
227	4	
136	69	
306	144	
83	69	
211	310	
145	266	
150	165	
227	9	
137	58	
84	50	
149	213	
136	63	
83	65	
94	221	
83	64	
309	109	
149	217	
308	118	
303	177	
154	115	
83	60	
95	210	
87	16	
0	230	
95	211	
90	270	
153	120	
147	237	
135	71	
81	89	
142	294	
308	116	
81	86	
308	110	
136	60	
142	299	
96	201	
81	84	
148	223	
303	171	
86	23	
139	20	
80	97	
96	205	
80	96	
138	34	
92	250	
307	125	
80	93	
301	193	
92	254	
84	47	
302	180	
98	225	
85	73	
138	92	
155	157	
93	285	
84	88	
307	182	
98	227	
85	71	
89	27	
221	206	
216	307	
94	273	
306	194	
156	144	
154	166	
89	22	
84	81	
94	277	
84	80	
159	105	
99	219	
83	94	
309	158	
215	314	
309	159	
154	168	
95	266	
210	26	
96	251	
87	47	
4	217	
153	173	
96	255	
86	59	
158	119	
96	256	
87	41	
211	13	
154	160	
148	277	
86	56	
3	224	
147	281	
97	246	
158	111	
2	237	
157	126	
210	21	
221	214	
84	79	
139	90	
98	237	
94	280	
222	202	
157	141	
84	74	
157	140	
99	225	
83	88	
307	190	
94	286	
89	12	
84	71	
94	287	
149	277	
88	26	
83	85	
212	17	
82	98	
95	276	
87	38	
154	179	
158	127	
158	125	
148	285	
154	174	
309	160	
153	189	
148	289	
97	252	
154	171	
96	269	
3	214	
157	133	
147	293	
97	257	
147	299	
158	123	
307	184	
158	122	
210	31	
153	180	
158	121	
2	268	
93	261	
97	219	
2	266	
155	134	
2	264	
2	263	
305	188	
305	189	
89	45	
1	273	
137	85	
154	147	
136	98	
304	197	
213	313	
88	52	
147	268	
96	231	
309	133	
148	251	
149	240	
148	255	
4	233	
156	118	
157	101	
151	176	
96	238	
92	281	
146	276	
86	74	
139	57	
229	9	
86	72	
93	271	
93	272	
215	308	
151	190	
156	130	
85	83	
93	275	
2	253	
306	181	
6	209	
138	85	
220	200	
6	206	
1	264	
6	204	
1	262	
220	204	
5	218	
0	277	
89	30	
88	46	
6	201	
95	253	
215	303	
154	158	
220	201	
5	214	
95	257	
96	241	
210	13	
153	162	
4	227	
147	278	
5	210	
96	244	
214	312	
96	245	
4	223	
3	239	
308	157	
97	232	
147	272	
139	65	
151	186	
151	185	
152	176	
2	249	
139	69	
158	100	
147	276	
307	163	
93	281	
3	231	
157	114	
151	189	
147	274	
98	223	
93	282	
8	215	
221	246	
213	39	
98	269	
8	212	
99	255	
8	211	
2	285	
8	210	
220	255	
155	192	
88	79	
213	33	
5	248	
156	180	
88	76	
219	305	
309	197	
219	304	
309	198	
210	68	
5	244	
4	259	
97	283	
309	193	
211	59	
87	86	
4	256	
5	240	
97	286	
301	7	
210	62	
4	254	
86	98	
8	209	
4	251	
223	215	
86	94	
158	154	
157	182	
213	47	
99	267	
2	273	
222	243	
156	199	
213	42	
7	211	
1	284	
0	299	
230	109	
97	291	
88	63	
223	229	
219	314	
211	63	
97	292	
159	152	
97	293	
230	102	
224	219	
88	60	
220	261	
230	100	
222	239	
158	163	
223	222	
222	238	
86	87	
222	237	
157	176	
211	61	
99	271	
85	98	
86	81	
156	165	
156	164	
8	235	
221	228	
221	226	
8	230	
94	296	
212	25	
95	282	
89	88	
159	127	
156	161	
309	179	
220	236	
6	256	
89	81	
211	33	
88	95	
309	177	
148	295	
96	277	
211	37	
149	285	
5	263	
309	173	
5	262	
153	198	
158	139	
222	206	
157	146	
139	97	
139	98	
98	250	
9	216	
221	219	
157	143	
222	208	
222	207	
153	190	
214	12	
98	258	
221	234	
3	283	
7	239	
222	223	
214	16	
156	179	
6	249	
155	182	
220	241	
95	295	
221	232	
213	23	
88	89	
5	259	
211	43	
223	208	
154	191	
223	207	
88	84	
97	271	
88	83	
96	288	
211	48	
4	266	
157	155	
87	91	
218	305	
222	219	
158	143	
99	250	
308	192	
99	251	
228	200	
214	67	
9	242	
8	257	
99	298	
222	279	
233	101	
228	202	
215	52	
226	224	
8	250	
218	13	
226	221	
222	271	
213	79	
214	60	
6	277	
225	232	
224	248	
224	247	
159	187	
224	246	
5	288	
213	70	
215	47	
215	48	
158	195	
215	46	
211	95	
4	294	
4	292	
227	225	
219	16	
215	65	
222	289	
7	258	
223	271	
230	149	
226	234	
213	89	
221	296	
222	280	
218	28	
230	140	
224	257	
226	230	
5	272	
9	229	
216	43	
9	228	
223	265	
9	227	
216	41	
216	47	
212	90	
231	108	
157	192	
213	58	
222	256	
303	3	
230	115	
230	114	
220	274	
231	105	
214	40	
7	283	
231	102	
213	55	
6	298	
303	5	
224	226	
216	17	
211	76	
7	280	
230	113	
98	292	
98	294	
210	82	
222	247	
157	187	
99	280	
216	12	
222	263	
231	117	
232	101	
226	218	
221	277	
8	267	
304	4	
215	43	
215	41	
150	0	
213	63	
221	271	
8	261	
225	227	
220	286	
226	210	
7	274	
231	114	
226	214	
7	271	
6	287	
230	120	
211	87	
7	270	
217	13	
159	176	
159	174	
217	17	
210	95	
216	21	
211	80	
5	293	
222	258	
216	24	
159	173	
9	246	
223	246	
211	82	
233	143	
227	252	
236	107	
231	164	
218	58	
154	0	
219	48	
8	290	
154	3	
224	289	
230	178	
236	103	
218	56	
217	69	
230	176	
234	123	
223	298	
229	223	
225	272	
9	279	
9	277	
232	169	
216	90	
232	168	
229	242	
228	257	
9	270	
309	6	
226	278	
8	283	
236	117	
8	282	
227	260	
228	251	
219	58	
219	56	
237	104	
219	57	
235	126	
230	184	
230	183	
219	51	
231	172	
218	64	
229	236	
229	239	
9	268	
234	137	
222	297	
228	221	
223	280	
215	73	
232	135	
227	236	
222	295	
214	87	
232	139	
233	122	
227	239	
219	20	
227	232	
226	248	
226	247	
230	152	
224	269	
152	4	
229	209	
225	258	
230	156	
226	240	
218	31	
225	255	
213	91	
216	53	
223	277	
306	4	
306	2	
216	57	
224	265	
229	204	
228	237	
223	296	
215	87	
223	295	
215	85	
223	293	
231	156	
232	144	
227	243	
226	258	
307	8	
218	45	
225	266	
224	273	
229	213	
229	218	
234	114	
229	272	
233	186	
142	302	
237	133	
232	199	
219	80	
219	84	
219	82	
157	2	
238	139	
228	299	
228	297	
228	296	
235	170	
229	286	
239	125	
237	147	
228	290	
219	99	
219	97	
238	135	
237	149	
238	132	
237	148	
228	292	
143	300	
302	207	
236	158	
158	8	
300	226	
301	211	
235	167	
300	220	
228	265	
228	263	
229	253	
238	107	
217	87	
237	110	
218	77	
218	75	
226	283	
219	60	
229	246	
230	193	
225	294	
217	83	
140	300	
225	291	
238	116	
238	115	
239	103	
228	279	
219	74	
237	122	
231	197	
226	298	
228	273	
232	187	
227	288	
219	78	
238	110	
235	149	
218	85	
141	305	
218	87	
156	7	
234	156	
300	204	
218	81	
141	14	
91	304	
305	201	
239	155	
140	28	
304	219	
141	13	
150	210	
237	178	
140	21	
302	237	
140	24	
238	165	
303	224	
150	208	
236	182	
300	255	
91	314	
141	26	
140	34	
140	32	
239	163	
238	178	
140	38	
303	235	
236	198	
237	185	
146	300	
301	254	
145	313	
151	201	
310	107	
229	292	
234	197	
144	306	
235	180	
303	208	
303	209	
159	9	
159	6	
229	290	
303	200	
238	144	
143	312	
238	143	
159	5	
159	2	
300	236	
239	129	
239	128	
301	222	
235	177	
235	176	
90	308	
239	145	
304	206	
238	159	
140	17	
304	209	
145	301	
304	202	
235	191	
304	203	
239	146	
304	205	
238	153	
303	215	
237	166	
140	10	
238	155	
140	14	
237	160	
302	225	
90	313	
236	172	
141	58	
305	246	
310	146	
306	232	
142	47	
305	243	
304	254	
239	196	
149	305	
313	105	
239	195	
303	266	
231	3	
140	68	
149	302	
140	69	
141	53	
304	252	
144	15	
152	221	
148	313	
95	306	
308	200	
307	216	
140	61	
143	23	
301	286	
143	21	
311	127	
150	245	
301	281	
154	218	
310	157	
143	41	
305	254	
141	61	
309	202	
149	313	
95	311	
144	27	
312	129	
308	215	
144	25	
309	200	
307	225	
153	221	
153	220	
96	302	
313	111	
152	230	
306	235	
141	34	
300	284	
141	38	
93	300	
305	222	
304	238	
238	184	
238	183	
141	32	
140	49	
303	244	
141	31	
303	246	
151	217	
152	200	
303	242	
152	203	
151	219	
150	226	
142	18	
146	310	
301	264	
142	16	
90	22	
305	218	
305	219	
301	262	
142	31	
142	32	
311	120	
142	33	
238	197	
304	242	
140	53	
141	44	
230	8	
151	228	
152	211	
311	118	
230	0	
140	50	
307	206	
311	114	
301	275	
142	26	
310	126	
