39	361	0.6064658994082449
127	761	0.6230217841258554
585	197	0.9724924724660731
270	741	0.6407148539112952
585	199	0.6047928230925936
154	802	0.6604479117221291
420	319	0.6795969554370174
56	562	0.9170040432046712
703	546	0.7055390344269283
658	640	0.6954219841765791
430	635	0.6593006850712821
657	657	1.0
53	117	0.6876560219336321
385	742	0.8889047549574188
48	204	0.6535901961956704
131	686	0.610116336153065
657	661	0.7140741917751113
650	261	0.9119321933790023
301	420	0.7452974212265034
647	343	0.9228989911626926
250	119	0.8111948018054888
241	263	0.9255464373596486
241	262	0.5890755538940808
251	100	0.8500816513994678
764	270	0.5910827477557644
803	281	0.613237563517304
640	81	0.7307373706937074
589	129	0.6030867070798468
243	686	0.6423914466455649
509	234	0.8177654339579425
650	238	0.5218495774963797
39	39	1.0
643	361	0.8230126537820298
790	772	0.7993591489472849
703	521	0.871674646325717
542	648	0.9566167476355523
238	307	0.6757890602996504
71	325	0.9475762555128998
426	701	0.7498942093324559
420	778	0.8325387863159441
81	640	0.7307373706937074
141	509	0.6412771333701497
238	795	0.9520570461936777
141	507	0.7071067811865476
197	324	0.9573988417392717
385	725	0.6459223744509527
196	338	0.9235767512977848
539	722	0.7369531959073568
242	229	0.7159062210418834
483	479	0.5925574305977788
639	459	0.6434923915366734
643	372	0.6072904701509274
56	579	0.8807518530862735
361	136	0.7174508244896552
468	262	0.6530982186712883
81	631	0.6324555320336759
546	605	0.727311107645679
420	301	0.7452974212265034
130	686	0.7189724952217349
241	241	1.0
647	325	0.9279943587993232
270	738	0.9724924724660731
71	790	0.6795969554370174
105	105	1.0
585	155	0.6390069762048636
593	499	0.9900476422780152
589	586	0.6412771333701497
41	250	0.668740304976422
509	691	0.668740304976422
764	217	0.5959017221592747
507	238	0.6530982186712883
109	541	0.6920272850319834
372	410	0.7993591489472849
653	668	0.6655529169643294
361	589	0.8271896060817643
225	483	0.8201933504991196
540	650	0.6030867070798468
47	659	0.92608245871058
237	301	0.701733428882002
131	644	0.7711054127039704
199	764	0.6223329772884784
217	142	0.6097182169357942
242	686	0.701733428882002
44	214	0.7913517041455876
481	481	1.0
540	658	0.701733428882002
636	479	0.6116908849062525
39	793	0.9646786299603094
165	298	0.6434923915366734
167	275	0.8550446226116473
463	262	0.8090111525364259
127	708	1.0
105	570	0.7215823759566253
520	462	0.5664521547400343
640	361	0.6655529169643294
509	200	0.5651050227678692
359	631	0.6920272850319834
217	125	0.6545664439118322
463	270	0.6324555320336759
764	686	0.652851253759565
503	270	0.6434923915366734
790	738	0.6564888992507841
492	775	0.6390069762048636
764	691	0.5935264669730922
169	262	0.5275564125014254
361	574	0.7005328399650098
643	333	0.8830117757456383
217	127	0.6535901961956704
702	507	0.9035907080906115
243	657	0.6195230462056137
509	689	0.7993591489472849
481	462	0.5793959633094566
483	409	0.5910827477557644
650	650	1.0
269	91	0.902467528423322
635	430	0.6593006850712821
183	462	0.5677772270416123
357	621	0.6757890602996504
199	710	0.9147378788166111
121	758	0.6564888992507841
642	307	0.6305833524471807
507	677	0.8881327733089629
589	542	0.559479147077581
197	736	0.9381427059852853
309	92	0.6722286329143283
586	589	0.6412771333701497
591	481	0.9694973211987066
420	712	0.7468517787287459
344	344	1.0
589	557	0.5534269882838012
338	462	0.5644229354442437
204	299	0.9747233670656286
430	4	0.8970745858333149
298	467	0.942942047540283
250	507	0.5910827477557644
168	250	0.6834407486547186
790	714	0.6722286329143283
167	262	0.5415692095816118
643	307	0.7005328399650098
764	669	0.9190060867932685
621	175	0.9787470327367852
344	359	0.6795969554370174
168	256	0.9235767512977848
642	320	0.9724924724660731
199	725	0.7447086392403407
361	555	0.9715930498970367
802	217	0.5630411956262792
185	452	0.5849113797874445
32	355	0.9505857659480886
507	659	0.6173554791017901
507	658	0.7773270281790644
32	386	0.8963506495959023
509	631	0.6920272850319834
609	361	0.5849113797874445
450	78	0.871674646325717
158	39	0.5925574305977788
691	199	0.6523553530895373
738	593	0.9793414308174049
699	581	0.982389439938659
636	409	0.610116336153065
39	307	0.5690809995478997
609	368	0.8812070932207169
238	707	0.9597686545826455
686	297	0.9948065733062501
631	462	0.5644229354442437
269	81	0.6305833524471807
100	590	0.6060506529908591
327	133	0.8177654339579425
41	225	0.613237563517304
585	585	1.0
165	262	0.5849113797874445
509	644	0.8111948018054888
744	481	0.8431043923193501
182	462	0.5510326920166181
621	152	0.5821993837398142
32	32	1.0
199	702	0.7647565982364611
621	155	0.6286714358264547
764	650	0.5644229354442437
657	5	0.6757890602996504
420	702	0.6390069762048636
462	217	0.9820634859115823
41	653	0.696842048778448
236	702	0.6448502886017469
165	238	0.5832947933237561
452	34	0.5770828114419825
167	217	0.5703641927221214
39	725	0.5690809995478997
574	247	0.9601347437780972
344	301	0.668740304976422
158	365	0.8995110873941277
389	297	0.956650844933908
503	691	0.6482900025003876
507	640	0.7986375940473865
39	709	0.7630271716247271
197	704	0.7071067811865476
631	452	0.5747028755820678
204	262	0.5348836838581175
640	307	0.7417147817290325
609	358	0.8230126537820298
697	591	0.5616353038698604
330	489	0.7071067811865476
676	62	0.8177654339579425
307	54	0.9965844467186624
643	717	0.8893316141594022
281	157	0.7071067811865476
698	546	0.6771389311551275
631	416	0.8263374630090867
699	534	0.5387748238538156
754	754	1.0
462	674	0.6505986069609184
560	81	0.6004624280888846
281	151	0.6876560219336321
605	374	0.9333272749803436
691	154	0.5378203797290577
29	420	0.8248553040478455
169	657	0.5959017221592747
155	39	0.8947270920837613
44	640	0.5510326920166181
450	39	0.7854771364539669
640	758	0.7204719506874667
761	635	0.6305833524471807
462	204	0.666198983498455
180	447	0.9416535002898678
169	658	0.6434923915366734
462	200	0.9731140830247246
643	725	0.7005328399650098
623	560	0.6866190816412836
309	47	0.6848661007688605
5	463	0.5572632052335307
130	5	0.9057082053074589
650	603	0.9119321933790023
99	462	0.5728715418757762
204	204	1.0
20	462	0.7071067811865476
602	39	0.5995695367820179
686	229	0.6769472427712399
152	47	0.6060506529908591
642	702	0.5944845534620219
12	125	0.9793414308174049
269	361	0.7439184927756787
12	127	0.9900476422780152
686	238	0.6240451029341468
559	463	0.5740969649535853
686	231	0.9973760277462791
81	172	0.8881327733089629
507	609	0.7810542891757951
309	20	0.6593006850712821
753	753	1.0
204	217	0.6695725958784102
686	243	0.6423914466455649
674	81	0.575901449065324
802	612	1.0
463	658	0.5722518825326879
12	591	0.5753043472499467
691	141	0.6180839274663681
686	242	0.701733428882002
389	262	0.5657813953236426
657	197	0.6390069762048636
262	74	0.9097693874040638
430	179	0.8963506495959023
558	450	0.7530348357670543
658	180	0.7711054127039704
657	199	0.6821762656900224
738	509	0.6535901961956704
676	369	0.7598261872899608
319	658	0.7625279705211517
546	152	0.5821993837398142
557	462	0.6296324740065353
621	537	0.9774626528073208
344	725	0.610116336153065
333	417	0.8970745858333149
385	281	0.9251376029163276
640	712	0.6708076119450844
389	231	0.9584459426009672
447	420	0.6017845808122511
81	196	0.6920272850319834
429	238	0.5397175770941632
764	5	0.6957393114611784
450	346	0.9724924724660731
546	165	0.5534269882838012
585	507	0.5900851248105728
389	243	0.6240451029341468
269	353	0.9228989911626926
658	199	0.7215823759566253
623	528	0.8667396804672552
712	81	0.6180839274663681
640	725	0.7498942093324559
152	385	0.6814462706456124
428	254	0.9747233670656286
270	262	0.6569634136701952
81	142	0.6426679226822404
529	74	0.9651921673916674
733	546	0.5616353038698604
605	789	0.6124676418078845
450	310	0.6286714358264547
205	635	0.985386511843955
429	204	0.8572688703166295
605	309	0.6305833524471807
155	793	0.9123367196696422
787	389	0.9962126750730299
539	262	0.5415692095816118
560	372	0.6116908849062525
659	152	0.5630411956262792
330	434	0.7128788486427726
462	623	0.6240451029341468
385	262	0.5307836892050525
545	155	0.7547507380816415
429	219	0.8469236151499038
270	270	1.0
165	643	0.6060506529908591
686	686	1.0
730	595	0.5572632052335307
344	713	0.8509745790901058
803	5	0.5910827477557644
261	81	0.5810893541775809
640	702	0.8228170011259026
574	658	0.6212896542914228
712	372	0.7598261872899608
301	41	0.6757890602996504
372	81	0.8380027548363328
657	155	0.9736576049837824
730	559	0.6593006850712821
154	306	0.9211780799581593
262	32	0.5905854108221593
428	686	0.5753043472499467
709	450	0.9091378208021926
462	602	0.890237482716501
672	385	0.6482900025003876
657	162	0.9195243517046433
621	507	0.5849113797874445
309	309	1.0
270	255	0.9739285715110153
657	169	0.5959017221592747
262	48	0.645387889802759
359	199	0.613237563517304
307	333	0.5959017221592747
157	764	0.7498942093324559
262	396	0.5849113797874445
691	560	0.6116908849062525
686	661	0.9735520863992139
167	609	0.6655529169643294
430	110	0.9035907080906115
372	60	0.7751927439444247
463	5	0.5572632052335307
409	483	0.5910827477557644
199	279	0.8514763907849331
5	803	0.5910827477557644
78	657	0.7431224275349422
309	754	0.7159062210418834
691	529	0.6093182696778675
725	643	0.7005328399650098
307	307	1.0
658	121	0.7128788486427726
659	590	0.9905428173090829
525	81	0.6535901961956704
422	250	0.6622549536735062
725	640	0.7498942093324559
91	426	0.6622549536735062
420	281	0.6230217841258554
154	773	0.9327994314654705
602	792	0.5900851248105728
712	361	0.5821993837398142
372	72	0.6834407486547186
270	236	0.6593006850712821
155	764	0.5880537241151285
546	581	0.9746635405573367
389	661	0.9734012065527713
141	492	0.8270007715120976
725	658	0.6482900025003876
725	659	0.5810893541775809
417	361	0.8444589930499622
71	255	0.9418057359425217
529	48	0.614379908239306
77	660	0.9712255092199145
647	270	0.9170040432046712
420	250	0.6722286329143283
657	597	0.9274872110731569
686	605	0.7780535732689645
450	730	0.668740304976422
691	503	0.6482900025003876
372	47	0.5870193120038382
650	196	0.5959017221592747
385	672	0.6482900025003876
359	141	0.6412771333701497
691	509	0.668740304976422
529	361	0.563735028875381
262	344	0.5870193120038382
789	789	1.0
714	790	0.6722286329143283
710	13	0.6147574081628753
81	121	0.6564888992507841
141	462	0.5534269882838012
270	691	0.9629148851884612
732	504	0.9787470327367852
551	462	0.6552919979452654
199	260	0.8489070069629807
152	779	0.956923317520722
238	270	0.5827488902101892
560	310	0.613237563517304
269	743	0.8995110873941277
560	796	0.8305380862305862
155	741	0.5358751450688771
47	199	0.5651050227678692
117	53	0.6876560219336321
529	372	0.5307836892050525
429	640	0.5534269882838012
396	519	0.9665787581189639
91	439	0.9206440111364282
142	462	0.6305833524471807
573	605	0.6116908849062525
67	361	0.6902015076774105
789	798	0.9618522478944277
71	270	0.9479765607752867
80	127	0.6593006850712821
429	609	0.6655529169643294
48	139	0.7256727122984107
127	686	0.6017845808122511
385	658	0.8408964152537145
270	663	0.6722286329143283
425	658	0.7305124244926016
307	738	0.5995695367820179
507	199	0.7598261872899608
385	650	0.8889047549574188
787	787	1.0
142	429	0.5722518825326879
605	703	0.9415392103851703
236	270	0.6593006850712821
307	741	0.6093182696778675
542	589	0.559479147077581
382	699	0.9901816443810012
775	492	0.6390069762048636
725	604	0.9965844467186624
81	540	0.6459223744509527
674	773	0.8809341467944696
659	550	0.9481399815554042
372	372	1.0
243	152	0.576494248500145
546	546	1.0
650	180	0.6977776253801975
605	716	0.9170040432046712
165	5	0.6795969554370174
127	217	0.6535901961956704
122	275	0.985386511843955
704	462	0.5722518825326879
372	385	0.6147574081628753
301	344	0.668740304976422
262	333	0.5816462225575831
764	199	0.6223329772884784
131	131	1.0
241	186	0.9255464373596486
657	589	0.7256727122984107
199	691	0.6523553530895373
702	450	0.5747028755820678
704	427	0.7913517041455876
529	795	0.9406021888397668
764	159	0.9274024974364307
78	635	0.784113675991159
524	372	0.6920272850319834
534	699	0.5387748238538156
196	250	0.6722286329143283
109	483	0.5900851248105728
635	78	0.784113675991159
307	725	0.993268522523049
250	480	0.81280594695911
125	217	0.6545664439118322
189	35	0.871674646325717
657	558	0.8137620087283162
658	540	0.701733428882002
270	647	0.9170040432046712
141	420	0.6286714358264547
91	402	0.9170040432046712
674	753	0.9259111681112906
790	691	0.6722286329143283
492	245	0.8630102165279936
372	350	0.6722286329143283
540	595	0.5542092254411445
525	372	0.6795969554370174
450	709	0.9091378208021926
372	359	0.668740304976422
479	483	0.5925574305977788
154	714	0.5378203797290577
48	142	0.5722518825326879
238	238	1.0
47	152	0.6060506529908591
450	702	0.5747028755820678
196	262	0.5387748238538156
382	686	0.846080800865648
507	196	0.6795969554370174
417	307	0.6089164762976398
154	718	0.6162513970963379
712	788	0.8137620087283162
77	641	0.9724924724660731
658	556	0.708511193124427
541	109	0.6920272850319834
546	733	0.5616353038698604
661	686	0.9735520863992139
169	81	0.5910827477557644
229	591	0.5664521547400343
183	183	1.0
122	465	0.9505857659480886
595	151	0.5526369341599737
639	104	0.8500816513994678
509	372	0.668740304976422
122	462	0.5684317298493936
56	686	0.5770828114419825
647	459	0.6535901961956704
401	262	0.5740969649535853
183	189	0.6920272850319834
361	269	0.7439184927756787
169	91	0.9087476325188574
105	271	0.8177654339579425
481	152	0.5424786591546907
702	677	0.8560876406629344
778	658	0.6511039278670918
802	65	0.9708877394990398
338	183	0.9091378208021926
301	540	0.7071067811865476
658	778	0.6511039278670918
55	203	0.8995110873941277
629	281	0.6162513970963379
241	386	0.9255464373596486
657	789	0.7399799652121462
420	447	0.6017845808122511
141	650	0.6324555320336759
483	109	0.5900851248105728
661	661	1.0
540	301	0.7071067811865476
48	355	0.7189724952217349
802	31	0.6089164762976398
639	563	0.9262321562731931
183	167	0.7711054127039704
238	429	0.5397175770941632
761	56	0.9195243517046433
168	82	0.9100840233918139
520	144	0.9752308574050025
546	716	0.6991647327875302
703	640	0.5935264669730922
642	493	0.8285963327212625
627	270	0.8812070932207169
298	165	0.6434923915366734
182	182	1.0
529	529	1.0
409	636	0.610116336153065
420	420	1.0
701	672	0.7993591489472849
199	420	0.6609029234733607
44	44	1.0
658	758	0.6983964994429804
748	165	0.6482900025003876
372	560	0.6116908849062525
229	589	0.6609029234733607
229	105	0.6180839274663681
712	509	0.7671806770745353
55	225	0.6180839274663681
712	501	0.8593090064054709
196	462	0.5644229354442437
47	307	0.5703641927221214
47	309	0.6848661007688605
589	229	0.6609029234733607
635	595	0.5534269882838012
182	159	0.9195243517046433
372	524	0.6920272850319834
372	525	0.6795969554370174
468	344	0.8285963327212625
105	229	0.6180839274663681
81	702	0.7735457478112927
643	462	0.5493950745403833
642	479	1.0
698	298	0.6366789194265114
333	199	0.7976683661673689
636	589	0.8035954105238209
591	165	0.5697251249864671
180	180	1.0
492	420	0.6795969554370174
509	341	0.8325387863159441
529	507	0.6155075755955713
183	153	0.9381427059852853
589	237	0.6305833524471807
44	335	0.7547507380816415
401	231	0.9863394013722336
659	725	0.5810893541775809
251	665	0.7256727122984107
468	361	0.6286714358264547
5	165	0.6795969554370174
546	703	0.7055390344269283
661	657	0.7140741917751113
492	432	0.8177654339579425
702	642	0.5944845534620219
701	658	0.6459223744509527
546	709	0.8912209439780588
105	686	0.5880537241151285
479	636	0.6116908849062525
520	580	0.8477208735076623
180	154	0.5275564125014254
754	472	0.7773270281790644
204	81	0.6162513970963379
372	509	0.668740304976422
5	197	0.8345507291062679
738	270	0.9724924724660731
122	409	0.7329605919515894
463	48	0.6459223744509527
217	238	0.6280249834588628
699	262	0.5623413251903491
462	56	0.6324555320336759
250	640	0.6579053068575388
350	372	0.6722286329143283
540	750	0.7711054127039704
401	686	0.9889440080617165
703	605	0.9415392103851703
44	357	0.701733428882002
462	64	0.9414248232853245
481	581	0.9840779039817431
39	450	0.7854771364539669
361	690	0.9740488318863277
639	507	0.5838371433372921
507	319	0.780630531785515
328	250	0.784113675991159
361	658	0.6866190816412836
401	657	0.7098963845163672
5	130	0.9057082053074589
803	790	0.6722286329143283
401	661	0.9625398132547811
621	288	0.969077460046702
217	217	1.0
168	361	0.5935264669730922
359	726	0.9563949075714981
462	36	0.9680771164244178
589	678	0.7128788486427726
350	359	0.9035907080906115
241	775	0.6345918183822803
657	709	0.6848661007688605
169	361	0.8381749177414194
593	593	1.0
34	452	0.5770828114419825
509	307	0.6250568084843725
359	702	0.6459223744509527
217	674	0.6521064098146178
633	556	0.5740969649535853
699	699	1.0
790	803	0.6722286329143283
642	409	0.9724924724660731
5	152	0.5572632052335307
741	155	0.5358751450688771
204	48	0.6535901961956704
361	643	0.8230126537820298
217	676	0.5753043472499467
298	559	0.6286714358264547
44	321	0.7547507380816415
509	758	0.6459223744509527
225	540	0.6834407486547186
595	540	0.5542092254411445
589	657	0.7256727122984107
650	764	0.5644229354442437
217	200	0.9782521935007817
764	764	1.0
481	546	0.9679829622854508
753	462	0.6097182169357942
217	204	0.6695725958784102
591	591	1.0
462	20	0.7071067811865476
640	447	0.8111948018054888
574	361	0.7005328399650098
623	217	0.608107277459544
3	591	0.8824730791508416
725	54	0.9897792565737962
631	565	0.8177654339579425
217	659	0.7048182836843366
520	520	1.0
509	738	0.6535901961956704
589	636	0.8035954105238209
534	803	0.7223160681686133
640	420	0.6333772652073397
650	742	1.0
738	217	0.559479147077581
182	560	0.6834407486547186
77	77	1.0
631	574	0.8177654339579425
361	631	0.7056825679815438
590	100	0.6060506529908591
298	549	0.8477208735076623
702	5	0.5565106481175784
47	725	0.5703641927221214
32	462	0.5677772270416123
725	39	0.5690809995478997
623	674	0.8492605957640954
429	48	0.701733428882002
396	262	0.5849113797874445
623	670	0.8637791107024834
344	403	0.8832504599230729
509	712	0.7671806770745353
509	714	0.668740304976422
333	576	0.8846142040667466
691	270	0.9629148851884612
725	385	0.6459223744509527
623	686	0.5218495774963797
725	47	0.5703641927221214
241	716	0.6622549536735062
463	795	0.8114109187907151
41	301	0.6757890602996504
463	315	0.8120031715402733
556	165	0.6030867070798468
507	741	0.6004624280888846
217	640	0.5977553207443889
802	748	0.9536694788386044
591	559	0.829894363156197
169	305	0.9402948023311704
426	91	0.6622549536735062
686	382	0.846080800865648
452	452	1.0
539	77	0.7256727122984107
691	255	0.9861879227122777
609	429	0.6655529169643294
609	420	0.6535901961956704
709	152	0.5623413251903491
396	258	0.7563515197226289
468	713	0.8235003658831624
559	591	0.829894363156197
330	598	0.7071067811865476
389	389	1.0
591	534	0.5397175770941632
217	623	0.608107277459544
709	165	0.5982124963893166
691	262	0.6395798221672606
733	686	0.6089164762976398
732	219	0.985386511843955
91	169	0.9087476325188574
154	462	0.6569634136701952
463	741	0.8157549151420477
557	589	0.5534269882838012
127	80	0.6593006850712821
725	344	0.610116336153065
704	197	0.7071067811865476
452	438	0.9637429369150203
574	301	0.6655529169643294
158	424	0.8477208735076623
12	262	0.5387748238538156
507	702	0.9035907080906115
165	787	0.6845117064279559
155	462	0.5572632052335307
389	12	0.5810893541775809
631	509	0.6920272850319834
168	752	0.7939584336158781
745	514	0.5753043472499467
141	199	0.640149098964025
602	462	0.890237482716501
385	372	0.6147574081628753
396	686	0.5925574305977788
666	152	0.6448502886017469
142	154	0.8389466028535767
703	182	0.6017845808122511
702	199	0.7647565982364611
659	276	0.9905428173090829
691	691	1.0
204	775	0.9444983118098628
81	250	0.6345918183822803
165	761	0.7903179238728671
623	623	1.0
385	385	1.0
152	481	0.5424786591546907
71	71	1.0
450	450	1.0
158	413	0.8826529005001035
238	81	0.5318295896944989
741	507	0.6004624280888846
621	613	0.9601347437780972
269	418	0.7128788486427726
72	81	0.6564888992507841
141	141	1.0
725	307	0.993268522523049
152	452	0.9490623276815439
702	180	0.8826529005001035
20	550	0.8691316183740381
165	748	0.6482900025003876
385	361	0.785341533992272
790	71	0.6795969554370174
621	621	1.0
430	262	0.5358751450688771
333	507	0.576494248500145
676	462	0.5722518825326879
659	262	0.5753043472499467
142	142	1.0
546	698	0.6771389311551275
196	81	0.6920272850319834
704	127	0.7913517041455876
409	122	0.7329605919515894
647	71	0.9536694788386044
72	372	0.6834407486547186
560	452	0.6109071614469253
429	775	0.8550446226116473
428	306	0.9583112821103544
539	345	0.7329605919515894
204	732	0.9381427059852853
699	5	0.8911369444506821
238	74	0.9479765607752867
389	787	0.9962126750730299
250	196	0.6722286329143283
686	764	0.652851253759565
560	462	0.5510326920166181
674	462	0.6505986069609184
382	382	1.0
703	152	0.5747028755820678
200	309	0.5616353038698604
31	802	0.6089164762976398
712	451	0.8500816513994678
546	675	0.9782084469890718
385	790	0.6390069762048636
725	738	0.5995695367820179
420	29	0.8248553040478455
359	264	0.942942047540283
385	796	0.9170040432046712
429	749	0.8792223740300158
250	168	0.6834407486547186
262	463	0.8090111525364259
686	733	0.6089164762976398
262	468	0.6530982186712883
659	217	0.7048182836843366
199	39	0.7379018673553026
141	588	0.8846142040667466
131	262	0.5424786591546907
55	196	0.9381427059852853
623	5	0.5206540128366951
420	385	0.6250568084843725
657	243	0.6195230462056137
121	81	0.6564888992507841
199	385	0.7369531959073568
709	546	0.8912209439780588
691	640	0.5977553207443889
428	773	0.9473208981061942
790	385	0.6390069762048636
127	12	0.9900476422780152
704	125	0.7993591489472849
165	709	0.5982124963893166
307	417	0.6089164762976398
301	483	0.585971980815851
270	301	0.6535901961956704
540	240	0.7711054127039704
361	187	0.9505857659480886
725	725	1.0
105	193	0.7292664737217109
196	397	0.8995110873941277
199	361	0.7795640376102891
238	372	0.5838371433372921
420	14	0.8792223740300158
262	449	0.9093324762008836
48	241	0.7547507380816415
359	250	0.696842048778448
196	55	0.9381427059852853
361	199	0.7795640376102891
81	658	0.7256727122984107
81	659	0.6459223744509527
131	252	0.7652457304655288
573	703	0.6162513970963379
197	391	0.9703023744248485
657	229	0.6195230462056137
281	629	0.6162513970963379
540	225	0.6834407486547186
48	272	0.7711054127039704
468	285	0.8770179971434217
199	333	0.7976683661673689
217	196	0.6195230462056137
382	798	0.9951044332966607
401	165	0.6876560219336321
361	169	0.8381749177414194
659	659	1.0
657	678	0.8477208735076623
56	142	0.6366789194265114
71	361	0.585971980815851
403	145	0.9712255092199145
420	341	0.7939584336158781
647	361	0.5880537241151285
251	117	0.6920272850319834
712	420	0.7468517787287459
48	262	0.645387889802759
650	281	0.9434126955465354
47	276	0.9319423190836715
725	714	0.6060506529908591
703	573	0.6162513970963379
298	298	1.0
639	223	1.0
560	603	0.8263374630090867
492	588	0.9306048591020996
361	385	0.785341533992272
262	640	0.6026548500578722
55	338	0.9793414308174049
270	503	0.6434923915366734
789	605	0.6124676418078845
261	650	0.9119321933790023
237	589	0.6305833524471807
39	591	0.8235003658831624
142	753	0.9244245019256859
712	640	0.6708076119450844
197	585	0.9724924724660731
105	50	0.7523040851018608
450	4	0.9841478182249358
403	361	0.6697795416152738
640	180	0.8281760685792039
542	438	0.9670220707333571
674	623	0.8492605957640954
229	242	0.7159062210418834
39	597	0.9515978740065268
250	359	0.696842048778448
196	122	0.8646816701021308
425	509	0.6030867070798468
251	309	0.9774626528073208
661	787	0.9778287357314809
640	155	0.6848661007688605
640	154	0.6599906949868962
593	277	0.6315242985575108
483	225	0.8201933504991196
142	725	0.6593006850712821
301	631	0.6795969554370174
261	636	0.9625398132547811
250	328	0.784113675991159
361	361	1.0
403	344	0.8832504599230729
48	463	0.6459223744509527
540	436	0.871674646325717
301	636	0.6030867070798468
122	578	0.871674646325717
48	462	0.5677772270416123
702	307	0.7389460298272287
402	361	0.7572306977789357
657	401	0.7098963845163672
481	262	0.5623413251903491
281	803	0.613237563517304
585	81	0.6324555320336759
217	64	0.9432058129319549
758	121	0.6564888992507841
589	39	0.7212135625828093
585	391	0.9793414308174049
650	452	0.6543233364213862
643	576	0.8893316141594022
468	468	1.0
593	262	0.6552919979452654
56	761	0.9195243517046433
764	462	0.5935264669730922
217	36	0.9673851591253727
789	5	0.8728783817313606
344	145	0.8792223740300158
217	32	0.5703641927221214
109	301	0.7128788486427726
509	462	0.5690809995478997
509	468	0.704383344040268
525	674	0.5378203797290577
183	275	0.9170040432046712
372	659	0.6004624280888846
298	262	0.5378203797290577
593	270	0.9834471059156332
229	686	0.6769472427712399
189	689	0.81280594695911
764	470	0.9286675520686185
589	361	0.8271896060817643
152	5	0.5572632052335307
241	462	0.5651050227678692
328	81	0.6535901961956704
32	186	0.927041858890907
704	708	0.7913517041455876
703	716	0.8917795292374964
704	704	1.0
481	699	0.9916473533807632
699	382	0.9901816443810012
481	217	0.5810893541775809
238	507	0.6530982186712883
585	34	0.9462762240272912
609	167	0.6655529169643294
39	589	0.7212135625828093
591	262	0.563735028875381
772	301	0.7498942093324559
229	657	0.6195230462056137
772	790	0.7993591489472849
507	463	0.6360874825429393
753	142	0.9244245019256859
420	509	0.6920272850319834
372	640	0.5977553207443889
199	507	0.7598261872899608
361	333	0.8440501129682901
261	603	1.0
372	643	0.6072904701509274
217	26	0.5722518825326879
631	270	0.6459223744509527
344	131	0.6834407486547186
609	178	0.8408964152537145
48	429	0.701733428882002
635	229	0.6511039278670918
196	507	0.6795969554370174
298	698	0.6366789194265114
328	372	0.6795969554370174
196	502	0.696842048778448
738	366	0.9757068125424417
703	703	1.0
631	247	0.8309500713729159
609	148	0.7530348357670543
486	614	0.5935264669730922
229	635	0.6511039278670918
639	639	1.0
509	420	0.6920272850319834
492	507	0.5935264669730922
764	425	0.9696990234822654
452	185	0.5849113797874445
507	447	0.8910248587933689
250	758	0.6345918183822803
663	714	0.6795969554370174
635	205	0.985386511843955
509	425	0.6030867070798468
642	560	0.6390069762048636
463	463	1.0
452	154	0.5169473007748264
758	509	0.6459223744509527
183	203	0.9724924724660731
591	229	0.5664521547400343
481	657	0.7721797072315915
3	298	0.7547507380816415
741	270	0.6407148539112952
701	701	1.0
452	165	0.5690809995478997
640	560	0.6926829274238643
121	507	0.6017845808122511
754	567	0.7711054127039704
702	702	1.0
450	199	0.5910827477557644
738	361	0.5793959633094566
338	203	0.9091378208021926
333	262	0.5816462225575831
559	298	0.6286714358264547
34	591	0.6655529169643294
32	139	0.929170214574756
158	158	1.0
269	195	0.8963506495959023
158	155	0.6412771333701497
154	167	0.5433775596891345
154	165	0.5870193120038382
403	713	0.9381427059852853
396	61	0.9698230021445035
642	507	0.6004624280888846
155	158	0.6412771333701497
621	357	0.6757890602996504
699	798	0.9916473533807632
155	155	1.0
591	686	0.8375280260690594
250	702	0.7554651292661144
450	165	0.6250568084843725
614	486	0.5935264669730922
595	635	0.5534269882838012
152	199	0.5609230146504767
643	507	0.5690809995478997
204	497	0.9646786299603094
169	439	0.9011273932024004
462	462	1.0
802	408	0.8812070932207169
591	697	0.5616353038698604
591	699	0.9743790130426512
167	465	0.8325387863159441
585	324	0.9646786299603094
520	651	0.9724924724660731
741	262	0.9529357368276049
180	677	0.8863711703152168
463	420	0.5870193120038382
738	307	0.5995695367820179
26	217	0.5722518825326879
180	674	0.6216387920739759
165	450	0.6250568084843725
154	142	0.8389466028535767
204	462	0.666198983498455
633	633	1.0
165	456	0.9629148851884612
168	422	0.9235767512977848
39	507	0.555750899179449
741	239	0.9170040432046712
738	790	0.6564888992507841
333	691	0.6212896542914228
718	154	0.6162513970963379
154	154	1.0
20	276	0.8846142040667466
5	699	0.8911369444506821
633	640	0.5328612872440329
396	396	1.0
678	155	0.8442547262802941
591	678	0.6602195804079635
29	658	0.6482900025003876
217	764	0.5959017221592747
169	426	0.6775211722297212
514	745	0.5753043472499467
789	165	0.5677772270416123
396	369	0.7711054127039704
91	262	0.5348836838581175
12	12	1.0
180	650	0.6977776253801975
155	597	0.9170040432046712
180	658	0.7711054127039704
152	152	1.0
81	81	1.0
732	361	0.5703641927221214
344	507	0.5870193120038382
659	92	0.9905428173090829
307	142	0.6593006850712821
741	691	0.6184459099203177
674	180	0.6216387920739759
462	425	0.6226780474196193
574	451	0.9609796664489271
165	440	0.9724924724660731
462	429	0.652851253759565
754	507	0.5838371433372921
361	702	0.6779019096813609
204	459	0.6366789194265114
560	182	0.6834407486547186
640	507	0.7986375940473865
450	130	0.9809094915062311
81	72	0.6564888992507841
169	402	0.9144342932279086
623	753	0.8599216803871343
452	557	0.9628334347759829
678	589	0.7128788486427726
204	429	0.8572688703166295
787	165	0.6845117064279559
12	389	0.5810893541775809
658	81	0.7256727122984107
605	573	0.6116908849062525
609	527	0.871674646325717
182	614	0.9363522291681079
319	420	0.6795969554370174
560	152	0.6545664439118322
674	154	0.8846142040667466
602	129	0.5130446399588426
725	462	0.5493950745403833
714	154	0.5378203797290577
633	602	0.5534269882838012
309	100	0.8408964152537145
678	591	0.6602195804079635
718	591	0.5677772270416123
155	585	0.6390069762048636
452	560	0.6109071614469253
5	657	0.6757890602996504
631	631	1.0
659	81	0.6459223744509527
738	725	0.5995695367820179
142	266	0.9618522478944277
605	546	0.727311107645679
450	559	0.985386511843955
450	558	0.7530348357670543
609	507	0.7810542891757951
802	802	1.0
657	78	0.7431224275349422
691	333	0.6212896542914228
142	270	0.5630411956262792
262	165	0.5849113797874445
738	738	1.0
452	542	0.969077460046702
81	372	0.8380027548363328
558	686	0.7000788809727557
200	462	0.9731140830247246
165	401	0.6876560219336321
429	462	0.652851253759565
78	450	0.871674646325717
674	142	0.8977944555276135
307	593	0.5995695367820179
77	462	0.559479147077581
389	462	0.5348836838581175
20	659	0.8766415672790969
310	481	0.5684317298493936
789	581	0.9696680114724572
5	623	0.5206540128366951
359	81	0.6459223744509527
529	155	0.5286475567588714
429	429	1.0
732	775	0.9635323375534224
136	361	0.7174508244896552
540	81	0.6459223744509527
659	372	0.6004624280888846
558	657	0.8137620087283162
658	385	0.8408964152537145
691	790	0.6722286329143283
262	142	0.6691573562205851
789	591	0.9641954444352078
154	551	0.9529357368276049
158	507	0.5910827477557644
270	499	0.9736576049837824
155	545	0.7547507380816415
298	3	0.7547507380816415
633	3	1.0
131	85	0.7410038857854466
151	595	0.5526369341599737
141	270	0.6147574081628753
691	325	0.9787470327367852
142	262	0.6691573562205851
262	154	0.8398406671326056
702	270	0.5770828114419825
357	81	0.6482900025003876
556	658	0.708511193124427
270	463	0.6324555320336759
658	361	0.6866190816412836
152	546	0.5821993837398142
47	81	0.6324555320336759
189	199	0.7000788809727557
155	510	0.9395232440087964
716	546	0.6991647327875302
154	525	0.5460135072781013
428	428	1.0
330	629	0.9100840233918139
703	262	0.5328612872440329
141	245	0.8177654339579425
372	172	0.8758220661332768
591	3	0.8824730791508416
661	297	0.9740488318863277
148	647	0.5995695367820179
330	636	0.6060506529908591
663	270	0.6722286329143283
425	462	0.6226780474196193
155	529	0.5286475567588714
605	521	0.9148311480420754
686	401	0.9889440080617165
182	6	0.9282050990309623
659	361	0.5651050227678692
152	560	0.6545664439118322
701	262	0.5433775596891345
420	492	0.6795969554370174
546	798	0.9679829622854508
127	462	0.6500905236411981
702	250	0.7554651292661144
301	109	0.7128788486427726
661	262	0.5690809995478997
154	503	0.5900851248105728
732	732	1.0
556	633	0.5740969649535853
709	657	0.6848661007688605
301	593	0.6459223744509527
712	582	0.8442547262802941
142	217	0.6097182169357942
450	507	0.5793959633094566
310	450	0.6286714358264547
47	92	0.9207777317464305
189	189	1.0
676	535	0.7498942093324559
307	529	0.6701920952803824
189	183	0.6920272850319834
262	593	0.6552919979452654
691	764	0.5935264669730922
560	560	1.0
81	357	0.6482900025003876
382	481	0.9951044332966607
81	359	0.6459223744509527
243	389	0.6240451029341468
357	44	0.701733428882002
359	361	0.6523553530895373
44	76	0.7711054127039704
540	361	0.5968335585411494
251	251	1.0
301	574	0.6655529169643294
250	260	0.5782474837716209
426	402	0.6511039278670918
47	47	1.0
702	236	0.6448502886017469
525	154	0.5460135072781013
668	653	0.6655529169643294
142	674	0.8977944555276135
165	802	0.6944638731514271
307	509	0.6250568084843725
12	708	0.9900476422780152
47	372	0.5870193120038382
148	609	0.7530348357670543
359	372	0.668740304976422
672	560	0.6434923915366734
653	41	0.696842048778448
403	285	0.8622717716165411
385	420	0.6250568084843725
141	691	0.6180839274663681
307	511	0.993071808379093
691	741	0.6184459099203177
701	259	0.9170040432046712
382	462	0.5776672022437759
238	462	0.6089164762976398
359	344	0.6795969554370174
338	196	0.9235767512977848
714	509	0.668740304976422
127	427	1.0
250	245	0.8477208735076623
81	328	0.6535901961956704
241	48	0.7547507380816415
142	650	0.6260571795815402
199	460	0.8425665519226356
661	231	0.9761811479935245
359	359	1.0
131	344	0.6834407486547186
691	714	1.0
534	463	0.5460135072781013
359	350	0.9035907080906115
13	710	0.6147574081628753
674	525	0.5378203797290577
125	462	0.6511039278670918
775	241	0.6345918183822803
658	319	0.7625279705211517
401	297	0.9838119122848112
659	307	0.5810893541775809
250	250	1.0
48	48	1.0
133	327	0.8177654339579425
492	492	1.0
243	39	0.6676896388679869
701	237	0.808070467384033
509	131	0.7329605919515894
152	703	0.5747028755820678
372	328	0.6795969554370174
468	145	0.8408964152537145
659	507	0.6173554791017901
225	55	0.6180839274663681
238	686	0.6240451029341468
152	709	0.5623413251903491
643	262	0.5770828114419825
301	772	0.7498942093324559
71	663	0.6876560219336321
307	702	0.7389460298272287
758	250	0.6345918183822803
542	542	1.0
270	627	0.8812070932207169
802	165	0.6944638731514271
298	78	0.8270007715120976
39	243	0.6676896388679869
529	307	0.6701920952803824
238	693	0.9471016361771188
359	575	0.8995110873941277
241	139	0.8963506495959023
270	631	0.6459223744509527
122	238	0.5397175770941632
238	217	0.6280249834588628
507	168	0.6482900025003876
189	361	0.6472452017756477
650	141	0.6324555320336759
650	142	0.6260571795815402
509	141	0.6412771333701497
99	99	1.0
542	557	0.9596186086547561
310	639	0.6991647327875302
764	157	0.7498942093324559
764	155	0.5880537241151285
633	87	1.0
125	686	0.6030867070798468
702	447	0.8620246364801055
251	462	0.5664521547400343
540	540	1.0
520	380	0.8477208735076623
657	510	0.9550734920727739
122	203	0.927041858890907
502	196	0.696842048778448
789	709	0.8766415672790969
81	525	0.6535901961956704
56	462	0.6324555320336759
507	141	0.7071067811865476
129	602	0.5130446399588426
262	741	0.9529357368276049
199	658	0.7215823759566253
658	507	0.7773270281790644
199	657	0.6821762656900224
344	285	0.8917795292374964
701	426	0.7498942093324559
338	55	0.9793414308174049
197	686	0.5995695367820179
196	217	0.6195230462056137
761	165	0.7903179238728671
631	81	0.6324555320336759
238	674	0.8590920365041819
225	41	0.613237563517304
714	725	0.6060506529908591
481	382	0.9951044332966607
702	420	0.6390069762048636
802	154	0.6604479117221291
55	462	0.5657813953236426
640	250	0.6579053068575388
792	602	0.5900851248105728
197	657	0.6390069762048636
165	197	0.6459223744509527
29	14	0.8995110873941277
643	217	0.5518388937430624
189	318	0.8325387863159441
250	420	0.6722286329143283
168	168	1.0
180	79	0.9066300253729942
507	121	0.6017845808122511
344	262	0.5870193120038382
712	712	1.0
250	422	0.6622549536735062
640	262	0.6026548500578722
420	640	0.6333772652073397
189	321	0.8995110873941277
238	657	0.5821993837398142
199	643	0.7598261872899608
639	310	0.6991647327875302
167	183	0.7711054127039704
250	432	0.9809094915062311
261	742	0.9119321933790023
169	169	1.0
48	529	0.614379908239306
402	426	0.6511039278670918
591	39	0.8235003658831624
167	154	0.5433775596891345
462	154	0.6569634136701952
121	658	0.7128788486427726
483	301	0.585971980815851
591	34	0.6655529169643294
71	647	0.9536694788386044
593	361	0.5793959633094566
591	382	0.968453093335369
196	650	0.5959017221592747
29	29	1.0
503	154	0.5900851248105728
167	167	1.0
593	366	0.985386511843955
131	509	0.7329605919515894
298	360	0.9306048591020996
47	550	0.9548318541694027
217	481	0.5810893541775809
647	647	1.0
753	266	0.9011273932024004
761	127	0.6230217841258554
636	330	0.6060506529908591
165	154	0.5870193120038382
361	415	0.9523212497266492
99	24	0.8408964152537145
361	417	0.8444589930499622
591	12	0.5753043472499467
643	658	0.5944845534620219
686	199	0.6223329772884784
481	798	1.0
758	658	0.6983964994429804
699	481	0.9916473533807632
20	88	0.8745187679758919
338	338	1.0
636	301	0.6030867070798468
631	361	0.7056825679815438
481	310	0.5684317298493936
650	540	0.6030867070798468
165	165	1.0
529	707	0.9531632702010927
99	16	0.9170040432046712
403	403	1.0
463	138	0.8536903765879016
738	499	0.9703023744248485
462	142	0.6305833524471807
578	122	0.871674646325717
217	462	0.9820634859115823
741	74	0.9222838116156815
420	609	0.6535901961956704
32	262	0.5905854108221593
99	390	0.7329605919515894
182	336	0.93177843225163
361	402	0.7572306977789357
640	677	0.8341955252233204
640	674	0.6819942791565804
462	127	0.6500905236411981
614	152	0.9061325595519807
507	541	0.8995110873941277
167	122	0.8630102165279936
401	401	1.0
372	712	0.7598261872899608
157	281	0.7071067811865476
803	534	0.7223160681686133
643	643	1.0
462	125	0.6511039278670918
183	338	0.9091378208021926
5	382	0.8905473904190541
631	359	0.6920272850319834
167	126	0.871674646325717
39	657	0.8967533413606585
459	204	0.6366789194265114
725	199	0.7447086392403407
758	640	0.7204719506874667
382	5	0.8905473904190541
468	509	0.704383344040268
754	655	0.7928848664638978
623	450	0.5307836892050525
39	602	0.5995695367820179
753	674	0.9259111681112906
640	658	0.6954219841765791
593	307	0.5995695367820179
507	529	0.6155075755955713
165	120	0.9665787581189639
635	761	0.6305833524471807
593	301	0.6459223744509527
623	462	0.6240451029341468
642	642	1.0
642	640	0.5565106481175784
738	462	0.5572632052335307
333	361	0.8440501129682901
509	509	1.0
462	557	0.6296324740065353
595	730	0.5572632052335307
574	582	0.9787470327367852
154	262	0.8398406671326056
463	546	0.5328612872440329
732	497	0.9715930498970367
330	361	0.6511039278670918
385	199	0.7369531959073568
165	579	0.8215372551229038
462	551	0.6552919979452654
631	301	0.6795969554370174
154	270	0.5864972828795026
686	131	0.610116336153065
333	333	1.0
725	142	0.6593006850712821
459	639	0.6434923915366734
686	130	0.7189724952217349
507	507	1.0
640	640	1.0
197	5	0.8345507291062679
269	269	1.0
29	778	0.9646786299603094
481	744	0.8431043923193501
605	262	0.5318295896944989
591	798	0.9694973211987066
463	559	0.5740969649535853
32	217	0.5703641927221214
459	647	0.6535901961956704
741	361	0.5703641927221214
91	91	1.0
142	81	0.6426679226822404
593	738	0.9793414308174049
426	169	0.6775211722297212
155	238	0.5328612872440329
151	281	0.6876560219336321
753	623	0.8599216803871343
5	764	0.6957393114611784
165	556	0.6030867070798468
29	724	0.8177654339579425
574	565	1.0
686	591	0.8375280260690594
633	744	0.9592678614562175
633	745	0.9052573668652667
277	593	0.6315242985575108
574	574	1.0
463	534	0.5460135072781013
429	142	0.5722518825326879
686	125	0.6030867070798468
309	251	0.9774626528073208
385	152	0.6814462706456124
676	249	0.7993591489472849
396	462	0.6109071614469253
385	154	0.5328612872440329
20	361	0.585971980815851
741	307	0.6093182696778675
5	789	0.8728783817313606
560	270	0.6089164762976398
168	507	0.6482900025003876
20	20	1.0
463	507	0.6360874825429393
709	39	0.7630271716247271
141	81	0.6060506529908591
452	686	0.6013461208788474
330	330	1.0
787	297	0.9531457811271964
154	238	0.9447404455774908
333	307	0.5959017221592747
99	780	0.7410038857854466
333	786	0.8835481816295804
154	686	0.5740969649535853
452	650	0.6543233364213862
420	199	0.6609029234733607
155	678	0.8442547262802941
631	714	0.6511039278670918
591	718	0.5677772270416123
199	199	1.0
270	141	0.6147574081628753
539	146	0.7410038857854466
142	48	0.5722518825326879
686	558	0.7000788809727557
418	269	0.7128788486427726
452	658	0.735888991907673
158	645	0.9324327727318484
20	309	0.6593006850712821
154	691	0.5378203797290577
142	56	0.6366789194265114
309	200	0.5616353038698604
12	427	0.9900476422780152
560	261	0.8263374630090867
307	238	0.6757890602996504
605	686	0.7780535732689645
716	241	0.6622549536735062
152	243	0.576494248500145
167	507	0.5944845534620219
452	631	0.5747028755820678
204	507	0.5810893541775809
269	658	0.6267179298072044
262	262	1.0
674	238	0.8590920365041819
560	232	0.8472830313819817
155	657	0.9736576049837824
609	609	1.0
301	270	0.6535901961956704
647	199	0.6017845808122511
142	372	0.5644229354442437
141	388	0.8177654339579425
91	353	0.9123367196696422
754	7	0.7966294477172272
605	658	0.6030867070798468
142	31	0.8586569424582612
546	481	0.9679829622854508
309	665	0.7128788486427726
199	189	0.7000788809727557
319	507	0.780630531785515
676	217	0.5753043472499467
702	81	0.7735457478112927
262	270	0.6569634136701952
182	703	0.6017845808122511
663	71	0.6876560219336321
787	262	0.5651050227678692
452	648	0.9603837909822135
730	450	0.668740304976422
127	127	1.0
238	165	0.5832947933237561
154	640	0.6599906949868962
127	125	0.9891870085092893
122	183	0.8963506495959023
56	56	1.0
262	239	0.9064064022359822
141	359	0.6412771333701497
141	361	0.6613557529024814
196	196	1.0
674	217	0.6521064098146178
560	691	0.6116908849062525
269	640	0.6004624280888846
129	589	0.6030867070798468
333	717	0.8846142040667466
714	691	1.0
250	81	0.6345918183822803
262	241	0.5890755538940808
270	593	0.9834471059156332
122	196	0.8646816701021308
678	657	0.8477208735076623
281	420	0.6230217841258554
309	640	0.5510326920166181
676	676	1.0
787	231	0.9548836697639724
155	640	0.6848661007688605
180	702	0.8826529005001035
546	463	0.5328612872440329
560	217	0.5534269882838012
55	55	1.0
741	741	1.0
529	270	0.6312117397300414
261	261	1.0
152	686	0.5587473168930787
197	197	1.0
744	709	0.7773270281790644
39	199	0.7379018673553026
270	560	0.6089164762976398
152	648	0.9748130586607877
310	560	0.613237563517304
122	167	0.8630102165279936
529	239	0.969512847191364
430	450	0.9054078210075011
5	702	0.5565106481175784
741	707	0.9217763279999731
605	605	1.0
307	642	0.6305833524471807
307	643	0.7005328399650098
301	237	0.701733428882002
560	672	0.6434923915366734
428	526	0.9149010563047004
197	165	0.6459223744509527
674	674	1.0
307	640	0.7417147817290325
238	155	0.5328612872440329
238	154	0.9447404455774908
199	141	0.640149098964025
657	481	0.7721797072315915
420	141	0.6286714358264547
152	659	0.5630411956262792
647	163	0.9505857659480886
789	675	0.970795477557717
155	621	0.6286714358264547
260	250	0.5782474837716209
450	623	0.5307836892050525
725	511	0.993071808379093
92	309	0.6722286329143283
709	789	0.8766415672790969
77	566	0.961556520692179
307	658	0.6482900025003876
307	659	0.5810893541775809
152	666	0.6448502886017469
674	686	0.5977553207443889
559	730	0.6593006850712821
703	374	0.9027748213389314
238	122	0.5397175770941632
430	430	1.0
39	162	0.9752308574050025
152	628	0.9607647875142544
787	661	0.9778287357314809
560	640	0.6926829274238643
560	642	0.6390069762048636
539	539	1.0
142	307	0.6593006850712821
674	658	0.5753043472499467
643	184	0.8792223740300158
77	513	0.9646786299603094
492	141	0.8270007715120976
542	462	0.6112999023576107
702	359	0.6459223744509527
372	250	0.6535901961956704
309	605	0.6305833524471807
117	251	0.6920272850319834
702	361	0.6779019096813609
250	41	0.668740304976422
714	663	0.6795969554370174
643	199	0.7598261872899608
639	284	0.9764029385159798
39	158	0.5925574305977788
789	657	0.7399799652121462
382	581	0.9797170617918353
602	633	0.5534269882838012
658	452	0.735888991907673
200	509	0.5651050227678692
39	154	0.5230262708253536
39	155	0.8947270920837613
647	148	0.5995695367820179
262	691	0.6395798221672606
81	410	0.8469236151499038
560	623	0.6866190816412836
122	122	1.0
714	631	0.6511039278670918
250	361	0.5910827477557644
643	165	0.6060506529908591
307	604	0.9965844467186624
55	397	0.9108312511415659
701	349	0.8177654339579425
81	447	0.8055995258557623
658	425	0.7305124244926016
712	658	0.6147574081628753
270	529	0.6312117397300414
152	614	0.9061325595519807
540	477	0.784113675991159
361	67	0.6902015076774105
709	744	0.7773270281790644
529	691	0.6093182696778675
250	372	0.6535901961956704
534	591	0.5397175770941632
56	377	0.9078653964817709
152	621	0.5821993837398142
542	452	0.969077460046702
251	363	0.7256727122984107
674	640	0.6819942791565804
