481	420	0.8993614665682284
636	653	0.8861994794900651
229	620	0.8861994794900651
319	270	0.8542376454316333
121	507	0.8617982495196548
559	298	0.8669809621934619
509	401	0.8617982495196548
121	509	0.8617982495196548
199	702	0.8542376454316333
167	488	0.960933413245638
589	539	0.9066697402046523
640	560	0.8542376454316333
402	518	0.9822293919254425
327	133	0.8906008435475454
27	450	0.8925823832789168
801	686	0.8617982495196548
225	676	0.8542376454316333
29	672	0.8669809621934619
158	158	0.9924088434342437
229	629	0.8669809621934619
109	740	0.8542376454316333
229	635	0.8861994794900651
758	530	1.0
122	506	0.9721623447688775
586	586	0.9822293919254425
29	426	0.8669809621934619
344	344	0.9750967015675303
243	629	0.907105801645784
5	238	0.9322654041304157
167	250	0.8542376454316333
167	492	0.9355416208545775
51	525	0.8542376454316333
483	409	0.8542376454316333
614	281	0.8617982495196548
402	778	0.8669809621934619
479	740	0.8542376454316333
26	217	0.9784095676569472
357	636	0.8861994794900651
357	635	0.9257804098179165
629	790	0.907105801645784
105	790	0.907105801645784
44	640	0.8861994794900651
29	663	0.9514704439690702
229	645	0.9867667939811898
642	320	1.0
623	44	0.8617982495196548
642	560	0.9391280350253571
229	640	0.9867667939811898
199	725	0.8542376454316333
640	344	0.8542376454316333
772	772	0.9924088434342437
189	642	0.8542376454316333
158	69	0.9591373549556257
31	350	0.8669809621934619
635	682	0.8861994794900651
509	661	0.8617982495196548
585	361	0.9257804098179165
697	48	0.8669809621934619
199	720	0.9671153018251853
167	270	0.8542376454316333
593	235	0.9084444279308854
328	48	0.8669809621934619
165	298	0.8669809621934619
250	758	0.8542376454316333
653	636	0.8861994794900651
653	635	0.8861994794900651
350	485	0.9721623447688775
229	413	0.9867667939811898
189	658	0.8542376454316333
44	623	0.8617982495196548
541	614	0.8617982495196548
229	658	0.8861994794900651
420	737	0.8993614665682284
661	509	0.8617982495196548
772	301	0.9514704439690702
51	740	0.8542376454316333
122	525	0.8542376454316333
701	740	0.8542376454316333
141	702	0.9381974198067065
357	658	0.8861994794900651
413	620	0.8925823832789168
105	570	0.9822293919254425
790	733	0.907105801645784
758	319	0.9695206095350685
357	653	0.8861994794900651
225	225	1.0
462	283	0.9066697402046523
158	81	0.8542376454316333
229	668	0.8669809621934619
229	426	0.8669809621934619
525	658	0.9299871587662552
635	229	0.8861994794900651
229	422	0.8669809621934619
631	270	0.8542376454316333
217	125	0.9066697402046523
474	108	0.8669809621934619
217	127	0.9066697402046523
122	772	0.9084444279308854
525	650	0.8542376454316333
359	631	0.8993614665682284
595	225	0.8542376454316333
183	250	0.8542376454316333
640	361	0.8861994794900651
468	468	0.9750967015675303
105	105	0.9822293919254425
586	33	0.9822293919254425
115	426	0.9784095676569472
196	302	0.9822293919254425
115	663	0.8669809621934619
217	26	0.9784095676569472
115	664	0.9924088434342437
372	640	0.8861994794900651
361	333	0.9628480994100669
250	785	0.9084444279308854
185	241	0.8669809621934619
109	301	0.9514704439690702
270	702	0.9084444279308854
310	701	0.9391280350253571
772	560	0.8542376454316333
640	372	0.8861994794900651
509	453	0.8617982495196548
585	152	0.8925823832789168
540	650	0.9251203610611077
413	645	1.0
372	659	0.8861994794900651
372	417	0.8861994794900651
26	657	0.885899188829319
344	45	0.9750967015675303
479	301	0.8542376454316333
109	548	0.8542376454316333
99	672	0.8669809621934619
361	585	0.9257804098179165
225	483	0.8542376454316333
3	698	0.885899188829319
241	450	0.8669809621934619
99	426	0.8669809621934619
509	229	0.8617982495196548
229	686	0.8617982495196548
189	689	0.9867667939811898
701	535	0.9721623447688775
525	676	0.8542376454316333
425	701	0.9721623447688775
540	658	0.8542376454316333
229	682	0.9867667939811898
199	525	0.8542376454316333
536	740	0.8542376454316333
738	81	0.9084444279308854
413	413	1.0
409	740	0.8542376454316333
122	560	0.8542376454316333
359	420	0.8993614665682284
483	225	0.8542376454316333
81	196	0.9084444279308854
344	51	0.8542376454316333
361	357	0.9257804098179165
790	766	0.907105801645784
99	663	0.9822293919254425
640	44	0.8861994794900651
250	560	0.8542376454316333
658	620	0.8861994794900651
486	676	0.8542376454316333
492	560	0.8542376454316333
13	357	0.8861994794900651
189	691	0.8542376454316333
640	152	0.8861994794900651
635	261	0.9391280350253571
361	20	0.9257804098179165
403	344	0.9750967015675303
639	459	0.8542376454316333
483	479	0.8542376454316333
242	462	0.885899188829319
196	338	0.9822293919254425
301	631	0.8542376454316333
261	635	0.9391280350253571
81	81	0.9543126125918334
361	372	0.8861994794900651
235	593	0.9084444279308854
589	39	0.885899188829319
270	738	0.9671153018251853
81	71	0.9084444279308854
105	36	0.9822293919254425
270	739	0.9671153018251853
420	309	0.9695206095350685
108	108	0.9822293919254425
235	590	0.8542376454316333
385	725	0.8542376454316333
236	109	0.9822293919254425
301	409	0.8542376454316333
235	117	0.8617982495196548
640	69	0.9867667939811898
12	591	0.885899188829319
361	136	0.9695206095350685
663	778	0.9514704439690702
629	48	0.8669809621934619
229	237	0.8617982495196548
250	344	0.8542376454316333
492	588	0.9671153018251853
108	115	0.9822293919254425
658	640	0.8861994794900651
525	225	0.9299871587662552
772	122	0.9084444279308854
105	41	0.9822293919254425
701	560	0.9721623447688775
154	802	0.9372898051723174
270	740	0.8542376454316333
122	593	0.9084444279308854
409	774	0.9391280350253571
131	686	0.8617982495196548
479	586	0.8542376454316333
301	419	0.9822293919254425
142	753	0.960933413245638
642	51	0.8542376454316333
109	109	0.9822293919254425
586	84	0.9514704439690702
344	81	0.8542376454316333
586	83	0.9514704439690702
225	287	0.8542376454316333
361	152	0.8861994794900651
640	81	0.8542376454316333
344	199	0.8542376454316333
421	792	0.9066697402046523
270	758	0.8542376454316333
643	48	0.8669809621934619
426	732	0.8669809621934619
792	539	0.9066697402046523
479	109	0.8542376454316333
792	544	0.9066697402046523
122	122	1.0
409	301	0.8542376454316333
197	357	0.9257804098179165
385	750	0.9355416208545775
152	605	0.8925823832789168
627	81	0.9543126125918334
714	627	0.960933413245638
105	165	0.9232011339459666
196	122	0.9381974198067065
241	263	0.9721623447688775
658	659	0.8861994794900651
83	122	0.8542376454316333
109	122	0.8542376454316333
714	631	0.8542376454316333
672	418	0.9232011339459666
83	129	0.8542376454316333
540	466	0.9750967015675303
540	225	0.8542376454316333
420	330	0.9695206095350685
259	742	0.9750967015675303
479	129	0.8542376454316333
81	141	0.9084444279308854
479	122	0.8542376454316333
642	71	0.8542376454316333
659	658	0.8861994794900651
643	165	0.8669809621934619
241	272	0.9721623447688775
709	734	0.8617982495196548
301	676	0.8542376454316333
775	350	0.8669809621934619
714	642	0.8542376454316333
403	45	0.9750967015675303
658	676	0.9528603920161663
663	330	0.8669809621934619
492	370	0.9671153018251853
197	20	0.9257804098179165
310	774	0.9391280350253571
430	426	0.9420774287874426
426	753	0.8669809621934619
117	235	0.8617982495196548
199	344	0.8542376454316333
672	663	0.8669809621934619
199	588	0.9671153018251853
189	270	0.8542376454316333
676	626	0.9528603920161663
359	481	0.9591373549556257
560	642	0.9391280350253571
418	418	0.9924088434342437
409	320	0.9784095676569472
142	788	0.960933413245638
642	81	0.8542376454316333
709	509	0.8617982495196548
560	640	0.8542376454316333
20	658	0.8861994794900651
725	714	0.8542376454316333
790	105	0.907105801645784
78	450	0.8669809621934619
638	278	0.9750967015675303
709	744	0.8617982495196548
83	586	0.9514704439690702
714	650	0.8542376454316333
250	141	0.9924088434342437
281	614	0.8617982495196548
420	359	0.8993614665682284
270	301	0.9084444279308854
420	591	0.8993614665682284
425	535	0.9721623447688775
540	486	0.8542376454316333
525	264	0.9822293919254425
525	270	0.8542376454316333
450	605	0.8925823832789168
676	638	0.9528603920161663
196	55	0.9822293919254425
418	426	0.8669809621934619
92	672	0.8669809621934619
676	634	0.9528603920161663
142	799	0.960933413245638
152	635	0.8861994794900651
714	658	0.8542376454316333
539	544	0.9066697402046523
196	397	0.9822293919254425
518	152	0.8925823832789168
27	802	0.9049534175061065
418	663	0.8669809621934619
740	701	0.8542376454316333
122	51	0.8542376454316333
281	629	0.8669809621934619
674	663	0.8669809621934619
426	778	0.8669809621934619
647	148	0.8542376454316333
789	657	0.9514704439690702
702	122	0.9381974198067065
310	310	1.0
602	633	0.9066697402046523
108	165	0.8669809621934619
672	204	0.8669809621934619
402	73	0.9822293919254425
657	462	0.885899188829319
409	586	0.8542376454316333
109	55	0.8542376454316333
672	450	0.8669809621934619
91	672	0.8669809621934619
691	627	0.960933413245638
250	55	0.9381974198067065
80	127	0.885899188829319
199	370	0.9671153018251853
725	738	0.8542376454316333
518	165	0.8669809621934619
418	672	0.9232011339459666
278	702	0.8542376454316333
152	640	0.8861994794900651
78	672	0.8669809621934619
539	792	0.9066697402046523
674	426	0.8669809621934619
307	640	0.8861994794900651
658	229	0.8861994794900651
492	167	0.9355416208545775
772	84	0.9514704439690702
78	426	0.9420774287874426
69	578	0.8861994794900651
310	560	0.9391280350253571
663	29	0.9514704439690702
199	385	0.9355416208545775
676	658	0.9528603920161663
420	39	0.8993614665682284
152	659	0.8861994794900651
152	417	0.8861994794900651
450	620	0.8925823832789168
425	560	0.9721623447688775
91	426	0.8669809621934619
792	591	0.885899188829319
544	462	0.9066697402046523
301	479	0.8542376454316333
602	539	0.9066697402046523
658	357	0.8861994794900651
83	676	0.8542376454316333
189	81	0.8542376454316333
167	800	0.960933413245638
310	695	0.9391280350253571
657	127	0.885899188829319
189	189	0.9867667939811898
426	674	0.8669809621934619
744	801	0.8617982495196548
672	105	0.9232011339459666
409	479	0.9784095676569472
426	430	0.9420774287874426
154	764	0.9049534175061065
672	350	0.8669809621934619
425	695	0.9721623447688775
676	548	0.8542376454316333
409	483	0.8542376454316333
199	270	0.8542376454316333
81	691	0.9543126125918334
413	158	0.9924088434342437
429	643	0.8669809621934619
676	301	0.8542376454316333
385	691	0.8542376454316333
686	623	0.8617982495196548
657	26	0.885899188829319
127	242	0.885899188829319
146	657	0.885899188829319
560	560	0.9721623447688775
229	83	0.9364037194218137
639	183	0.8542376454316333
591	3	0.885899188829319
725	640	0.8542376454316333
55	51	0.8542376454316333
702	278	0.8542376454316333
525	81	0.8542376454316333
189	199	0.9251203610611077
330	629	1.0
658	361	0.8861994794900651
702	270	0.9084444279308854
115	92	0.9420774287874426
301	33	0.9822293919254425
152	317	0.8861994794900651
372	72	0.9314931981082346
148	647	0.8542376454316333
620	737	0.8841119256502336
658	20	0.8861994794900651
81	687	0.9543126125918334
158	725	0.8542376454316333
357	197	0.9257804098179165
67	691	0.8542376454316333
539	462	0.9066697402046523
433	330	0.8669809621934619
141	250	0.9924088434342437
554	450	0.8925823832789168
740	631	0.8542376454316333
417	361	0.9695206095350685
659	361	0.9257804098179165
51	199	0.8542376454316333
657	146	0.885899188829319
129	479	0.8542376454316333
525	199	0.8542376454316333
426	450	0.8669809621934619
385	469	0.9924088434342437
602	792	0.9066697402046523
426	694	0.8669809621934619
450	778	0.8669809621934619
259	216	0.9750967015675303
429	426	0.8669809621934619
560	344	0.8542376454316333
259	691	0.8542376454316333
730	559	0.8669809621934619
672	29	0.8669809621934619
285	740	0.8542376454316333
725	658	0.9528603920161663
686	401	0.9750967015675303
321	318	0.9924088434342437
321	559	0.8925823832789168
672	32	0.8669809621934619
417	372	0.8861994794900651
714	593	0.960933413245638
668	229	0.8669809621934619
659	372	0.8861994794900651
136	361	0.9695206095350685
418	16	0.9867667939811898
63	241	0.8669809621934619
540	81	0.8542376454316333
321	553	0.9784095676569472
426	467	0.8669809621934619
657	396	0.885899188829319
51	81	0.8542376454316333
270	250	0.9084444279308854
672	140	0.9543126125918334
396	792	0.9066697402046523
301	51	0.8542376454316333
56	18	0.907105801645784
740	409	0.8542376454316333
453	509	0.8617982495196548
418	363	0.9924088434342437
152	333	0.8861994794900651
278	638	0.9750967015675303
715	350	0.8669809621934619
691	560	0.8542376454316333
714	122	0.9084444279308854
307	333	0.8861994794900651
155	309	0.8993614665682284
141	270	0.9084444279308854
789	359	0.8993614665682284
136	372	0.8861994794900651
321	321	0.9924088434342437
462	602	0.960933413245638
309	558	0.8993614665682284
738	725	0.8542376454316333
330	663	0.8669809621934619
290	426	0.8669809621934619
676	109	0.8542376454316333
413	90	1.0
450	554	0.8925823832789168
330	420	0.9695206095350685
39	155	0.9784095676569472
676	344	0.8542376454316333
560	122	0.8542376454316333
429	204	0.9591373549556257
672	48	0.8669809621934619
152	585	0.8925823832789168
548	109	0.8542376454316333
81	658	0.8542376454316333
554	241	0.8669809621934619
417	152	0.8861994794900651
146	462	0.9066697402046523
659	152	0.8861994794900651
330	429	0.8669809621934619
750	740	0.9251203610611077
330	668	0.8669809621934619
330	426	0.8669809621934619
48	241	0.8669809621934619
330	433	0.8669809621934619
507	801	0.9372898051723174
51	51	0.9924088434342437
165	643	0.8669809621934619
678	330	0.8993614665682284
51	55	0.8542376454316333
733	790	0.907105801645784
319	642	0.8542376454316333
81	640	0.8542376454316333
81	642	0.8542376454316333
429	694	0.8669809621934619
81	647	0.9084444279308854
609	507	0.8617982495196548
217	704	0.9066697402046523
152	361	0.8861994794900651
740	676	0.8542376454316333
55	109	0.8542376454316333
344	710	0.9299871587662552
623	509	0.8617982495196548
330	678	0.8993614665682284
200	462	0.9784095676569472
658	180	0.8861994794900651
259	259	0.9750967015675303
155	330	0.8993614665682284
204	426	0.8669809621934619
319	658	0.8542376454316333
301	83	0.9514704439690702
204	663	0.8669809621934619
631	617	0.9750967015675303
385	270	0.8542376454316333
344	713	0.9750967015675303
676	122	0.8542376454316333
691	344	0.8542376454316333
307	357	0.8861994794900651
658	72	0.8861994794900651
81	627	0.9543126125918334
691	593	0.960933413245638
672	78	0.8669809621934619
278	676	0.9528603920161663
204	429	0.9591373549556257
633	602	0.9066697402046523
48	697	0.8669809621934619
204	672	0.8669809621934619
330	450	0.8669809621934619
678	591	0.9292538068786609
290	697	0.9784095676569472
333	658	0.8861994794900651
344	725	0.9299871587662552
585	507	0.9372898051723174
268	121	0.8617982495196548
640	725	0.8542376454316333
509	801	0.8617982495196548
709	262	0.9322654041304157
165	429	0.8669809621934619
321	122	0.8542376454316333
658	197	0.8861994794900651
167	642	0.8542376454316333
48	450	0.8669809621934619
48	694	0.8669809621934619
350	629	0.9721623447688775
48	204	0.8669809621934619
180	658	0.8861994794900651
39	591	0.9721623447688775
560	167	0.8542376454316333
602	39	0.885899188829319
686	229	0.8617982495196548
642	702	0.8542376454316333
642	701	0.9391280350253571
259	274	0.9750967015675303
727	450	0.8925823832789168
319	677	0.9822293919254425
56	790	0.907105801645784
631	631	1.0
672	99	0.8669809621934619
167	658	0.8542376454316333
590	413	0.8542376454316333
344	740	0.8542376454316333
51	122	0.8542376454316333
672	91	0.8669809621934619
672	92	0.8669809621934619
155	359	0.8993614665682284
278	691	0.8542376454316333
560	62	0.9721623447688775
462	657	0.885899188829319
679	593	0.8542376454316333
462	421	0.9066697402046523
165	440	0.9750967015675303
51	11	0.9924088434342437
642	714	0.8542376454316333
39	589	0.885899188829319
716	152	0.8925823832789168
631	642	0.8542376454316333
691	385	0.8542376454316333
740	479	0.8542376454316333
691	141	0.9084444279308854
450	27	0.8925823832789168
51	595	0.8542376454316333
507	609	0.8617982495196548
676	55	0.8542376454316333
754	507	0.8617982495196548
48	672	0.8669809621934619
560	81	0.8542376454316333
48	663	0.9514704439690702
165	456	0.9750967015675303
48	423	0.8669809621934619
165	450	0.8669809621934619
48	426	0.8669809621934619
698	546	0.9292538068786609
330	485	0.9721623447688775
418	93	0.9232011339459666
631	658	0.8542376454316333
48	429	0.8669809621934619
714	81	0.9543126125918334
285	344	0.9750967015675303
183	639	0.8542376454316333
169	402	0.9671153018251853
29	489	0.9750967015675303
631	420	0.9695206095350685
614	229	0.8617982495196548
591	420	0.8993614665682284
640	758	0.8542376454316333
183	642	0.8542376454316333
168	420	0.943117320690116
740	483	0.8542376454316333
51	344	0.8542376454316333
47	426	0.8669809621934619
678	155	0.9292538068786609
691	51	0.8542376454316333
462	200	0.9784095676569472
642	738	0.8542376454316333
184	635	0.9257804098179165
155	39	0.9784095676569472
687	250	0.9084444279308854
687	492	0.8542376454316333
614	237	0.8617982495196548
183	658	0.8542376454316333
450	48	0.8669809621934619
167	689	0.960933413245638
514	745	0.8818024854454927
283	39	0.885899188829319
676	83	0.8542376454316333
48	643	0.8669809621934619
236	700	0.9822293919254425
236	702	0.8542376454316333
169	426	0.8669809621934619
350	426	0.8669809621934619
457	790	0.9721623447688775
309	155	0.8993614665682284
591	678	0.9292538068786609
450	152	0.8925823832789168
130	5	0.9528603920161663
605	152	0.8925823832789168
344	301	0.8542376454316333
586	301	0.9822293919254425
169	672	0.8669809621934619
158	365	0.9924088434342437
287	109	0.8542376454316333
635	636	0.9391280350253571
403	713	0.9750967015675303
52	790	0.9441922295823377
122	702	0.9381974198067065
18	56	0.907105801645784
689	479	0.8542376454316333
167	691	0.8542376454316333
691	67	0.8542376454316333
165	241	0.8669809621934619
204	497	0.9695206095350685
642	758	0.8542376454316333
350	672	0.8669809621934619
109	700	0.9822293919254425
250	702	0.9381974198067065
636	635	0.9391280350253571
640	307	0.8861994794900651
733	56	0.907105801645784
67	5	0.8818024854454927
772	735	0.9695206095350685
122	714	0.9084444279308854
56	733	0.907105801645784
183	677	0.9822293919254425
509	623	0.8617982495196548
401	509	0.8617982495196548
593	679	0.8542376454316333
468	403	0.9750967015675303
452	154	0.9049534175061065
468	642	0.8542376454316333
196	725	0.8542376454316333
691	81	0.9543126125918334
29	450	0.8669809621934619
48	629	0.8669809621934619
694	48	0.8669809621934619
492	720	0.9671153018251853
350	450	0.8669809621934619
229	614	0.8617982495196548
290	290	0.9784095676569472
772	746	0.9695206095350685
701	701	0.9721623447688775
590	235	0.8542376454316333
278	278	0.9924088434342437
450	78	0.8669809621934619
51	301	0.8542376454316333
285	45	0.9750967015675303
344	560	0.8542376454316333
635	653	0.8861994794900651
623	121	0.8617982495196548
462	242	0.885899188829319
605	72	0.8925823832789168
467	426	0.8669809621934619
758	758	1.0
185	663	0.8669809621934619
642	774	0.9391280350253571
691	199	0.8542376454316333
758	642	0.8542376454316333
758	640	0.8542376454316333
640	449	0.9721623447688775
725	199	0.8542376454316333
158	270	0.8542376454316333
229	740	0.8542376454316333
165	48	0.8669809621934619
725	196	0.8542376454316333
167	122	0.8542376454316333
650	525	0.8542376454316333
20	180	0.8861994794900651
189	740	0.9867667939811898
26	591	0.885899188829319
344	691	0.8542376454316333
640	682	0.9867667939811898
121	623	0.8617982495196548
180	20	0.8861994794900651
51	658	0.9695206095350685
402	402	0.9822293919254425
197	614	0.8617982495196548
629	663	0.8669809621934619
593	338	0.9084444279308854
361	417	0.9695206095350685
361	659	0.9257804098179165
333	44	0.9257804098179165
361	658	0.8861994794900651
591	12	0.885899188829319
105	663	0.8669809621934619
229	509	0.8617982495196548
39	631	0.8993614665682284
631	359	0.8993614665682284
481	309	0.8993614665682284
481	546	0.9292538068786609
350	350	1.0
169	353	0.9671153018251853
229	756	0.8617982495196548
344	468	0.9750967015675303
686	197	0.8617982495196548
51	642	0.8542376454316333
803	559	0.8925823832789168
525	740	0.8542376454316333
333	152	0.8861994794900651
237	614	0.8617982495196548
640	691	0.8542376454316333
650	772	0.8542376454316333
650	540	0.9251203610611077
462	146	0.9066697402046523
643	429	0.8669809621934619
591	26	0.885899188829319
105	672	0.9232011339459666
165	165	0.9750967015675303
643	426	0.8669809621934619
241	775	0.8669809621934619
643	663	0.8669809621934619
740	84	0.8542376454316333
758	658	0.8542376454316333
586	479	0.8542376454316333
640	229	0.9867667939811898
772	658	0.8542376454316333
29	778	0.9924088434342437
772	650	0.8542376454316333
51	634	0.9924088434342437
290	95	0.9441922295823377
403	403	0.9750967015675303
402	426	0.8669809621934619
167	49	0.960933413245638
462	396	0.960933413245638
483	301	0.9084444279308854
301	702	1.0
278	81	0.8542376454316333
196	642	0.8542376454316333
250	640	0.8542376454316333
492	642	0.8542376454316333
319	183	0.9822293919254425
250	642	0.8542376454316333
525	525	1.0
344	486	0.8542376454316333
122	640	0.8542376454316333
142	805	0.960933413245638
631	39	0.8993614665682284
591	39	0.9721623447688775
338	593	0.9084444279308854
51	626	0.9695206095350685
105	209	0.9822293919254425
225	109	0.8542376454316333
350	31	0.8669809621934619
262	709	0.9322654041304157
241	554	0.8669809621934619
3	591	0.885899188829319
629	450	0.8669809621934619
507	585	0.9372898051723174
361	203	0.8861994794900651
165	185	0.8669809621934619
401	686	0.9750967015675303
593	122	0.9084444279308854
196	650	0.8542376454316333
39	602	0.885899188829319
758	677	0.9695206095350685
250	647	0.9084444279308854
738	270	0.9671153018251853
108	426	0.9784095676569472
747	133	0.8906008435475454
647	642	0.8542376454316333
756	229	0.8617982495196548
108	663	0.8669809621934619
108	664	0.9822293919254425
631	392	0.9750967015675303
344	250	0.8542376454316333
801	121	0.8617982495196548
689	83	0.8542376454316333
614	197	0.8617982495196548
385	800	0.9355416208545775
540	750	0.9750967015675303
131	509	0.9721623447688775
357	307	0.8861994794900651
197	658	0.8861994794900651
790	629	0.907105801645784
459	250	0.8542376454316333
32	672	0.8669809621934619
766	790	0.907105801645784
92	165	0.8669809621934619
468	344	0.9750967015675303
372	524	0.8861994794900651
642	468	0.8542376454316333
492	658	0.8542376454316333
758	687	0.8542376454316333
250	658	0.8542376454316333
225	595	0.8542376454316333
165	99	0.8669809621934619
44	727	0.8925823832789168
183	148	0.9822293919254425
758	691	0.8542376454316333
165	93	0.9232011339459666
635	357	0.9257804098179165
165	92	0.8669809621934619
420	631	0.9695206095350685
701	642	0.9391280350253571
524	559	0.960933413245638
96	594	0.885899188829319
108	672	0.8669809621934619
105	229	0.8669809621934619
629	229	0.8669809621934619
792	602	0.9066697402046523
640	250	0.8542376454316333
509	331	0.8617982495196548
350	47	0.9721623447688775
243	790	0.907105801645784
167	183	0.8542376454316333
32	663	0.8669809621934619
639	310	0.8542376454316333
663	629	0.8669809621934619
507	121	0.8617982495196548
642	479	0.9784095676569472
481	359	0.9591373549556257
635	13	0.8861994794900651
658	725	0.9528603920161663
225	122	0.8542376454316333
169	165	0.8669809621934619
250	432	0.9924088434342437
758	222	0.9695206095350685
350	165	0.8669809621934619
133	747	0.8906008435475454
636	357	0.8861994794900651
702	642	0.8542376454316333
701	658	0.8542376454316333
167	81	0.8542376454316333
578	69	0.8861994794900651
486	540	0.8542376454316333
199	647	0.8542376454316333
20	361	0.9257804098179165
711	733	0.907105801645784
586	270	0.8542376454316333
199	642	0.8542376454316333
344	270	0.8542376454316333
802	27	0.9049534175061065
122	676	0.8542376454316333
640	270	0.8542376454316333
350	63	0.8669809621934619
540	540	0.9750967015675303
560	701	0.9721623447688775
483	109	0.8542376454316333
629	243	0.907105801645784
468	122	0.8542376454316333
236	445	0.9822293919254425
109	676	0.8542376454316333
301	740	0.8542376454316333
169	169	0.9671153018251853
492	687	0.8542376454316333
663	643	0.8669809621934619
250	687	0.9084444279308854
642	492	0.8542376454316333
627	270	0.9084444279308854
167	199	0.9355416208545775
359	789	0.8993614665682284
108	450	0.8669809621934619
199	658	0.8542376454316333
183	167	0.8542376454316333
540	301	0.8542376454316333
524	578	0.8861994794900651
525	560	0.8542376454316333
122	687	0.9084444279308854
479	689	0.8542376454316333
509	121	0.8617982495196548
298	165	0.8669809621934619
197	686	0.8617982495196548
539	602	0.9066697402046523
631	81	0.8542376454316333
714	714	0.960933413245638
241	355	0.9721623447688775
109	445	0.9822293919254425
229	105	0.8669809621934619
712	509	0.9867667939811898
802	154	0.9372898051723174
778	402	0.8669809621934619
525	575	1.0
189	345	0.9784095676569472
761	166	0.9322654041304157
403	468	0.9750967015675303
509	131	0.9721623447688775
635	152	0.8861994794900651
225	51	0.8542376454316333
540	560	0.8542376454316333
409	642	0.9784095676569472
152	703	0.8925823832789168
115	108	0.9822293919254425
418	730	0.9924088434342437
714	725	0.8542376454316333
663	418	0.8669809621934619
250	459	0.8542376454316333
658	525	0.9299871587662552
647	459	0.8542376454316333
301	772	0.9514704439690702
185	165	0.8669809621934619
468	45	0.9750967015675303
540	329	0.9750967015675303
169	195	0.9671153018251853
420	678	0.8993614665682284
270	627	0.9084444279308854
758	250	0.8542376454316333
595	51	0.8542376454316333
122	468	0.8542376454316333
189	112	0.9867667939811898
409	409	0.9784095676569472
183	189	0.8542376454316333
540	568	0.9750967015675303
108	474	0.8669809621934619
183	183	0.9822293919254425
122	465	0.9721623447688775
225	55	0.8542376454316333
359	330	0.8993614665682284
650	141	0.8542376454316333
127	657	0.885899188829319
242	127	0.885899188829319
152	716	0.8925823832789168
115	115	0.9924088434342437
236	236	0.9822293919254425
109	225	0.8542376454316333
372	333	0.8861994794900651
486	109	0.8542376454316333
382	420	0.8993614665682284
310	639	0.8542376454316333
301	540	0.8542376454316333
663	674	0.8669809621934619
663	672	0.8669809621934619
657	789	0.9514704439690702
778	426	0.8669809621934619
338	81	0.9084444279308854
122	479	0.8542376454316333
357	13	0.8861994794900651
778	663	0.9514704439690702
486	344	0.8542376454316333
701	695	0.9721623447688775
237	229	0.8617982495196548
792	657	0.885899188829319
241	32	0.9721623447688775
199	691	0.8542376454316333
81	270	0.9084444279308854
653	13	0.9750967015675303
402	269	0.9822293919254425
792	421	0.9066697402046523
544	539	0.9066697402046523
524	372	0.8861994794900651
509	150	0.8617982495196548
152	727	0.8925823832789168
686	801	0.8617982495196548
131	331	0.8617982495196548
241	386	0.9721623447688775
629	281	0.8669809621934619
301	301	1.0
141	650	0.8542376454316333
109	236	0.9822293919254425
653	357	0.8861994794900651
764	154	0.9049534175061065
357	361	0.9257804098179165
109	479	0.8542376454316333
150	509	0.8617982495196548
196	250	0.9381974198067065
663	204	0.8669809621934619
109	486	0.8542376454316333
129	409	0.8542376454316333
241	48	0.8669809621934619
420	698	0.8993614665682284
270	647	0.9671153018251853
71	81	0.9084444279308854
109	483	0.8542376454316333
140	672	0.9543126125918334
672	778	0.8669809621934619
758	270	0.8542376454316333
525	122	0.8542376454316333
778	672	0.8669809621934619
657	792	0.885899188829319
385	642	0.8542376454316333
635	184	0.9257804098179165
540	595	0.8542376454316333
121	268	0.8617982495196548
691	714	0.960933413245638
67	270	0.8542376454316333
372	357	0.8861994794900651
125	217	0.9066697402046523
790	457	0.9721623447688775
479	483	0.8542376454316333
357	372	0.8861994794900651
83	483	0.8542376454316333
236	253	0.9822293919254425
559	803	0.8925823832789168
658	307	0.9750967015675303
372	361	0.8861994794900651
310	658	0.8542376454316333
125	462	0.9066697402046523
321	727	0.9784095676569472
270	658	0.8542376454316333
109	253	0.9822293919254425
663	450	0.8669809621934619
492	492	0.9671153018251853
133	327	0.8906008435475454
250	250	0.9924088434342437
594	96	0.885899188829319
560	525	0.8542376454316333
81	250	0.9084444279308854
142	429	0.8669809621934619
417	307	0.8861994794900651
241	165	0.8669809621934619
676	740	0.8542376454316333
659	307	0.8861994794900651
403	270	0.8542376454316333
142	663	0.8669809621934619
544	792	0.9066697402046523
413	590	0.8542376454316333
775	241	0.8669809621934619
141	432	0.9924088434342437
236	270	0.8542376454316333
702	236	0.8542376454316333
421	462	0.9066697402046523
196	270	0.9084444279308854
13	653	0.9750967015675303
425	658	0.8542376454316333
281	730	0.9232011339459666
83	229	0.9364037194218137
426	643	0.8669809621934619
647	250	0.9084444279308854
241	63	0.8669809621934619
468	81	0.8542376454316333
682	635	0.8861994794900651
357	44	0.9257804098179165
778	450	0.8669809621934619
385	658	0.8542376454316333
122	275	1.0
127	217	0.9066697402046523
413	365	0.9924088434342437
560	535	0.9721623447688775
122	270	0.9084444279308854
710	344	0.9299871587662552
704	217	0.9066697402046523
152	518	0.8925823832789168
243	151	0.907105801645784
560	772	0.8542376454316333
142	672	0.8669809621934619
142	674	0.960933413245638
372	136	0.8861994794900651
402	292	0.9822293919254425
525	51	0.8542376454316333
141	691	0.9084444279308854
524	69	0.8925823832789168
310	679	0.9391280350253571
658	333	0.8861994794900651
563	740	0.8542376454316333
657	589	0.885899188829319
492	270	0.8542376454316333
250	270	0.9084444279308854
733	711	0.907105801645784
450	727	0.8925823832789168
420	481	0.8993614665682284
309	728	0.8993614665682284
650	196	0.8542376454316333
483	83	0.8542376454316333
556	633	0.885899188829319
259	650	0.9750967015675303
450	730	0.8669809621934619
676	525	0.8542376454316333
229	69	0.9867667939811898
199	250	0.8542376454316333
199	492	0.9671153018251853
301	109	0.9514704439690702
560	540	0.8542376454316333
422	229	0.8669809621934619
127	462	0.9066697402046523
301	344	0.8542376454316333
301	586	0.9822293919254425
734	709	0.8617982495196548
241	185	0.8669809621934619
704	462	0.9066697402046523
790	243	0.907105801645784
109	287	0.8542376454316333
426	429	0.8669809621934619
301	593	0.9084444279308854
718	509	0.8617982495196548
718	507	0.8617982495196548
83	689	0.8542376454316333
13	635	0.8861994794900651
702	250	0.9381974198067065
409	229	0.8542376454316333
647	270	0.9671153018251853
359	155	0.8993614665682284
285	713	0.9750967015675303
270	691	0.9084444279308854
189	183	0.8542376454316333
479	287	0.8542376454316333
691	758	0.8542376454316333
560	310	0.9391280350253571
142	450	0.8669809621934619
72	372	0.9314931981082346
301	483	0.9084444279308854
418	450	0.8669809621934619
559	730	0.8669809621934619
150	686	0.8617982495196548
403	81	0.8542376454316333
450	629	0.8669809621934619
420	382	0.8993614665682284
196	81	0.9084444279308854
421	39	0.885899188829319
309	631	0.9695206095350685
409	122	0.8542376454316333
620	605	0.8925823832789168
560	687	0.8542376454316333
307	659	0.8861994794900651
307	417	0.8861994794900651
152	666	0.9410657790124547
307	658	0.9750967015675303
663	32	0.8669809621934619
605	620	0.8925823832789168
698	3	0.885899188829319
691	640	0.8542376454316333
99	5	0.8818024854454927
81	338	0.9084444279308854
714	687	0.960933413245638
413	270	0.8542376454316333
199	51	0.8542376454316333
196	196	0.9822293919254425
122	83	0.8542376454316333
701	62	0.9721623447688775
108	92	0.9420774287874426
83	301	0.9514704439690702
548	676	0.8542376454316333
785	250	0.9084444279308854
714	691	0.960933413245638
663	142	0.8669809621934619
48	165	0.8669809621934619
409	129	0.8542376454316333
546	698	0.9292538068786609
122	196	0.9381974198067065
204	732	0.9695206095350685
790	52	0.9441922295823377
663	48	0.9514704439690702
691	658	0.8542376454316333
560	695	0.9721623447688775
676	676	0.9528603920161663
539	589	0.9066697402046523
725	525	0.9299871587662552
196	199	0.8542376454316333
560	691	0.8542376454316333
250	81	0.9084444279308854
647	81	0.9084444279308854
331	509	0.8617982495196548
744	709	0.8617982495196548
250	196	0.9381974198067065
740	750	0.9251203610611077
492	199	0.9671153018251853
703	152	0.8925823832789168
250	199	0.8542376454316333
462	704	0.9066697402046523
420	168	0.943117320690116
396	657	0.885899188829319
199	167	0.9355416208545775
790	56	0.907105801645784
668	330	0.8669809621934619
678	420	0.8993614665682284
450	418	0.8669809621934619
687	758	0.8542376454316333
141	141	0.9924088434342437
152	450	0.8925823832789168
559	524	0.960933413245638
301	270	0.9084444279308854
728	509	0.8617982495196548
647	199	0.8542376454316333
728	507	0.8617982495196548
204	504	0.9695206095350685
270	122	0.9084444279308854
48	142	0.8669809621934619
204	749	0.9695206095350685
732	426	0.8669809621934619
450	426	0.8669809621934619
39	283	0.885899188829319
792	396	0.9066697402046523
546	481	0.9292538068786609
450	663	0.8669809621934619
309	420	0.9695206095350685
740	525	0.8542376454316333
702	81	0.9084444279308854
730	450	0.8669809621934619
558	309	0.8993614665682284
554	350	0.8669809621934619
84	740	0.8542376454316333
63	350	0.8669809621934619
423	48	0.8669809621934619
29	99	0.9514704439690702
199	189	0.9251203610611077
702	183	0.8542376454316333
778	165	0.8669809621934619
69	524	0.8925823832789168
199	196	0.8542376454316333
270	141	0.9084444279308854
199	199	0.9671153018251853
141	55	0.9381974198067065
676	229	0.8542376454316333
285	403	0.9750967015675303
319	758	0.9695206095350685
631	714	0.8542376454316333
450	672	0.8669809621934619
676	225	0.8542376454316333
691	687	0.960933413245638
740	536	0.8542376454316333
691	691	1.0
183	702	0.8542376454316333
142	48	0.8669809621934619
151	243	0.907105801645784
702	199	0.8542376454316333
165	518	0.8669809621934619
155	678	0.9292538068786609
663	185	0.8669809621934619
602	462	0.960933413245638
204	775	0.9695206095350685
385	385	0.9924088434342437
154	452	0.9049534175061065
350	715	0.8669809621934619
290	797	0.9441922295823377
620	658	0.8861994794900651
666	152	0.9410657790124547
737	620	0.8841119256502336
158	642	0.8542376454316333
620	413	0.8925823832789168
429	330	0.8669809621934619
709	117	0.8617982495196548
560	492	0.8542376454316333
560	250	0.8542376454316333
51	270	0.8542376454316333
694	429	0.8669809621934619
694	426	0.8669809621934619
396	462	0.960933413245638
127	80	0.885899188829319
663	99	0.9822293919254425
142	165	0.8669809621934619
158	658	0.8542376454316333
81	752	0.9543126125918334
676	486	0.8542376454316333
158	413	0.9924088434342437
55	225	0.8542376454316333
725	344	0.9299871587662552
605	450	0.8925823832789168
560	270	0.8542376454316333
740	563	0.8542376454316333
614	541	0.8617982495196548
559	321	0.8925823832789168
278	553	0.9750967015675303
72	658	0.8861994794900651
728	309	0.8993614665682284
29	63	0.9750967015675303
166	761	0.9322654041304157
165	778	0.8669809621934619
141	81	0.9084444279308854
330	330	1.0
225	700	1.0
426	48	0.8669809621934619
426	47	0.8669809621934619
270	67	0.8542376454316333
29	165	0.8669809621934619
278	318	0.9924088434342437
687	560	0.8542376454316333
631	740	0.8542376454316333
81	738	0.9084444279308854
425	62	0.9721623447688775
283	462	0.9066697402046523
278	321	0.9924088434342437
270	71	0.9671153018251853
745	514	0.8818024854454927
5	99	0.8818024854454927
225	710	0.9528603920161663
738	642	0.8542376454316333
319	319	0.9822293919254425
48	328	0.8669809621934619
141	199	0.8542376454316333
333	307	0.8861994794900651
5	197	0.9528603920161663
620	450	0.8925823832789168
740	344	0.8542376454316333
270	81	0.9084444279308854
129	83	0.8542376454316333
462	539	0.9066697402046523
772	2	0.9695206095350685
385	75	0.9924088434342437
507	718	0.8617982495196548
298	730	0.8669809621934619
225	725	0.9528603920161663
578	524	0.8861994794900651
270	196	0.9084444279308854
462	544	0.9066697402046523
330	350	0.9721623447688775
691	259	0.8542376454316333
676	278	0.9528603920161663
737	420	0.8993614665682284
71	642	0.8542376454316333
55	676	0.8542376454316333
309	481	0.8993614665682284
81	714	0.9543126125918334
631	771	1.0
509	709	0.8617982495196548
429	142	0.8669809621934619
801	507	0.9372898051723174
270	98	0.9671153018251853
183	758	0.9695206095350685
801	509	0.8617982495196548
740	354	0.8542376454316333
158	691	0.8542376454316333
507	728	0.8617982495196548
330	359	0.8993614665682284
121	801	0.8617982495196548
468	713	0.9750967015675303
29	29	0.9924088434342437
165	330	0.8669809621934619
285	468	0.9750967015675303
385	199	0.9355416208545775
620	229	0.8861994794900651
698	420	0.8993614665682284
801	744	0.8617982495196548
426	78	0.9420774287874426
44	357	0.9257804098179165
459	639	0.8542376454316333
631	781	0.9750967015675303
344	403	0.9750967015675303
509	718	0.8617982495196548
686	131	0.8617982495196548
725	385	0.8542376454316333
691	270	0.9084444279308854
650	714	0.8542376454316333
730	281	0.9232011339459666
344	640	0.8542376454316333
429	48	0.8669809621934619
509	712	0.9867667939811898
51	225	0.8542376454316333
321	278	0.9924088434342437
51	229	0.8542376454316333
197	5	0.9528603920161663
5	67	0.8818024854454927
165	105	0.9232011339459666
631	309	0.9695206095350685
350	775	0.8669809621934619
225	740	0.8542376454316333
158	229	0.9822293919254425
586	409	0.8542376454316333
203	361	0.8861994794900651
687	122	0.9084444279308854
691	278	0.8542376454316333
81	702	0.9084444279308854
631	301	0.8542376454316333
725	158	0.8542376454316333
730	298	0.8669809621934619
51	691	0.8542376454316333
509	728	0.8617982495196548
426	91	0.8669809621934619
591	792	0.885899188829319
459	647	0.8542376454316333
640	642	0.8542376454316333
72	605	0.8925823832789168
640	640	0.9867667939811898
259	81	0.8542376454316333
507	509	0.8617982495196548
167	560	0.8542376454316333
623	686	0.8617982495196548
29	14	0.9924088434342437
331	131	0.8617982495196548
753	426	0.8669809621934619
507	754	0.8617982495196548
642	627	0.8542376454316333
99	165	0.8669809621934619
169	305	0.9671153018251853
586	419	0.9822293919254425
165	350	0.8669809621934619
627	642	0.8542376454316333
426	99	0.8669809621934619
429	165	0.8669809621934619
44	333	0.9257804098179165
330	47	0.9721623447688775
640	658	0.8861994794900651
167	577	0.960933413245638
686	150	0.8617982495196548
354	740	0.8542376454316333
238	5	0.9322654041304157
287	225	0.8542376454316333
165	120	0.9750967015675303
593	301	0.9084444279308854
225	525	0.9299871587662552
330	155	0.8993614665682284
39	420	0.8993614665682284
39	421	0.885899188829319
642	631	0.8542376454316333
350	554	0.8669809621934619
642	640	0.8542376454316333
344	676	0.8542376454316333
189	725	0.8542376454316333
525	713	0.960933413245638
509	507	0.8617982495196548
290	59	0.9784095676569472
287	479	0.8542376454316333
62	740	0.8542376454316333
317	152	0.8861994794900651
727	44	0.8925823832789168
333	361	0.9628480994100669
633	556	0.885899188829319
330	165	0.8669809621934619
642	409	0.9784095676569472
350	328	1.0
642	647	0.8542376454316333
483	740	0.8542376454316333
740	51	0.8542376454316333
165	29	0.8669809621934619
727	152	0.8925823832789168
183	319	0.9822293919254425
642	642	1.0
225	771	0.9528603920161663
5	130	0.9528603920161663
117	709	0.8617982495196548
525	726	0.9822293919254425
725	189	0.8542376454316333
525	725	0.9299871587662552
204	48	0.8669809621934619
298	559	0.8669809621934619
333	372	0.8861994794900651
20	197	0.9257804098179165
462	125	0.9066697402046523
595	540	0.8542376454316333
589	657	0.885899188829319
99	29	0.9514704439690702
462	127	0.9066697402046523
319	148	0.9822293919254425
740	62	0.8542376454316333
361	640	0.8861994794900651
225	540	0.8542376454316333
