357	653	0.8861994794900651
105	570	0.9822293919254425
241	672	0.8669809621934619
33	33	0.9822293919254425
158	81	0.8542376454316333
698	155	0.9649003276400825
790	733	0.907105801645784
758	319	0.9695206095350685
225	225	1.0
462	283	0.9066697402046523
48	643	0.8669809621934619
141	702	0.9381974198067065
229	413	0.9867667939811898
250	525	0.8542376454316333
661	509	0.8617982495196548
541	614	0.8617982495196548
420	737	0.8993614665682284
758	310	0.8542376454316333
122	525	0.8542376454316333
167	278	0.8542376454316333
772	301	0.9514704439690702
590	274	0.9721623447688775
199	738	0.8542376454316333
167	270	0.8542376454316333
241	426	0.8669809621934619
585	372	0.8861994794900651
242	657	0.9649003276400825
459	590	0.9671153018251853
185	213	0.9695206095350685
492	758	0.8542376454316333
653	636	0.8861994794900651
653	635	0.8861994794900651
702	725	0.8542376454316333
229	645	0.9867667939811898
420	728	0.8993614665682284
32	386	0.9721623447688775
642	560	0.9391280350253571
623	44	0.8617982495196548
350	485	0.9721623447688775
642	320	1.0
199	720	0.9671153018251853
39	545	0.9514704439690702
229	640	0.9867667939811898
189	642	0.8542376454316333
640	344	0.8542376454316333
199	725	0.8542376454316333
402	778	0.8669809621934619
509	661	0.8617982495196548
697	48	0.8669809621934619
357	636	0.8861994794900651
635	682	0.8861994794900651
158	69	0.9591373549556257
18	56	0.907105801645784
197	509	0.8617982495196548
52	790	0.9441922295823377
122	750	0.8542376454316333
241	450	0.8669809621934619
344	45	0.9750967015675303
141	725	0.8542376454316333
372	417	0.8861994794900651
48	663	0.9514704439690702
372	658	0.8861994794900651
48	423	0.8669809621934619
250	785	0.9084444279308854
48	426	0.8669809621934619
229	676	0.8542376454316333
225	483	0.8542376454316333
48	429	0.8669809621934619
109	301	0.9514704439690702
287	83	0.8542376454316333
270	702	0.9084444279308854
32	165	0.8669809621934619
531	790	0.907105801645784
650	216	0.9750967015675303
105	105	0.9822293919254425
585	152	0.8925823832789168
772	560	0.8542376454316333
51	595	0.8542376454316333
640	372	0.8861994794900651
122	540	0.8542376454316333
115	663	0.8669809621934619
217	26	0.9784095676569472
115	664	0.9924088434342437
586	33	0.9822293919254425
196	302	0.9822293919254425
115	426	0.9784095676569472
229	426	0.8669809621934619
47	429	0.8669809621934619
158	199	0.8542376454316333
361	333	0.9628480994100669
372	640	0.8861994794900651
474	108	0.8669809621934619
631	270	0.8542376454316333
635	229	0.8861994794900651
657	602	0.885899188829319
509	686	0.8617982495196548
595	225	0.8542376454316333
229	422	0.8669809621934619
29	489	0.9750967015675303
357	659	0.960933413245638
525	650	0.8542376454316333
640	361	0.8861994794900651
413	620	0.8925823832789168
183	250	0.8542376454316333
359	631	0.8993614665682284
242	462	0.885899188829319
738	199	0.8542376454316333
196	338	0.9822293919254425
357	214	0.9924088434342437
39	591	0.9721623447688775
790	531	0.907105801645784
593	284	0.8542376454316333
261	635	0.9391280350253571
141	740	0.8542376454316333
301	631	0.8542376454316333
492	560	0.8542376454316333
658	620	0.8861994794900651
39	359	0.8993614665682284
250	560	0.8542376454316333
51	11	0.9924088434342437
701	301	0.8542376454316333
122	560	0.8542376454316333
359	420	0.8993614665682284
640	152	0.8861994794900651
189	691	0.8542376454316333
524	450	0.8925823832789168
242	217	0.885899188829319
738	81	0.9084444279308854
413	413	1.0
409	740	0.8542376454316333
483	225	0.8542376454316333
640	44	0.8861994794900651
33	84	0.9514704439690702
790	766	0.907105801645784
196	560	0.8542376454316333
344	158	0.8542376454316333
738	183	0.8542376454316333
229	682	0.9867667939811898
701	535	0.9721623447688775
540	658	0.8542376454316333
199	525	0.8542376454316333
229	686	0.8617982495196548
270	714	0.9084444279308854
189	689	0.9867667939811898
425	701	0.9721623447688775
536	740	0.8542376454316333
540	650	0.9251203610611077
479	301	0.8542376454316333
183	270	0.8542376454316333
413	645	1.0
109	109	0.9822293919254425
642	51	0.8542376454316333
479	586	0.8542376454316333
225	287	0.8542376454316333
142	753	0.960933413245638
586	83	0.9514704439690702
586	84	0.9514704439690702
450	5	0.9867667939811898
492	588	0.9671153018251853
108	115	0.9822293919254425
229	237	0.8617982495196548
229	479	0.8542376454316333
344	81	0.8542376454316333
629	48	0.8669809621934619
105	41	0.9822293919254425
658	640	0.8861994794900651
154	802	0.9372898051723174
270	740	0.8542376454316333
650	259	0.9750967015675303
525	225	0.9299871587662552
701	560	0.9721623447688775
55	109	0.8542376454316333
236	109	0.9822293919254425
357	229	0.8861994794900651
225	278	0.8542376454316333
48	450	0.8669809621934619
235	117	0.8617982495196548
301	409	0.8542376454316333
48	697	0.8669809621934619
185	273	0.9695206095350685
420	309	0.9695206095350685
361	372	0.8861994794900651
270	739	0.9671153018251853
270	738	0.9671153018251853
459	67	0.9750967015675303
108	108	0.9822293919254425
385	725	0.8542376454316333
235	590	0.8542376454316333
105	36	0.9822293919254425
81	627	0.9543126125918334
403	344	0.9750967015675303
635	261	0.9391280350253571
39	26	0.885899188829319
639	459	0.8542376454316333
642	71	0.8542376454316333
48	241	0.8669809621934619
147	710	1.0
725	702	0.8542376454316333
659	658	0.8861994794900651
725	700	0.9528603920161663
643	165	0.8669809621934619
109	122	0.8542376454316333
709	734	0.8617982495196548
790	574	0.9441922295823377
301	676	0.8542376454316333
241	272	0.9721623447688775
672	418	0.9232011339459666
420	330	0.9695206095350685
540	225	0.8542376454316333
640	199	0.8542376454316333
51	51	0.9924088434342437
385	750	0.9355416208545775
540	466	0.9750967015675303
122	122	1.0
792	544	0.9066697402046523
650	274	0.9750967015675303
409	301	0.8542376454316333
627	81	0.9543126125918334
147	700	0.9528603920161663
241	263	0.9721623447688775
197	357	0.9257804098179165
152	605	0.8925823832789168
105	165	0.9232011339459666
714	627	0.960933413245638
658	659	0.8861994794900651
310	758	0.8542376454316333
109	595	0.8542376454316333
196	122	0.9381974198067065
426	732	0.8669809621934619
421	792	0.9066697402046523
792	539	0.9066697402046523
270	758	0.8542376454316333
672	643	0.8669809621934619
643	48	0.8669809621934619
122	593	0.9084444279308854
640	183	0.8542376454316333
479	109	0.8542376454316333
409	774	0.9391280350253571
418	426	0.8669809621934619
518	152	0.8925823832789168
714	658	0.8542376454316333
418	663	0.8669809621934619
674	418	0.8669809621934619
152	635	0.8861994794900651
725	725	1.0
714	650	0.8542376454316333
196	397	0.9822293919254425
270	301	0.9084444279308854
420	359	0.8993614665682284
425	535	0.9721623447688775
281	614	0.8617982495196548
56	18	0.907105801645784
250	141	0.9924088434342437
430	672	0.8669809621934619
189	270	0.8542376454316333
672	430	0.8669809621934619
420	591	0.8993614665682284
540	486	0.8542376454316333
142	788	0.960933413245638
525	264	0.9822293919254425
409	320	0.9784095676569472
136	658	0.8861994794900651
560	642	0.9391280350253571
152	620	0.8925823832789168
638	278	0.9750967015675303
361	72	0.8861994794900651
147	725	0.9528603920161663
136	417	0.9750967015675303
642	81	0.8542376454316333
790	105	0.907105801645784
709	744	0.8617982495196548
403	45	0.9750967015675303
725	710	0.9528603920161663
663	330	0.8669809621934619
734	801	0.8617982495196548
199	588	0.9671153018251853
672	668	0.8669809621934619
492	370	0.9671153018251853
426	753	0.8669809621934619
479	129	0.8542376454316333
259	742	0.9750967015675303
672	663	0.8669809621934619
63	241	0.8669809621934619
117	235	0.8617982495196548
525	250	0.8542376454316333
235	81	0.9084444279308854
450	620	0.8925823832789168
301	479	0.8542376454316333
152	659	0.8861994794900651
152	417	0.8861994794900651
420	39	0.8993614665682284
152	658	0.960933413245638
81	691	0.9543126125918334
307	640	0.8861994794900651
544	462	0.9066697402046523
278	714	0.8542376454316333
772	81	0.9084444279308854
492	167	0.9355416208545775
72	361	0.8861994794900651
409	109	0.8542376454316333
109	55	0.8542376454316333
672	694	0.9543126125918334
792	589	0.9488603104437267
48	290	0.8669809621934619
310	560	0.9391280350253571
409	586	0.8542376454316333
136	437	0.9750967015675303
250	51	0.8542376454316333
725	738	0.8542376454316333
691	627	0.960933413245638
758	81	0.8542376454316333
418	674	0.8669809621934619
250	55	0.9381974198067065
199	370	0.9671153018251853
518	165	0.8669809621934619
539	792	0.9066697402046523
281	629	0.8669809621934619
418	672	0.9232011339459666
152	640	0.8861994794900651
647	148	0.8542376454316333
674	663	0.8669809621934619
108	165	0.8669809621934619
426	778	0.8669809621934619
789	657	0.9514704439690702
450	605	0.8925823832789168
142	799	0.960933413245638
525	270	0.8542376454316333
196	55	0.9822293919254425
13	635	0.8861994794900651
691	658	0.8542376454316333
333	717	0.9671153018251853
250	81	0.9084444279308854
109	83	0.9514704439690702
492	81	0.8542376454316333
560	695	0.9721623447688775
539	589	0.9066697402046523
196	196	0.9822293919254425
647	71	1.0
147	771	0.9528603920161663
725	523	1.0
560	691	0.8542376454316333
548	676	0.8542376454316333
108	92	0.9420774287874426
701	62	0.9721623447688775
196	199	0.8542376454316333
81	235	0.9084444279308854
785	250	0.9084444279308854
714	691	0.960933413245638
122	81	0.9084444279308854
420	155	0.8993614665682284
122	83	0.8542376454316333
421	39	0.885899188829319
546	698	0.9292538068786609
409	129	0.8542376454316333
686	509	0.8617982495196548
152	666	0.9410657790124547
262	238	0.9867667939811898
620	605	0.8925823832789168
691	647	0.9084444279308854
663	32	0.8669809621934619
307	658	0.9750967015675303
605	620	0.8925823832789168
196	81	0.9084444279308854
691	642	0.8542376454316333
309	631	0.9695206095350685
698	3	0.885899188829319
691	403	0.8542376454316333
714	687	0.960933413245638
418	450	0.8669809621934619
301	483	0.9084444279308854
691	640	0.8542376454316333
413	270	0.8542376454316333
602	657	0.885899188829319
559	730	0.8669809621934619
72	372	0.9314931981082346
150	686	0.8617982495196548
136	690	0.9750967015675303
672	467	0.8669809621934619
663	29	0.9514704439690702
199	385	0.9355416208545775
420	382	0.8993614665682284
657	242	0.9649003276400825
83	689	0.8542376454316333
425	560	0.9721623447688775
248	152	0.8925823832789168
278	638	0.9750967015675303
96	633	0.885899188829319
396	792	0.9066697402046523
740	409	0.8542376454316333
321	318	0.9924088434342437
321	559	0.8925823832789168
20	658	0.8861994794900651
321	553	0.9784095676569472
540	81	0.8542376454316333
714	593	0.960933413245638
78	450	0.8669809621934619
417	372	0.8861994794900651
48	91	0.8669809621934619
426	467	0.8669809621934619
259	216	0.9750967015675303
657	396	0.885899188829319
450	778	0.8669809621934619
429	426	0.8669809621934619
259	691	0.8542376454316333
725	658	0.9528603920161663
730	559	0.8669809621934619
317	635	0.960933413245638
141	250	0.9924088434342437
81	122	0.9084444279308854
554	450	0.8925823832789168
433	330	0.8669809621934619
27	802	0.9049534175061065
417	361	0.9695206095350685
658	136	0.8861994794900651
659	361	0.9257804098179165
658	372	0.8861994794900651
657	146	0.885899188829319
426	213	0.9420774287874426
129	479	0.8542376454316333
83	586	0.9514704439690702
115	92	0.9420774287874426
148	647	0.8542376454316333
357	92	0.960933413245638
525	199	0.8542376454316333
450	524	0.8925823832789168
385	469	0.9924088434342437
83	109	0.9514704439690702
556	462	0.885899188829319
319	642	0.8542376454316333
733	790	0.907105801645784
330	672	0.8669809621934619
609	507	0.8617982495196548
429	694	0.8669809621934619
554	241	0.8669809621934619
330	429	0.8669809621934619
417	152	0.8861994794900651
659	152	0.8861994794900651
146	462	0.9066697402046523
413	90	1.0
309	558	0.8993614665682284
738	725	0.8542376454316333
330	663	0.8669809621934619
330	420	0.9695206095350685
676	109	0.8542376454316333
330	668	0.8669809621934619
330	426	0.8669809621934619
450	554	0.8925823832789168
560	122	0.8542376454316333
676	344	0.8542376454316333
429	204	0.9591373549556257
307	333	0.8861994794900651
81	141	0.9084444279308854
136	372	0.8861994794900651
152	585	0.8925823832789168
691	560	0.8542376454316333
545	39	0.9514704439690702
321	321	0.9924088434342437
658	152	0.960933413245638
278	640	0.8542376454316333
141	270	0.9084444279308854
83	122	0.8542376454316333
270	250	0.9084444279308854
462	602	0.960933413245638
83	129	0.8542376454316333
672	140	0.9543126125918334
678	591	0.9292538068786609
204	672	0.8669809621934619
672	78	0.8669809621934619
418	165	0.9232011339459666
278	676	0.9528603920161663
333	658	0.8861994794900651
691	593	0.960933413245638
12	591	0.885899188829319
321	595	0.8542376454316333
165	418	0.9232011339459666
658	180	0.8861994794900651
259	259	0.9750967015675303
502	633	0.9066697402046523
728	420	0.8993614665682284
204	429	0.9591373549556257
389	229	0.8617982495196548
385	270	0.8542376454316333
631	617	0.9750967015675303
676	122	0.8542376454316333
301	83	0.9514704439690702
344	710	0.9299871587662552
217	704	0.9066697402046523
81	71	0.9084444279308854
136	152	0.8861994794900651
344	713	0.9750967015675303
307	357	0.8861994794900651
740	676	0.8542376454316333
623	509	0.8617982495196548
200	462	0.9784095676569472
330	433	0.8669809621934619
165	643	0.8669809621934619
678	330	0.8993614665682284
330	678	0.8993614665682284
672	165	0.9232011339459666
13	357	0.8861994794900651
165	682	0.9232011339459666
165	440	0.9750967015675303
716	152	0.8925823832789168
81	196	0.9084444279308854
344	740	0.8542376454316333
167	658	0.8542376454316333
631	642	0.8542376454316333
590	413	0.8542376454316333
586	740	0.8542376454316333
333	437	0.9671153018251853
672	99	0.8669809621934619
155	359	0.8993614665682284
99	663	0.9822293919254425
167	650	0.9251203610611077
147	250	0.8542376454316333
136	184	0.9750967015675303
99	426	0.8669809621934619
590	650	0.9721623447688775
672	91	0.8669809621934619
679	593	0.8542376454316333
560	62	0.9721623447688775
350	629	0.9721623447688775
165	674	0.8669809621934619
287	301	0.9084444279308854
180	658	0.8861994794900651
319	677	0.9822293919254425
259	274	0.9750967015675303
727	450	0.8925823832789168
165	672	0.9232011339459666
686	229	0.8617982495196548
642	702	0.8542376454316333
560	167	0.8542376454316333
585	507	0.9372898051723174
268	121	0.8617982495196548
631	631	1.0
674	165	0.8669809621934619
709	262	0.9322654041304157
509	801	0.8617982495196548
321	122	0.8542376454316333
165	429	0.8669809621934619
165	663	0.8669809621934619
642	738	0.8542376454316333
51	725	0.8542376454316333
614	229	0.8617982495196548
183	647	0.8542376454316333
631	420	0.9695206095350685
560	196	0.8542376454316333
714	199	0.8542376454316333
591	420	0.8993614665682284
459	517	0.9750967015675303
184	635	0.9257804098179165
3	698	0.885899188829319
158	344	0.8542376454316333
333	690	0.9671153018251853
740	483	0.8542376454316333
33	301	0.9822293919254425
317	246	1.0
183	642	0.8542376454316333
168	420	0.943117320690116
183	640	0.8542376454316333
165	456	0.9750967015675303
169	402	0.9671153018251853
698	546	0.9292538068786609
714	81	0.9543126125918334
330	485	0.9721623447688775
165	694	0.9232011339459666
284	593	0.8542376454316333
560	183	0.8542376454316333
278	225	0.8542376454316333
183	639	0.8542376454316333
740	479	0.8542376454316333
691	141	0.9084444279308854
99	672	0.8669809621934619
450	27	0.8925823832789168
754	507	0.8617982495196548
507	609	0.8617982495196548
676	55	0.8542376454316333
401	709	0.8617982495196548
642	758	0.8542376454316333
250	702	0.9381974198067065
204	497	0.9695206095350685
5	450	0.9867667939811898
169	672	0.8669809621934619
158	122	0.8542376454316333
344	301	0.8542376454316333
109	700	0.9822293919254425
586	301	0.9822293919254425
605	152	0.8925823832789168
350	672	0.8669809621934619
158	365	0.9924088434342437
122	702	0.9381974198067065
287	109	0.8542376454316333
403	713	0.9750967015675303
462	217	0.9784095676569472
689	479	0.8542376454316333
236	702	0.8542376454316333
167	691	0.8542376454316333
169	426	0.8669809621934619
130	5	0.9528603920161663
236	700	0.9822293919254425
457	790	0.9721623447688775
350	426	0.8669809621934619
687	250	0.9084444279308854
687	492	0.8542376454316333
591	678	0.9292538068786609
450	152	0.8925823832789168
614	237	0.8617982495196548
620	361	0.8861994794900651
514	745	0.8818024854454927
121	709	0.8617982495196548
167	689	0.960933413245638
44	623	0.8617982495196548
450	48	0.8669809621934619
462	200	0.9784095676569472
691	51	0.8542376454316333
51	740	0.8542376454316333
283	39	0.885899188829319
5	238	0.9322654041304157
462	242	0.885899188829319
51	525	0.8542376454316333
467	426	0.8669809621934619
27	450	0.8925823832789168
758	758	1.0
492	720	0.9671153018251853
278	278	0.9924088434342437
642	774	0.9391280350253571
32	355	0.9721623447688775
185	663	0.8669809621934619
620	152	0.8925823832789168
229	614	0.8617982495196548
691	196	0.9084444279308854
450	78	0.8669809621934619
33	586	0.9822293919254425
590	235	0.8542376454316333
29	672	0.8669809621934619
333	490	0.9671153018251853
701	701	0.9721623447688775
750	122	0.8542376454316333
26	217	0.9784095676569472
635	653	0.8861994794900651
468	642	0.8542376454316333
593	679	0.8542376454316333
452	154	0.9049534175061065
737	117	0.8617982495196548
691	81	0.9543126125918334
250	714	0.9084444279308854
492	714	0.8542376454316333
183	677	0.9822293919254425
733	56	0.907105801645784
640	307	0.8861994794900651
44	640	0.8861994794900651
29	663	0.9514704439690702
740	270	0.8542376454316333
509	623	0.8617982495196548
401	509	0.8617982495196548
29	426	0.8669809621934619
155	168	0.8993614665682284
502	462	0.960933413245638
589	792	0.9488603104437267
105	790	0.907105801645784
629	790	0.907105801645784
479	740	0.8542376454316333
357	635	0.9257804098179165
647	739	0.9671153018251853
229	635	0.8861994794900651
41	229	0.8669809621934619
185	681	0.9695206095350685
647	738	0.9671153018251853
243	629	0.907105801645784
344	344	0.9750967015675303
653	620	0.9314931981082346
586	586	0.9822293919254425
48	629	0.8669809621934619
758	530	1.0
29	450	0.8669809621934619
122	506	0.9721623447688775
199	714	0.8542376454316333
650	650	1.0
56	733	0.907105801645784
614	281	0.8617982495196548
122	740	0.8542376454316333
167	492	0.9355416208545775
167	250	0.8542376454316333
467	672	0.8669809621934619
450	197	0.9381974198067065
67	5	0.8818024854454927
32	32	0.9721623447688775
319	270	0.8542376454316333
158	158	0.9924088434342437
481	420	0.8993614665682284
185	672	0.8669809621934619
121	507	0.8617982495196548
559	298	0.8669809621934619
801	686	0.8617982495196548
636	653	0.8861994794900651
509	401	0.8617982495196548
121	509	0.8617982495196548
199	702	0.8542376454316333
167	488	0.960933413245638
650	640	0.8542376454316333
459	560	0.8542376454316333
650	642	0.8542376454316333
589	539	0.9066697402046523
605	72	0.8925823832789168
327	133	0.8906008435475454
623	121	0.8617982495196548
694	165	0.9232011339459666
507	585	0.9372898051723174
225	344	0.9299871587662552
361	203	0.8861994794900651
250	647	0.9084444279308854
319	81	0.8542376454316333
241	554	0.8669809621934619
593	122	0.9084444279308854
26	39	0.885899188829319
109	409	0.8542376454316333
196	658	0.8542376454316333
250	642	0.8542376454316333
738	270	0.9671153018251853
319	183	0.9822293919254425
250	640	0.8542376454316333
758	677	0.9695206095350685
642	691	0.8542376454316333
99	165	0.8669809621934619
492	642	0.8542376454316333
196	650	0.8542376454316333
278	196	0.8542376454316333
44	333	0.9257804098179165
525	525	1.0
631	39	0.8993614665682284
344	486	0.8542376454316333
32	263	0.9721623447688775
51	691	0.8542376454316333
402	426	0.8669809621934619
591	39	0.9721623447688775
142	805	0.960933413245638
105	209	0.9822293919254425
338	593	0.9084444279308854
122	640	0.8542376454316333
301	701	0.8542376454316333
483	301	0.9084444279308854
462	396	0.960933413245638
196	642	0.8542376454316333
167	49	0.960933413245638
643	672	0.8669809621934619
657	704	0.885899188829319
278	81	0.8542376454316333
39	420	0.8993614665682284
39	421	0.885899188829319
586	479	0.8542376454316333
772	650	0.8542376454316333
403	403	0.9750967015675303
117	737	0.8617982495196548
650	540	0.9251203610611077
32	272	0.9721623447688775
595	321	0.8542376454316333
509	783	0.8617982495196548
462	146	0.9066697402046523
217	462	0.9784095676569472
643	429	0.8669809621934619
633	589	0.9488603104437267
639	310	0.8542376454316333
633	146	0.9307330139852081
225	122	0.8542376454316333
635	13	0.8861994794900651
642	479	0.9784095676569472
507	121	0.8617982495196548
663	629	0.8669809621934619
658	725	0.9528603920161663
647	658	0.8542376454316333
420	631	0.9695206095350685
165	93	0.9232011339459666
350	48	0.8669809621934619
44	357	0.9257804098179165
758	691	0.8542376454316333
81	714	0.9543126125918334
185	19	0.9695206095350685
183	148	0.9822293919254425
5	67	0.8818024854454927
524	559	0.960933413245638
635	357	0.9257804098179165
108	672	0.8669809621934619
165	99	0.8669809621934619
640	250	0.8542376454316333
509	331	0.8617982495196548
357	307	0.8861994794900651
29	14	0.9924088434342437
790	629	0.907105801645784
350	47	0.9721623447688775
165	92	0.8669809621934619
105	229	0.8669809621934619
459	250	0.8542376454316333
72	605	0.8925823832789168
372	524	0.8861994794900651
589	462	0.9066697402046523
766	790	0.907105801645784
250	658	0.8542376454316333
225	595	0.8542376454316333
642	468	0.8542376454316333
185	350	0.8669809621934619
758	687	0.8542376454316333
647	647	1.0
108	426	0.9784095676569472
48	778	0.9514704439690702
783	509	0.8617982495196548
689	83	0.8542376454316333
595	109	0.8542376454316333
344	250	0.8542376454316333
647	642	0.8542376454316333
756	229	0.8617982495196548
631	392	0.9750967015675303
81	702	0.9084444279308854
168	155	0.8993614665682284
108	663	0.8669809621934619
108	664	0.9822293919254425
122	658	0.8542376454316333
29	29	0.9924088434342437
614	197	0.8617982495196548
540	750	0.9750967015675303
225	109	0.8542376454316333
385	800	0.9355416208545775
131	509	0.9721623447688775
217	242	0.885899188829319
51	225	0.8542376454316333
262	709	0.9322654041304157
125	657	0.885899188829319
539	602	0.9066697402046523
197	686	0.8617982495196548
631	81	0.8542376454316333
241	355	0.9721623447688775
714	714	0.960933413245638
196	691	0.9084444279308854
748	154	0.9372898051723174
492	687	0.8542376454316333
5	197	0.9528603920161663
627	270	0.9084444279308854
663	643	0.8669809621934619
250	687	0.9084444279308854
109	445	0.9822293919254425
108	450	0.8669809621934619
642	492	0.8542376454316333
122	687	0.9084444279308854
199	658	0.8542376454316333
183	167	0.8542376454316333
640	278	0.8542376454316333
81	738	0.9084444279308854
51	250	0.8542376454316333
540	540	0.9750967015675303
525	560	0.8542376454316333
540	301	0.8542376454316333
761	152	0.8925823832789168
350	63	0.8669809621934619
560	701	0.9721623447688775
629	243	0.907105801645784
199	650	0.9251203610611077
640	270	0.8542376454316333
468	122	0.8542376454316333
403	691	0.8542376454316333
236	445	0.9822293919254425
169	165	0.8669809621934619
250	432	0.9924088434342437
658	738	0.8542376454316333
169	169	0.9671153018251853
636	357	0.8861994794900651
251	420	0.9695206095350685
301	740	0.8542376454316333
758	222	0.9695206095350685
350	165	0.8669809621934619
590	81	0.8542376454316333
109	676	0.8542376454316333
122	676	0.8542376454316333
702	642	0.8542376454316333
701	658	0.8542376454316333
55	676	0.8542376454316333
578	69	0.8861994794900651
71	642	0.8542376454316333
586	270	0.8542376454316333
486	540	0.8542376454316333
711	733	0.907105801645784
802	27	0.9049534175061065
121	686	0.8617982495196548
5	99	0.8818024854454927
243	790	0.907105801645784
51	486	0.8542376454316333
199	642	0.8542376454316333
167	183	0.8542376454316333
199	640	0.8542376454316333
704	657	0.885899188829319
29	63	0.9750967015675303
109	229	0.9364037194218137
115	115	0.9924088434342437
236	236	0.9822293919254425
357	357	0.9924088434342437
663	426	0.8669809621934619
270	627	0.9084444279308854
229	357	0.8861994794900651
185	165	0.8669809621934619
647	459	0.8542376454316333
301	772	0.9514704439690702
109	225	0.8542376454316333
189	112	0.9867667939811898
409	409	0.9784095676569472
758	492	0.8542376454316333
540	329	0.9750967015675303
420	678	0.8993614665682284
55	225	0.8542376454316333
122	468	0.8542376454316333
595	51	0.8542376454316333
647	691	0.9084444279308854
169	195	0.9671153018251853
51	270	0.8542376454316333
183	189	0.8542376454316333
540	568	0.9750967015675303
108	474	0.8669809621934619
635	152	0.8861994794900651
225	51	0.8542376454316333
115	108	0.9822293919254425
183	183	0.9822293919254425
122	465	0.9721623447688775
51	278	0.9528603920161663
225	55	0.8542376454316333
540	560	0.8542376454316333
409	642	0.9784095676569472
509	131	0.9721623447688775
197	450	0.9381974198067065
48	330	0.8669809621934619
663	418	0.8669809621934619
658	758	0.8542376454316333
350	185	0.8669809621934619
712	509	0.9867667939811898
229	105	0.8669809621934619
802	154	0.9372898051723174
229	109	0.9364037194218137
778	402	0.8669809621934619
761	166	0.9322654041304157
525	575	1.0
189	345	0.9784095676569472
509	121	0.8617982495196548
403	468	0.9750967015675303
560	714	0.8542376454316333
479	689	0.8542376454316333
372	357	0.8861994794900651
691	714	0.960933413245638
790	457	0.9721623447688775
658	307	0.9750967015675303
129	409	0.8542376454316333
559	803	0.8925823832789168
140	672	0.9543126125918334
196	250	0.9381974198067065
236	253	0.9822293919254425
81	772	0.9084444279308854
357	372	0.8861994794900651
357	371	0.9924088434342437
420	698	0.8993614665682284
657	556	0.9649003276400825
650	51	0.8542376454316333
702	691	0.9084444279308854
270	647	0.9671153018251853
633	96	0.885899188829319
672	778	0.8669809621934619
758	270	0.8542376454316333
241	48	0.8669809621934619
653	13	0.9750967015675303
778	672	0.8669809621934619
650	158	0.8542376454316333
199	691	0.8542376454316333
657	792	0.885899188829319
525	122	0.8542376454316333
792	421	0.9066697402046523
270	640	0.8542376454316333
509	150	0.8617982495196548
84	740	0.8542376454316333
63	350	0.8669809621934619
691	702	0.9084444279308854
48	350	0.8669809621934619
131	331	0.8617982495196548
241	386	0.9721623447688775
150	509	0.8617982495196548
524	372	0.8861994794900651
686	801	0.8617982495196548
629	281	0.8669809621934619
301	540	0.8542376454316333
653	357	0.8861994794900651
382	420	0.8993614665682284
109	479	0.8542376454316333
663	674	0.8669809621934619
372	585	0.8861994794900651
310	639	0.8542376454316333
141	650	0.8542376454316333
109	236	0.9822293919254425
241	32	0.9721623447688775
663	672	0.8669809621934619
657	789	0.9514704439690702
778	426	0.8669809621934619
357	13	0.8861994794900651
701	695	0.9721623447688775
338	81	0.9084444279308854
486	344	0.8542376454316333
83	740	0.8542376454316333
479	229	0.8542376454316333
152	716	0.8925823832789168
359	330	0.8993614665682284
792	657	0.885899188829319
650	141	0.8542376454316333
241	31	0.9464435475962046
127	657	0.885899188829319
237	229	0.8617982495196548
593	81	0.9543126125918334
242	127	0.885899188829319
704	217	0.9066697402046523
142	672	0.8669809621934619
413	365	0.9924088434342437
710	344	0.9299871587662552
372	136	0.8861994794900651
122	270	0.9084444279308854
142	674	0.960933413245638
560	772	0.8542376454316333
236	270	0.8542376454316333
702	236	0.8542376454316333
196	278	0.8542376454316333
47	48	0.8669809621934619
357	152	0.8861994794900651
426	402	0.8669809621934619
281	730	0.9232011339459666
647	250	0.9084444279308854
425	658	0.8542376454316333
39	283	0.885899188829319
426	643	0.8669809621934619
540	122	0.8542376454316333
778	450	0.8669809621934619
682	635	0.8861994794900651
385	658	0.8542376454316333
241	63	0.8669809621934619
560	525	0.8542376454316333
357	44	0.9257804098179165
142	429	0.8669809621934619
29	99	0.9514704439690702
403	270	0.8542376454316333
47	165	0.8669809621934619
229	41	0.8669809621934619
524	152	0.8925823832789168
69	524	0.8925823832789168
413	590	0.8542376454316333
142	663	0.8669809621934619
676	740	0.8542376454316333
125	462	0.9066697402046523
372	361	0.8861994794900651
48	47	0.8669809621934619
109	253	0.9822293919254425
544	792	0.9066697402046523
141	432	0.9924088434342437
421	698	0.885899188829319
321	727	0.9784095676569472
492	492	0.9671153018251853
663	450	0.8669809621934619
133	327	0.8906008435475454
663	694	0.8669809621934619
229	389	0.8617982495196548
270	658	0.8542376454316333
250	250	0.9924088434342437
594	96	0.885899188829319
540	595	0.8542376454316333
650	167	0.9251203610611077
121	268	0.8617982495196548
635	184	0.9257804098179165
479	287	0.8542376454316333
142	450	0.8669809621934619
691	758	0.8542376454316333
560	310	0.9391280350253571
691	750	0.8542376454316333
109	287	0.8542376454316333
426	429	0.8669809621934619
486	51	0.8542376454316333
426	426	0.9784095676569472
81	338	0.9084444279308854
658	344	0.9299871587662552
154	748	0.9372898051723174
409	229	0.8542376454316333
702	250	0.9381974198067065
426	663	0.8669809621934619
426	664	0.9784095676569472
650	199	0.9251203610611077
199	492	0.9671153018251853
420	251	0.9695206095350685
647	270	0.9671153018251853
650	196	0.8542376454316333
556	633	0.885899188829319
509	197	0.8617982495196548
483	83	0.8542376454316333
450	730	0.8669809621934619
152	524	0.8925823832789168
238	262	0.9867667939811898
229	69	0.9867667939811898
560	540	0.8542376454316333
259	650	0.9750967015675303
127	462	0.9066697402046523
301	109	0.9514704439690702
422	229	0.8669809621934619
704	462	0.9066697402046523
790	243	0.907105801645784
141	691	0.9084444279308854
525	51	0.8542376454316333
146	633	0.9307330139852081
155	728	0.8993614665682284
734	709	0.8617982495196548
99	5	0.8818024854454927
152	761	0.8925823832789168
426	418	0.8669809621934619
359	39	0.8993614665682284
709	401	0.8617982495196548
301	344	0.8542376454316333
524	69	0.8925823832789168
650	81	0.8542376454316333
657	589	0.885899188829319
250	270	0.9084444279308854
658	333	0.8861994794900651
733	711	0.907105801645784
492	270	0.8542376454316333
450	727	0.8925823832789168
83	301	0.9514704439690702
420	481	0.8993614665682284
122	275	1.0
152	518	0.8925823832789168
259	642	0.8542376454316333
243	151	0.907105801645784
560	535	0.9721623447688775
309	728	0.8993614665682284
691	738	0.9084444279308854
620	737	0.8841119256502336
69	578	0.8861994794900651
658	20	0.8861994794900651
372	72	0.9314931981082346
158	725	0.8542376454316333
91	672	0.8669809621934619
539	462	0.9066697402046523
81	593	0.9543126125918334
357	197	0.9257804098179165
591	3	0.885899188829319
330	629	1.0
189	199	0.9251203610611077
78	672	0.8669809621934619
658	361	0.8861994794900651
525	81	0.8542376454316333
556	657	0.9649003276400825
702	270	0.9084444279308854
672	350	0.8669809621934619
413	158	0.9924088434342437
676	548	0.8542376454316333
525	183	0.8542376454316333
425	695	0.9721623447688775
199	270	0.8542376454316333
686	623	0.8617982495196548
560	560	0.9721623447688775
676	301	0.8542376454316333
429	643	0.8669809621934619
127	242	0.885899188829319
385	691	0.8542376454316333
189	81	0.8542376454316333
317	613	0.960933413245638
167	800	0.960933413245638
639	183	0.8542376454316333
602	539	0.9066697402046523
229	83	0.9364037194218137
91	426	0.8669809621934619
146	657	0.885899188829319
189	189	0.9867667939811898
657	127	0.885899188829319
714	560	0.8542376454316333
672	105	0.9232011339459666
78	663	0.8669809621934619
657	125	0.885899188829319
744	801	0.8617982495196548
270	691	0.9084444279308854
409	479	0.9784095676569472
359	155	0.8993614665682284
668	672	0.8669809621934619
189	183	0.8542376454316333
450	663	0.8669809621934619
546	481	0.9292538068786609
792	396	0.9066697402046523
647	98	0.9671153018251853
309	420	0.9695206095350685
141	141	0.9924088434342437
740	525	0.8542376454316333
81	250	0.9084444279308854
152	450	0.8925823832789168
559	524	0.960933413245638
204	749	0.9695206095350685
426	108	0.9784095676569472
728	507	0.8617982495196548
301	270	0.9084444279308854
450	418	0.8669809621934619
687	758	0.8542376454316333
270	122	0.9084444279308854
204	504	0.9695206095350685
678	420	0.8993614665682284
778	48	0.9514704439690702
331	509	0.8617982495196548
744	709	0.8617982495196548
492	199	0.9671153018251853
725	771	0.9528603920161663
462	704	0.9066697402046523
250	196	0.9381974198067065
420	168	0.943117320690116
204	732	0.9695206095350685
647	183	0.8542376454316333
426	330	0.8669809621934619
122	196	0.9381974198067065
668	330	0.8669809621934619
13	653	0.9750967015675303
790	52	0.9441922295823377
396	657	0.885899188829319
560	459	0.8542376454316333
663	48	0.9514704439690702
83	229	0.9364037194218137
737	620	0.8841119256502336
154	452	0.9049534175061065
385	385	0.9924088434342437
620	413	0.8925823832789168
620	658	0.8861994794900651
81	270	0.9084444279308854
71	81	0.9084444279308854
666	152	0.9410657790124547
709	117	0.8617982495196548
429	330	0.8669809621934619
151	243	0.907105801645784
560	492	0.8542376454316333
560	250	0.8542376454316333
620	653	0.9314931981082346
740	301	0.8542376454316333
691	691	1.0
165	518	0.8669809621934619
714	250	0.9084444279308854
714	492	0.8542376454316333
702	199	0.8542376454316333
142	48	0.8669809621934619
663	185	0.8669809621934619
270	141	0.9084444279308854
602	462	0.960933413245638
199	196	0.8542376454316333
141	55	0.9381974198067065
676	229	0.8542376454316333
199	199	0.9671153018251853
429	328	0.8669809621934619
663	78	0.8669809621934619
691	687	0.960933413245638
319	758	0.9695206095350685
167	725	0.8542376454316333
740	536	0.8542376454316333
301	287	0.9084444279308854
702	81	0.9084444279308854
730	450	0.8669809621934619
554	350	0.8669809621934619
558	309	0.8993614665682284
423	48	0.8669809621934619
83	483	0.8542376454316333
199	81	0.8542376454316333
136	490	0.9750967015675303
426	115	0.9784095676569472
426	350	0.8669809621934619
732	426	0.8669809621934619
778	165	0.8669809621934619
155	420	0.8993614665682284
199	189	0.9251203610611077
426	48	0.8669809621934619
141	81	0.9084444279308854
225	700	1.0
330	330	1.0
560	270	0.8542376454316333
605	450	0.8925823832789168
278	553	0.9750967015675303
278	318	0.9924088434342437
714	278	0.8542376454316333
614	541	0.8617982495196548
559	321	0.8925823832789168
155	698	0.9649003276400825
728	309	0.8993614665682284
714	270	0.9084444279308854
694	672	0.9543126125918334
165	778	0.8669809621934619
166	761	0.9322654041304157
152	248	0.8925823832789168
663	99	0.9822293919254425
158	413	0.9924088434342437
142	165	0.8669809621934619
396	462	0.960933413245638
158	650	0.8542376454316333
317	317	1.0
590	742	0.9721623447688775
709	121	0.8617982495196548
694	429	0.8669809621934619
462	502	0.960933413245638
204	775	0.9695206095350685
694	663	0.8669809621934619
213	426	0.9420774287874426
682	165	0.9232011339459666
91	48	0.8669809621934619
330	350	0.9721623447688775
676	278	0.9528603920161663
129	83	0.8542376454316333
737	420	0.8993614665682284
620	450	0.8925823832789168
309	481	0.8993614665682284
740	586	0.8542376454316333
740	344	0.8542376454316333
801	734	0.8617982495196548
270	81	0.9084444279308854
462	539	0.9066697402046523
317	585	0.960933413245638
385	75	0.9924088434342437
183	740	0.8542376454316333
319	319	0.9822293919254425
298	730	0.8669809621934619
738	642	0.8542376454316333
225	710	0.9528603920161663
333	307	0.8861994794900651
183	738	0.8542376454316333
141	199	0.8542376454316333
745	514	0.8818024854454927
283	462	0.9066697402046523
278	321	0.9924088434342437
270	71	0.9671153018251853
83	287	0.8542376454316333
425	62	0.9721623447688775
574	790	0.9441922295823377
158	229	0.9822293919254425
631	309	0.9695206095350685
687	122	0.9084444279308854
586	409	0.8542376454316333
197	5	0.9528603920161663
183	525	0.8542376454316333
32	672	0.8669809621934619
333	576	0.9671153018251853
631	301	0.8542376454316333
92	165	0.8669809621934619
459	637	0.9750967015675303
725	385	0.8542376454316333
459	639	0.8542376454316333
203	361	0.8861994794900651
631	781	0.9750967015675303
344	403	0.9750967015675303
650	714	0.8542376454316333
509	712	0.9867667939811898
730	281	0.9232011339459666
321	278	0.9924088434342437
429	48	0.8669809621934619
691	270	0.9084444279308854
429	47	0.8669809621934619
725	141	0.8542376454316333
344	640	0.8542376454316333
462	556	0.885899188829319
385	199	0.9355416208545775
698	420	0.8993614665682284
698	421	0.885899188829319
801	509	0.8617982495196548
429	142	0.8669809621934619
158	691	0.8542376454316333
147	147	1.0
32	663	0.8669809621934619
801	744	0.8617982495196548
328	429	0.8669809621934619
270	98	0.9671153018251853
631	771	1.0
183	758	0.9695206095350685
686	121	0.8617982495196548
425	81	0.8542376454316333
740	354	0.8542376454316333
33	658	0.8542376454316333
44	727	0.8925823832789168
33	419	0.9822293919254425
225	725	0.9528603920161663
507	728	0.8617982495196548
385	81	0.8542376454316333
633	502	0.9066697402046523
738	658	0.8542376454316333
330	359	0.8993614665682284
462	544	0.9066697402046523
96	594	0.885899188829319
361	620	0.8861994794900651
350	554	0.8669809621934619
51	626	0.9695206095350685
225	525	0.9299871587662552
738	691	0.9084444279308854
165	120	0.9750967015675303
330	48	0.8669809621934619
642	631	0.8542376454316333
330	47	0.9721623447688775
640	658	0.8861994794900651
725	167	0.8542376454316333
354	740	0.8542376454316333
287	225	0.8542376454316333
686	150	0.8617982495196548
640	650	0.8542376454316333
290	48	0.8669809621934619
3	591	0.885899188829319
167	577	0.960933413245638
29	778	0.9924088434342437
331	131	0.8617982495196548
507	754	0.8617982495196548
238	5	0.9322654041304157
169	305	0.9671153018251853
725	51	0.8542376454316333
753	426	0.8669809621934619
586	419	0.9822293919254425
429	165	0.8669809621934619
725	158	0.8542376454316333
426	99	0.8669809621934619
344	658	0.9299871587662552
730	298	0.8669809621934619
640	642	0.8542376454316333
459	647	0.8542376454316333
426	92	0.9420774287874426
507	509	0.8617982495196548
426	91	0.8669809621934619
623	686	0.8617982495196548
750	691	0.8542376454316333
167	560	0.8542376454316333
165	105	0.9232011339459666
259	81	0.8542376454316333
319	148	0.9822293919254425
278	51	0.9528603920161663
225	540	0.8542376454316333
740	62	0.8542376454316333
725	81	0.8542376454316333
642	658	0.8542376454316333
169	330	0.8669809621934619
117	709	0.8617982495196548
525	726	0.9822293919254425
361	640	0.8861994794900651
642	650	0.8542376454316333
39	631	0.8993614665682284
590	354	1.0
183	560	0.8542376454316333
298	559	0.8669809621934619
330	169	0.8669809621934619
590	590	1.0
51	650	0.8542376454316333
633	556	0.885899188829319
483	740	0.8542376454316333
51	634	0.9924088434342437
185	777	0.9695206095350685
642	409	0.9784095676569472
20	180	0.8861994794900651
225	771	0.9528603920161663
740	51	0.8542376454316333
330	165	0.8669809621934619
642	647	0.8542376454316333
350	328	1.0
642	640	0.8542376454316333
344	676	0.8542376454316333
642	642	1.0
509	507	0.8617982495196548
183	319	0.9822293919254425
333	361	0.9628480994100669
287	479	0.8542376454316333
317	152	0.8861994794900651
525	713	0.960933413245638
650	742	1.0
158	250	0.8542376454316333
727	44	0.8925823832789168
462	589	0.9066697402046523
31	241	0.9464435475962046
51	642	0.8542376454316333
589	633	0.9488603104437267
803	559	0.8925823832789168
643	426	0.8669809621934619
165	165	0.9750967015675303
758	658	0.8542376454316333
740	84	0.8542376454316333
740	83	0.8542376454316333
643	663	0.8669809621934619
105	672	0.9232011339459666
344	468	0.9750967015675303
229	756	0.8617982495196548
169	353	0.9671153018251853
350	350	1.0
344	225	0.9299871587662552
5	130	0.9528603920161663
686	197	0.8617982495196548
333	152	0.8861994794900651
459	459	0.9750967015675303
525	740	0.8542376454316333
650	772	0.8542376454316333
197	614	0.8617982495196548
99	29	0.9514704439690702
640	691	0.8542376454316333
591	12	0.885899188829319
62	740	0.8542376454316333
593	338	0.9084444279308854
237	614	0.8617982495196548
629	663	0.8669809621934619
51	658	0.9695206095350685
631	359	0.8993614665682284
361	417	0.9695206095350685
361	659	0.9257804098179165
105	663	0.8669809621934619
361	658	0.8861994794900651
481	309	0.8993614665682284
333	44	0.9257804098179165
165	47	0.8669809621934619
758	642	0.8542376454316333
481	546	0.9292538068786609
165	48	0.8669809621934619
725	199	0.8542376454316333
180	20	0.8861994794900651
344	691	0.8542376454316333
189	740	0.9867667939811898
167	122	0.8542376454316333
278	167	0.8542376454316333
650	525	0.8542376454316333
158	270	0.8542376454316333
595	540	0.8542376454316333
589	657	0.885899188829319
462	127	0.9066697402046523
728	155	0.8993614665682284
462	125	0.9066697402046523
121	623	0.8617982495196548
