4	11	
155	292	
146	99	
3	26	
164	147	
94	65	
159	245	
94	60	
93	76	
224	304	
4	13	
98	19	
94	62	
93	78	
94	63	
156	284	
161	182	
314	194	
309	295	
148	71	
98	11	
147	86	
97	28	
8	309	
0	59	
239	6	
149	54	
0	56	
2	31	
309	290	
167	100	
149	53	
91	94	
309	292	
224	301	
0	51	
158	257	
164	140	
158	255	
167	109	
94	58	
162	166	
162	165	
157	266	
158	250	
163	169	
224	313	
149	70	
148	86	
97	18	
2	23	
148	87	
230	207	
2	27	
230	205	
2	26	
162	175	
96	28	
156	289	
91	88	
167	111	
95	39	
148	77	
96	24	
90	99	
156	285	
224	312	
220	19	
159	251	
90	94	
91	80	
168	102	
225	312	
169	108	
94	45	
169	106	
164	165	
169	104	
157	290	
149	81	
93	50	
92	67	
93	52	
92	69	
2	16	
91	79	
220	22	
1	20	
91	76	
162	182	
161	198	
91	71	
166	136	
221	14	
94	39	
159	262	
169	101	
90	85	
221	10	
0	31	
158	273	
168	113	
168	112	
162	187	
158	272	
6	303	
165	164	
6	301	
165	162	
159	279	
94	34	
6	307	
169	117	
93	44	
169	116	
159	276	
222	10	
166	152	
5	313	
92	53	
166	150	
1	10	
91	65	
1	14	
167	133	
94	28	
168	129	
90	73	
169	110	
168	124	
95	11	
166	160	
5	305	
165	173	
92	48	
164	187	
93	35	
231	228	
92	44	
223	19	
231	223	
230	239	
223	15	
231	222	
223	14	
166	162	
223	13	
166	161	
91	59	
163	191	
99	303	
91	53	
232	207	
232	205	
149	97	
167	143	
90	66	
167	142	
221	36	
168	139	
94	19	
169	120	
168	136	
220	46	
94	15	
166	171	
93	25	
93	26	
94	12	
222	34	
159	299	
92	38	
164	196	
159	297	
224	15	
232	222	
224	14	
224	13	
4	302	
224	11	
224	10	
92	30	
3	313	
233	202	
91	43	
228	302	
167	157	
90	53	
220	50	
98	306	
159	295	
164	194	
164	192	
90	52	
228	309	
97	312	
233	206	
220	57	
166	182	
231	241	
231	240	
165	196	
230	255	
230	254	
230	253	
234	209	
169	149	
230	251	
93	13	
224	26	
92	23	
92	24	
220	64	
234	206	
229	305	
90	41	
169	142	
234	201	
169	141	
223	45	
231	251	
222	59	
222	58	
240	105	
240	104	
92	17	
234	219	
91	27	
224	36	
167	184	
229	311	
169	150	
2	309	
90	34	
222	51	
169	155	
231	263	
313	5	
231	260	
313	3	
230	275	
230	273	
233	240	
91	17	
91	18	
231	268	
241	107	
168	177	
226	10	
1	309	
230	270	
222	62	
234	224	
221	75	
234	223	
169	163	
221	73	
241	113	
314	0	
223	63	
227	19	
222	78	
0	314	
237	208	
90	18	
94	312	
223	68	
90	13	
226	20	
168	183	
0	308	
221	85	
223	76	
223	73	
230	296	
223	72	
242	118	
232	278	
238	200	
225	51	
224	67	
94	306	
232	274	
237	214	
231	289	
221	93	
160	6	
234	240	
227	24	
221	96	
234	244	
169	184	
229	14	
224	73	
231	295	
224	71	
235	249	
93	309	
232	286	
224	78	
229	18	
232	284	
231	299	
242	122	
161	1	
225	59	
161	0	
226	40	
232	279	
228	22	
227	38	
235	243	
161	7	
227	32	
229	25	
224	83	
241	144	
240	158	
232	299	
242	138	
243	121	
233	281	
232	297	
225	72	
242	133	
232	293	
238	218	
233	277	
243	116	
234	260	
243	114	
241	140	
227	48	
235	254	
227	46	
227	45	
239	207	
227	42	
241	157	
229	34	
242	140	
224	91	
242	148	
237	248	
242	144	
239	217	
239	216	
227	50	
239	213	
239	212	
238	228	
301	310	
91	309	
245	107	
240	164	
90	314	
245	103	
235	262	
91	300	
226	69	
235	261	
241	169	
303	305	
239	230	
302	311	
238	242	
302	314	
238	240	
244	127	
244	122	
243	138	
236	262	
227	68	
235	275	
244	129	
237	265	
303	312	
241	179	
241	178	
229	55	
236	278	
229	52	
228	67	
239	240	
243	152	
237	269	
226	88	
227	70	
234	294	
243	149	
226	84	
246	114	
236	274	
228	66	
245	128	
228	64	
240	183	
235	283	
237	154	
237	153	
236	169	
303	204	
237	152	
236	166	
239	132	
302	214	
237	158	
235	171	
239	126	
229	283	
300	239	
143	306	
301	224	
302	228	
237	162	
303	218	
144	310	
302	221	
140	16	
238	152	
237	168	
140	12	
235	181	
229	296	
301	232	
229	295	
236	174	
235	188	
236	170	
238	160	
235	193	
301	242	
304	204	
150	209	
150	204	
303	234	
238	171	
303	236	
237	184	
303	239	
236	199	
304	224	
9	85	
141	21	
239	162	
9	84	
141	20	
303	232	
150	213	
301	251	
310	109	
239	158	
9	82	
237	181	
236	197	
236	195	
150	219	
304	217	
150	217	
300	262	
310	103	
310	105	
238	181	
238	180	
152	202	
302	254	
303	243	
238	185	
306	202	
7	97	
311	104	
301	265	
311	108	
151	214	
151	213	
151	212	
305	214	
300	273	
301	260	
148	304	
148	303	
304	241	
303	257	
152	217	
140	51	
238	190	
152	213	
147	313	
239	187	
153	209	
153	208	
307	208	
302	268	
303	253	
302	269	
230	7	
9	66	
305	229	
311	113	
142	25	
301	276	
9	60	
141	39	
239	178	
8	74	
311	119	
300	280	
310	121	
147	310	
305	223	
310	124	
143	15	
306	210	
306	211	
140	65	
303	268	
152	227	
140	63	
152	226	
305	241	
304	258	
142	40	
154	205	
154	204	
8	67	
313	102	
303	262	
153	218	
154	200	
231	1	
140	67	
304	250	
7	78	
301	285	
9	50	
302	272	
239	189	
307	214	
312	114	
6	84	
310	133	
300	293	
7	74	
310	136	
140	75	
314	103	
309	205	
153	222	
152	238	
309	206	
152	237	
145	12	
145	13	
314	109	
310	152	
150	260	
142	51	
154	217	
308	211	
99	98	
313	112	
9	40	
8	56	
5	90	
140	79	
140	77	
309	201	
303	276	
140	78	
313	117	
303	277	
311	134	
142	49	
311	135	
99	90	
7	64	
306	238	
8	55	
142	44	
312	122	
150	251	
154	207	
304	259	
152	232	
305	244	
5	89	
144	22	
310	144	
305	245	
144	20	
310	147	
150	259	
311	133	
301	293	
304	273	
5	82	
145	28	
9	37	
140	85	
6	71	
314	117	
6	70	
155	212	
99	85	
8	46	
154	225	
154	223	
314	110	
303	286	
9	34	
98	99	
9	33	
153	237	
7	56	
160	108	
155	206	
143	42	
306	249	
307	233	
307	235	
150	262	
152	243	
151	259	
305	257	
6	68	
306	244	
146	22	
9	27	
309	228	
304	287	
310	173	
141	89	
313	132	
307	249	
142	74	
3	94	
154	237	
3	93	
155	220	
309	220	
141	85	
3	99	
314	121	
309	222	
304	281	
154	233	
140	99	
314	122	
303	298	
154	232	
7	45	
151	263	
7	44	
306	259	
233	3	
161	100	
160	116	
151	260	
233	2	
143	50	
308	230	
160	112	
303	291	
145	30	
305	267	
152	252	
310	167	
161	107	
233	9	
144	43	
9	18	
153	258	
314	135	
9	17	
146	34	
141	93	
309	237	
304	296	
152	269	
145	46	
144	59	
9	10	
148	10	
154	248	
147	23	
141	98	
308	246	
155	231	
155	230	
146	37	
141	96	
313	147	
142	81	
314	132	
8	28	
3	86	
99	62	
311	167	
6	49	
6	48	
161	112	
98	73	
312	153	
160	127	
97	83	
308	240	
155	226	
147	19	
160	124	
155	225	
147	16	
150	283	
147	17	
312	158	
313	142	
307	259	
153	250	
6	41	
161	119	
151	279	
311	162	
161	118	
6	43	
157	200	
163	104	
153	264	
4	68	
153	263	
5	51	
163	102	
162	118	
99	53	
147	34	
8	19	
146	48	
314	142	
154	254	
2	81	
161	124	
151	283	
97	78	
150	298	
97	79	
308	250	
142	88	
2	85	
312	167	
142	86	
150	294	
6	31	
163	101	
157	218	
96	84	
311	170	
305	288	
235	0	
157	213	
152	272	
312	160	
163	119	
4	52	
159	202	
164	100	
4	57	
162	129	
152	289	
158	214	
99	48	
308	266	
314	150	
313	168	
155	252	
147	44	
98	54	
236	8	
147	42	
309	257	
6	27	
1	85	
143	85	
312	175	
1	84	
161	133	
148	27	
97	68	
220	309	
313	161	
307	278	
2	74	
155	248	
307	279	
147	38	
144	79	
157	226	
144	75	
1	82	
311	186	
307	271	
152	282	
144	73	
4	48	
4	46	
95	80	
160	166	
155	267	
148	43	
94	90	
94	91	
314	162	
147	57	
154	279	
147	54	
3	55	
164	118	
147	55	
98	43	
314	165	
3	54	
165	101	
98	44	
309	267	
98	45	
1	74	
307	288	
148	35	
313	172	
308	273	
161	142	
221	302	
143	92	
161	141	
313	174	
155	257	
309	260	
152	299	
153	280	
144	86	
145	70	
6	12	
0	87	
311	198	
306	299	
159	227	
95	70	
159	226	
154	285	
147	62	
94	87	
158	239	
159	222	
4	35	
159	221	
158	237	
148	51	
2	54	
147	68	
165	115	
94	81	
164	127	
159	228	
308	280	
157	241	
0	78	
148	47	
221	313	
148	44	
313	185	
148	45	
308	287	
0	73	
96	51	
158	234	
146	70	
222	309	
0	71	
96	53	
0	77	
1	61	
162	145	
5	16	
5	15	
3	35	
159	235	
99	13	
93	89	
154	290	
239	0	
166	112	
165	126	
155	285	
148	61	
165	123	
9	303	
157	253	
156	269	
1	53	
161	166	
156	266	
1	57	
156	265	
148	58	
223	305	
0	61	
4	17	
95	59	
163	141	
145	92	
157	257	
223	300	
158	240	
145	91	
154	187	
0	288	
159	126	
97	254	
85	90	
211	35	
159	124	
154	183	
211	34	
6	217	
153	197	
89	43	
213	15	
88	53	
0	280	
155	177	
95	278	
212	28	
95	279	
5	225	
88	50	
5	224	
154	188	
3	247	
217	304	
3	246	
308	182	
99	228	
95	271	
308	184	
85	89	
93	298	
155	169	
86	75	
309	172	
149	280	
158	136	
85	86	
222	209	
158	132	
84	96	
307	193	
307	194	
2	257	
307	195	
222	205	
210	40	
220	242	
5	219	
149	297	
211	47	
149	296	
97	244	
89	36	
159	135	
211	44	
4	228	
5	212	
309	184	
213	25	
309	185	
86	69	
5	215	
0	274	
212	36	
155	183	
222	215	
218	300	
86	67	
3	233	
95	260	
94	276	
221	227	
213	19	
99	211	
85	78	
217	310	
86	63	
221	224	
94	272	
93	288	
308	199	
210	57	
158	146	
97	239	
210	56	
222	218	
218	303	
84	86	
222	217	
308	191	
155	193	
83	97	
220	252	
1	251	
96	247	
220	251	
1	250	
89	25	
95	258	
88	35	
88	36	
301	6	
309	195	
220	259	
221	243	
5	205	
95	250	
4	219	
155	195	
5	202	
98	219	
222	225	
94	263	
93	279	
222	224	
3	223	
3	222	
214	14	
85	66	
3	228	
222	220	
213	27	
2	233	
159	142	
158	153	
218	313	
157	167	
213	40	
1	241	
0	257	
230	101	
212	53	
302	4	
211	68	
95	247	
91	290	
211	65	
91	293	
156	196	
213	44	
156	192	
4	209	
85	59	
210	70	
157	175	
214	25	
4	202	
156	189	
222	232	
98	205	
222	231	
214	23	
93	265	
156	186	
97	216	
223	228	
224	211	
85	54	
2	226	
92	271	
223	224	
210	75	
210	74	
84	65	
84	61	
88	19	
96	221	
88	13	
1	231	
95	239	
214	42	
94	249	
90	292	
303	9	
87	26	
3	208	
221	263	
86	36	
303	6	
225	219	
86	37	
231	101	
212	69	
86	38	
230	116	
95	231	
223	231	
86	33	
215	21	
210	80	
81	94	
85	44	
93	254	
86	30	
1	227	
92	264	
224	223	
2	210	
85	41	
84	57	
224	222	
216	14	
224	221	
96	217	
97	201	
158	175	
223	234	
84	54	
1	228	
0	235	
90	288	
225	226	
90	289	
212	76	
213	60	
97	200	
0	239	
225	222	
212	72	
211	88	
87	19	
222	262	
87	14	
2	208	
2	207	
86	22	
223	241	
223	240	
215	32	
157	196	
157	194	
93	242	
222	253	
80	95	
212	70	
84	45	
224	234	
85	31	
92	256	
84	48	
80	91	
83	58	
158	185	
230	137	
213	73	
96	202	
82	69	
221	280	
213	72	
95	219	
218	12	
212	87	
217	27	
0	228	
217	25	
82	66	
211	99	
95	217	
232	113	
214	64	
95	212	
222	270	
90	272	
0	220	
226	225	
85	26	
227	208	
223	251	
80	88	
222	266	
216	36	
216	35	
1	202	
223	258	
1	209	
150	7	
91	254	
224	241	
158	197	
91	257	
91	250	
95	208	
83	45	
82	54	
212	95	
159	199	
95	205	
90	265	
214	74	
232	120	
227	221	
89	312	
85	19	
218	26	
85	17	
85	18	
305	5	
227	218	
215	53	
227	216	
215	51	
93	221	
91	247	
224	256	
224	253	
159	192	
223	267	
91	245	
91	246	
82	47	
231	141	
83	33	
225	257	
218	33	
152	8	
230	155	
217	48	
0	206	
152	5	
82	43	
213	90	
90	253	
83	30	
89	305	
232	134	
214	86	
214	85	
94	200	
231	146	
80	68	
231	145	
214	81	
80	69	
219	21	
218	37	
92	228	
80	64	
223	274	
223	273	
228	213	
84	18	
92	227	
80	62	
217	44	
83	28	
217	43	
84	13	
84	14	
234	104	
233	119	
90	249	
84	10	
83	26	
234	101	
228	218	
219	31	
90	245	
83	22	
230	164	
217	57	
228	231	
232	145	
81	45	
232	143	
81	47	
81	42	
231	155	
218	48	
88	309	
88	302	
223	286	
92	218	
228	223	
307	6	
235	102	
234	118	
230	161	
229	219	
217	53	
217	52	
91	228	
216	65	
9	1	
83	15	
234	112	
91	224	
90	235	
218	52	
82	24	
227	257	
232	154	
219	46	
232	152	
231	168	
227	251	
234	122	
92	206	
234	121	
228	238	
216	71	
223	292	
215	83	
217	66	
225	273	
308	0	
235	111	
234	126	
216	78	
234	125	
86	312	
90	228	
86	314	
232	160	
218	68	
309	2	
230	189	
309	1	
235	127	
230	186	
82	13	
309	8	
237	102	
227	262	
233	149	
233	147	
225	282	
90	218	
219	64	
7	1	
231	186	
227	271	
85	313	
90	213	
236	125	
230	198	
231	182	
217	89	
81	12	
232	177	
81	13	
232	173	
231	189	
229	243	
155	8	
234	140	
233	154	
230	195	
218	71	
90	205	
234	145	
216	97	
237	123	
232	182	
90	200	
236	138	
90	201	
226	297	
6	4	
219	72	
141	303	
300	208	
80	17	
141	308	
156	6	
229	254	
80	11	
228	268	
235	146	
217	96	
217	95	
156	9	
234	158	
232	193	
219	86	
142	301	
84	302	
219	81	
235	159	
5	2	
228	284	
238	123	
227	299	
232	197	
227	298	
232	196	
228	281	
227	297	
83	312	
237	135	
239	105	
233	178	
99	3	
300	218	
218	92	
218	90	
229	268	
142	313	
219	95	
302	208	
83	309	
239	120	
301	215	
4	6	
143	301	
233	191	
238	131	
219	98	
142	314	
235	161	
82	311	
300	223	
233	189	
228	289	
228	287	
4	1	
137	304	
137	302	
227	193	
137	301	
137	308	
227	199	
228	181	
130	40	
300	112	
131	24	
300	117	
229	163	
130	36	
228	178	
132	18	
136	310	
220	0	
133	17	
141	224	
133	15	
220	8	
143	206	
229	182	
130	57	
138	306	
302	103	
131	37	
229	179	
140	234	
132	25	
132	24	
142	225	
133	26	
131	52	
143	216	
140	241	
132	32	
229	189	
132	30	
131	44	
228	199	
141	231	
132	36	
140	242	
134	28	
301	137	
144	208	
301	133	
132	46	
142	246	
134	34	
303	129	
136	13	
131	72	
302	137	
143	232	
135	25	
222	6	
140	261	
301	142	
222	3	
301	143	
144	216	
132	50	
304	105	
141	254	
133	44	
141	251	
9	299	
300	153	
130	92	
134	45	
142	253	
133	59	
304	125	
143	249	
137	10	
131	82	
131	83	
131	80	
136	20	
303	134	
140	273	
136	18	
131	76	
141	265	
223	7	
9	282	
151	102	
145	219	
9	288	
145	218	
133	54	
223	3	
132	67	
142	267	
304	132	
303	148	
152	105	
134	56	
135	41	
142	263	
305	120	
224	5	
141	278	
304	137	
131	96	
136	34	
144	242	
303	141	
302	157	
144	241	
143	256	
146	210	
137	17	
132	77	
306	104	
140	283	
142	261	
8	289	
8	288	
147	200	
9	271	
146	215	
305	115	
141	272	
133	62	
301	161	
153	103	
303	158	
225	5	
152	117	
148	200	
304	148	
303	150	
137	30	
136	46	
148	209	
225	8	
148	206	
151	120	
140	294	
137	26	
132	85	
306	116	
145	234	
140	293	
137	24	
131	99	
140	292	
144	249	
306	118	
145	232	
145	231	
131	97	
152	112	
151	128	
305	122	
300	185	
151	122	
226	2	
303	169	
152	128	
7	289	
152	125	
144	267	
303	160	
226	9	
136	59	
137	43	
6	292	
149	204	
144	263	
6	297	
153	117	
150	146	
133	83	
146	231	
210	306	
133	80	
138	22	
132	97	
132	94	
301	188	
150	142	
136	49	
144	257	
139	15	
142	281	
300	194	
151	136	
146	235	
150	149	
306	123	
136	62	
304	164	
143	282	
305	151	
305	154	
155	102	
137	53	
155	101	
144	277	
303	174	
227	1	
137	50	
309	101	
309	102	
5	292	
306	136	
306	138	
302	181	
133	92	
138	30	
301	199	
137	44	
154	109	
149	209	
8	256	
134	86	
147	233	
211	308	
8	254	
151	147	
134	84	
134	81	
211	306	
134	82	
146	244	
138	37	
153	137	
136	71	
7	269	
135	84	
304	178	
8	251	
134	98	
228	0	
137	64	
154	128	
149	228	
145	271	
6	270	
137	60	
304	170	
144	284	
143	299	
309	113	
143	298	
303	189	
150	169	
151	153	
302	190	
146	253	
307	132	
307	133	
302	192	
150	166	
145	267	
302	193	
5	285	
135	81	
139	36	
99	286	
138	49	
306	143	
9	233	
139	31	
99	281	
134	91	
98	298	
149	233	
98	291	
7	253	
6	268	
135	97	
135	98	
148	246	
135	96	
148	242	
305	176	
6	262	
150	183	
137	75	
303	194	
89	93	
309	120	
308	137	
144	295	
136	86	
137	70	
9	226	
4	283	
228	4	
228	3	
4	289	
145	276	
99	277	
137	66	
228	1	
4	287	
145	274	
138	51	
153	140	
152	155	
147	256	
135	92	
305	168	
7	248	
306	153	
147	252	
8	236	
154	143	
153	158	
149	243	
214	302	
7	241	
154	141	
89	85	
305	185	
145	294	
150	192	
154	149	
97	290	
6	255	
149	248	
214	307	
155	130	
137	83	
149	247	
309	134	
309	135	
214	305	
137	81	
304	195	
156	116	
307	153	
4	274	
3	289	
4	272	
150	188	
88	91	
137	79	
308	141	
146	271	
145	287	
5	261	
153	151	
3	282	
152	166	
306	162	
2	297	
147	266	
139	58	
306	164	
151	179	
98	273	
306	165	
146	279	
8	225	
99	260	
214	314	
7	230	
158	109	
6	245	
149	252	
8	220	
305	196	
2	293	
210	15	
158	104	
155	146	
96	294	
137	95	
96	295	
89	71	
308	158	
155	142	
96	290	
215	301	
87	94	
9	202	
150	199	
88	80	
9	207	
150	196	
138	72	
9	206	
145	296	
2	288	
147	279	
158	101	
148	260	
139	66	
98	262	
9	200	
3	273	
151	187	
1	295	
210	29	
2	284	
1	299	
2	283	
7	223	
6	239	
88	70	
309	155	
155	152	
96	281	
151	197	
95	290	
151	196	
95	291	
147	280	
146	296	
99	249	
8	207	
4	257	
156	134	
308	163	
99	244	
155	148	
308	166	
152	186	
147	287	
147	286	
147	285	
98	253	
212	10	
1	289	
149	273	
148	287	
153	185	
97	262	
221	212	
216	313	
309	164	
216	310	
4	247	
6	222	
0	296	
220	222	
212	13	
157	132	
139	85	
221	207	
87	73	
94	298	
87	74	
94	291	
85	99	
86	84	
156	143	
86	85	
7	206	
2	265	
148	284	
148	280	
3	252	
152	193	
7	208	
180	113	
180	112	
253	7	
164	41	
171	262	
314	90	
171	261	
170	277	
175	217	
180	114	
172	242	
314	86	
163	48	
160	89	
165	25	
173	232	
170	281	
162	71	
174	236	
161	88	
161	85	
163	67	
181	111	
180	127	
180	126	
176	210	
160	91	
165	32	
165	38	
173	246	
166	20	
170	294	
162	87	
170	293	
177	211	
163	79	
176	225	
168	18	
181	123	
171	282	
180	136	
170	296	
177	209	
164	59	
254	8	
182	104	
182	103	
181	119	
165	40	
172	261	
173	258	
161	91	
172	269	
165	46	
180	145	
163	82	
162	95	
175	244	
167	34	
172	281	
171	295	
181	134	
171	294	
168	27	
169	11	
240	308	
255	6	
173	263	
165	54	
173	261	
164	68	
177	217	
173	260	
164	69	
177	216	
164	66	
165	50	
182	114	
172	274	
164	64	
166	46	
174	252	
183	105	
165	56	
175	254	
167	43	
182	132	
177	232	
164	80	
241	305	
181	144	
241	304	
183	114	
178	215	
172	289	
182	128	
183	112	
178	213	
173	272	
164	79	
171	299	
169	17	
184	106	
256	8	
179	205	
166	56	
179	203	
176	253	
175	268	
168	41	
184	119	
167	55	
176	258	
242	301	
173	282	
172	298	
183	121	
178	220	
257	4	
174	277	
257	2	
184	114	
257	0	
173	288	
178	228	
173	287	
176	263	
242	314	
242	312	
186	107	
174	280	
173	295	
182	149	
182	148	
178	233	
173	290	
164	97	
180	171	
179	229	
174	288	
166	76	
178	239	
166	73	
181	174	
169	50	
181	172	
175	289	
175	288	
168	65	
186	110	
183	150	
182	166	
178	250	
182	162	
176	279	
182	161	
187	101	
176	277	
178	247	
166	80	
243	303	
177	258	
169	49	
178	241	
166	89	
184	134	
184	133	
183	148	
169	61	
180	198	
185	138	
180	195	
168	72	
167	88	
177	278	
169	69	
177	277	
240	11	
187	116	
178	260	
177	276	
169	67	
179	243	
179	241	
183	155	
183	154	
178	253	
175	291	
244	306	
244	305	
186	136	
169	73	
168	87	
168	84	
250	208	
168	85	
181	190	
176	291	
187	129	
188	112	
169	78	
188	110	
182	185	
169	74	
183	168	
179	253	
179	251	
188	103	
187	119	
177	279	
245	305	
250	201	
179	258	
167	93	
179	255	
246	308	
169	84	
186	144	
169	80	
185	158	
250	217	
182	199	
182	197	
240	30	
182	194	
182	192	
169	86	
189	104	
188	115	
178	274	
250	214	
184	169	
185	153	
184	167	
250	210	
245	311	
252	202	
186	156	
246	314	
186	152	
240	46	
240	43	
187	148	
187	145	
252	204	
241	24	
188	129	
179	273	
241	23	
240	38	
240	37	
242	19	
242	18	
184	177	
241	28	
187	154	
251	227	
252	211	
187	151	
243	17	
251	223	
240	56	
188	145	
253	204	
188	143	
188	142	
189	126	
183	198	
188	138	
183	197	
189	120	
251	220	
242	28	
242	25	
184	189	
187	164	
187	162	
244	13	
252	220	
186	175	
240	67	
253	214	
188	154	
188	150	
189	137	
184	191	
241	42	
243	25	
251	231	
250	247	
242	39	
251	230	
184	198	
185	182	
245	12	
245	10	
187	174	
240	79	
240	78	
249	311	
245	17	
249	310	
253	224	
253	222	
244	29	
242	44	
249	307	
254	205	
241	56	
249	306	
189	143	
244	20	
243	35	
185	199	
185	193	
253	230	
251	259	
244	32	
240	87	
188	175	
245	26	
260	103	
255	203	
242	54	
260	100	
189	156	
244	31	
255	209	
186	190	
235	73	
252	136	
235	71	
242	291	
253	128	
254	110	
235	78	
249	211	
243	285	
236	61	
252	138	
247	239	
235	74	
250	153	
172	4	
254	108	
311	302	
236	58	
236	56	
236	55	
234	80	
238	36	
250	158	
251	141	
245	258	
245	256	
237	47	
243	292	
252	147	
235	81	
251	159	
247	243	
173	8	
312	303	
244	282	
235	89	
253	137	
236	72	
248	237	
243	294	
252	149	
237	56	
255	101	
249	218	
254	115	
238	46	
251	150	
250	166	
245	266	
253	142	
247	258	
252	155	
247	256	
235	90	
252	152	
244	295	
249	235	
237	70	
236	85	
253	146	
313	304	
245	274	
255	110	
247	250	
246	266	
238	57	
239	40	
256	103	
250	178	
245	279	
246	261	
257	109	
175	2	
314	302	
257	108	
252	167	
257	106	
175	1	
252	164	
239	57	
251	179	
248	259	
254	141	
253	157	
251	170	
245	285	
244	299	
237	75	
237	73	
244	297	
247	263	
246	277	
238	69	
256	115	
256	112	
251	171	
258	106	
310	14	
310	11	
252	174	
249	258	
176	7	
176	5	
254	154	
253	169	
246	282	
250	196	
237	89	
245	296	
160	303	
239	63	
239	62	
246	285	
246	284	
255	139	
250	198	
245	299	
248	277	
253	176	
252	189	
258	113	
248	271	
252	185	
177	2	
311	17	
259	105	
253	179	
259	104	
311	15	
253	178	
311	14	
248	278	
249	262	
256	133	
246	293	
161	301	
256	132	
251	191	
238	84	
238	80	
160	312	
239	77	
239	75	
252	181	
252	180	
253	184	
247	298	
162	306	
312	12	
254	175	
253	188	
256	143	
255	158	
257	135	
239	86	
247	293	
257	132	
256	147	
161	313	
253	196	
248	297	
311	32	
310	48	
248	294	
254	188	
259	126	
311	37	
163	308	
178	5	
255	166	
312	18	
248	291	
162	314	
239	97	
257	144	
239	95	
162	311	
259	132	
311	42	
311	41	
310	57	
164	309	
255	183	
164	306	
259	137	
164	304	
313	16	
255	179	
256	163	
257	158	
257	157	
257	155	
256	169	
179	2	
311	56	
160	14	
313	32	
255	187	
312	38	
258	153	
310	62	
257	166	
310	61	
311	67	
312	50	
160	28	
160	29	
258	168	
311	63	
259	151	
311	62	
259	150	
312	59	
165	314	
313	41	
312	56	
312	55	
161	17	
256	187	
314	22	
314	21	
313	35	
256	182	
165	306	
313	33	
314	25	
312	60	
259	163	
258	179	
160	37	
258	177	
259	161	
258	176	
312	67	
312	65	
256	199	
166	308	
257	181	
313	48	
258	173	
160	30	
161	33	
161	31	
311	82	
170	236	
312	78	
162	25	
257	192	
171	214	
314	42	
313	58	
162	19	
160	42	
257	199	
257	198	
172	204	
162	32	
312	83	
259	186	
259	185	
173	208	
173	207	
170	247	
312	89	
312	86	
314	57	
167	312	
167	311	
171	225	
167	310	
314	53	
160	55	
259	180	
168	305	
172	219	
250	1	
172	215	
170	251	
312	94	
251	8	
161	57	
161	54	
259	195	
169	303	
313	85	
312	97	
174	209	
171	238	
163	29	
171	235	
314	63	
251	1	
160	65	
173	212	
168	313	
172	225	
252	3	
174	217	
174	216	
174	213	
180	108	
171	251	
180	106	
165	11	
160	71	
164	266	
169	204	
163	279	
309	73	
309	72	
153	93	
154	77	
167	223	
162	282	
166	236	
168	218	
246	3	
173	115	
169	200	
173	113	
163	273	
247	4	
165	261	
247	3	
157	50	
166	255	
309	83	
165	268	
158	44	
165	266	
166	250	
157	58	
162	295	
159	29	
309	77	
171	147	
174	110	
156	61	
169	211	
155	73	
175	114	
164	285	
157	60	
156	76	
174	124	
171	166	
159	43	
309	93	
248	7	
309	91	
166	261	
168	231	
154	97	
309	88	
232	303	
232	301	
166	257	
173	138	
163	298	
168	237	
164	280	
173	133	
173	132	
169	236	
167	262	
171	177	
158	65	
168	243	
232	314	
167	252	
168	249	
168	248	
233	307	
176	121	
171	180	
170	195	
170	192	
170	191	
165	292	
174	147	
176	127	
158	76	
176	123	
176	122	
158	75	
233	313	
177	109	
177	107	
234	303	
168	258	
169	241	
156	90	
166	292	
158	83	
171	190	
235	307	
175	146	
175	143	
172	181	
167	282	
177	121	
171	195	
177	118	
172	176	
159	68	
168	260	
159	66	
177	114	
169	256	
234	314	
169	253	
234	311	
168	267	
178	106	
173	165	
241	202	
236	303	
175	158	
240	217	
175	157	
241	200	
240	213	
169	269	
167	295	
167	293	
167	292	
167	291	
168	276	
178	116	
173	174	
230	24	
230	23	
177	128	
168	272	
159	79	
167	286	
159	77	
177	125	
231	19	
169	268	
173	179	
168	278	
173	177	
230	28	
169	261	
240	223	
242	206	
159	98	
242	204	
242	203	
241	218	
242	201	
159	94	
179	110	
230	35	
177	137	
172	196	
232	14	
175	162	
169	276	
179	116	
174	173	
241	224	
241	223	
240	239	
240	238	
233	13	
233	12	
232	27	
240	234	
230	52	
177	155	
242	214	
233	19	
237	311	
230	49	
174	181	
169	282	
169	281	
173	194	
168	293	
237	309	
178	131	
240	233	
174	189	
240	231	
174	187	
232	22	
232	21	
231	37	
242	220	
234	10	
175	188	
176	172	
241	231	
175	186	
243	212	
238	313	
177	168	
234	19	
238	312	
238	310	
179	133	
243	208	
230	57	
169	290	
238	306	
243	202	
240	243	
179	139	
240	241	
232	33	
231	49	
231	48	
177	171	
233	38	
241	245	
240	259	
241	240	
242	238	
243	221	
234	29	
230	71	
177	173	
231	53	
239	303	
239	300	
230	65	
230	64	
175	195	
240	254	
244	205	
231	56	
233	49	
232	59	
235	20	
234	36	
177	184	
244	215	
244	214	
244	213	
243	229	
179	151	
245	207	
245	206	
250	103	
240	262	
232	54	
245	203	
240	260	
232	52	
241	269	
241	266	
251	102	
243	240	
234	47	
232	60	
231	71	
243	235	
231	70	
242	264	
242	263	
236	31	
242	267	
234	59	
178	190	
235	41	
234	57	
247	206	
231	87	
232	71	
244	234	
231	85	
179	173	
243	247	
236	22	
235	38	
246	213	
237	18	
232	76	
232	74	
237	14	
248	200	
234	67	
251	129	
242	271	
238	19	
241	285	
247	210	
253	107	
253	106	
179	190	
243	264	
242	279	
248	203	
252	117	
248	202	
232	83	
232	80	
236	36	
231	95	
178	198	
233	74	
241	281	
237	29	
237	27	
237	26	
248	211	
239	17	
234	74	
252	121	
234	73	
243	276	
248	216	
235	67	
253	114	
253	111	
171	9	
245	241	
179	196	
171	3	
238	27	
234	70	
239	10	
238	26	
241	292	
310	301	
233	80	
248	101	
248	100	
242	172	
246	127	
304	313	
243	168	
248	107	
248	105	
248	104	
243	163	
238	264	
227	85	
227	84	
244	146	
239	247	
227	80	
241	184	
241	182	
304	305	
240	194	
150	303	
227	86	
229	76	
151	305	
243	179	
238	279	
249	101	
301	10	
242	189	
228	80	
305	309	
227	92	
166	5	
247	120	
236	295	
246	132	
305	303	
150	314	
305	304	
238	280	
300	30	
247	134	
246	148	
237	292	
301	24	
239	272	
248	128	
238	287	
228	91	
310	216	
228	90	
310	217	
306	307	
249	105	
301	16	
228	99	
245	159	
246	142	
167	7	
228	92	
248	133	
247	149	
153	300	
300	43	
238	291	
239	285	
307	306	
153	307	
239	282	
153	306	
312	209	
243	194	
301	30	
302	17	
245	164	
245	162	
245	161	
249	117	
302	12	
244	175	
168	8	
152	310	
168	9	
168	4	
313	206	
153	312	
313	208	
154	305	
302	31	
313	200	
249	134	
313	201	
248	149	
249	131	
313	205	
301	41	
246	161	
310	238	
302	26	
301	39	
239	287	
311	229	
169	2	
303	14	
248	155	
313	218	
248	154	
314	204	
309	305	
314	206	
312	225	
249	144	
249	143	
301	54	
313	216	
310	249	
311	234	
311	237	
303	20	
302	36	
245	183	
249	138	
312	224	
247	164	
304	16	
304	11	
304	10	
303	26	
246	173	
314	214	
247	178	
150	22	
304	28	
313	221	
301	69	
312	238	
313	224	
150	27	
248	168	
245	198	
311	245	
245	196	
303	32	
302	48	
245	194	
311	249	
160	201	
310	252	
304	23	
303	39	
247	170	
310	258	
155	309	
249	161	
150	33	
310	271	
152	13	
249	168	
313	233	
302	63	
302	62	
151	22	
249	163	
313	238	
301	74	
304	30	
303	46	
303	44	
246	191	
312	242	
302	59	
160	211	
247	186	
310	264	
300	80	
161	207	
311	250	
310	267	
311	253	
303	47	
314	234	
306	22	
248	185	
310	281	
160	232	
152	22	
314	232	
302	70	
152	16	
305	33	
310	275	
305	32	
300	91	
161	219	
311	260	
247	193	
157	302	
247	190	
158	308	
314	246	
305	48	
163	202	
158	303	
306	30	
312	269	
302	84	
314	242	
249	186	
307	21	
303	68	
304	51	
160	238	
303	66	
313	250	
312	266	
248	191	
162	213	
162	210	
303	69	
163	219	
151	53	
163	218	
249	193	
314	258	
241	1	
308	23	
307	39	
308	20	
164	207	
152	41	
151	57	
241	7	
161	235	
312	273	
153	22	
161	230	
308	13	
302	88	
158	312	
311	282	
304	68	
162	222	
305	50	
311	286	
304	65	
162	220	
164	213	
163	229	
151	63	
150	79	
162	239	
305	67	
170	105	
313	277	
307	47	
308	30	
152	53	
161	246	
312	283	
161	245	
304	73	
153	36	
313	270	
308	25	
153	32	
162	237	
305	63	
304	79	
161	249	
305	61	
304	77	
306	69	
164	222	
164	220	
305	78	
153	51	
314	270	
160	274	
160	272	
152	61	
165	210	
309	25	
312	296	
303	99	
312	299	
160	267	
153	42	
306	61	
162	245	
161	259	
309	27	
307	64	
157	12	
163	249	
307	60	
164	230	
156	21	
151	80	
305	89	
160	287	
165	227	
314	282	
313	298	
170	125	
314	283	
313	299	
160	284	
308	53	
307	69	
152	74	
157	16	
156	29	
160	281	
314	288	
161	268	
309	34	
313	293	
170	118	
153	53	
308	47	
163	243	
155	36	
164	247	
307	75	
164	245	
163	259	
307	71	
307	70	
163	256	
164	240	
166	223	
170	137	
161	281	
160	296	
158	10	
314	296	
170	133	
314	297	
151	99	
162	263	
167	202	
153	68	
155	44	
306	81	
162	268	
167	206	
154	57	
156	45	
307	82	
306	98	
173	108	
164	252	
156	43	
307	80	
168	208	
171	132	
158	26	
230	308	
152	99	
308	74	
308	72	
162	274	
171	128	
153	77	
161	283	
306	94	
156	42	
245	6	
167	218	
154	67	
204	149	
79	187	
200	190	
78	198	
79	183	
78	199	
200	189	
70	6	
125	1	
202	167	
202	163	
204	154	
126	5	
204	150	
110	314	
78	188	
200	199	
77	190	
209	105	
203	179	
206	143	
206	141	
79	164	
205	154	
204	169	
207	122	
79	163	
207	120	
77	185	
77	180	
208	112	
207	125	
204	172	
79	159	
78	169	
79	150	
207	133	
112	300	
207	132	
206	148	
77	179	
77	173	
76	187	
204	189	
209	129	
204	187	
113	309	
203	199	
129	0	
75	190	
205	179	
79	144	
112	313	
79	140	
206	155	
203	197	
203	193	
208	133	
208	132	
209	138	
209	137	
79	137	
77	159	
207	154	
78	140	
129	1	
206	167	
129	2	
204	192	
77	153	
77	154	
208	144	
113	311	
76	166	
205	195	
75	178	
209	149	
205	192	
209	148	
74	189	
69	286	
120	207	
205	198	
115	305	
77	148	
73	192	
207	164	
68	290	
207	161	
114	312	
77	140	
76	156	
76	158	
59	95	
110	14	
59	91	
208	153	
120	211	
79	119	
69	279	
74	172	
69	273	
68	289	
207	182	
116	306	
74	173	
206	197	
69	271	
206	192	
74	171	
206	191	
110	21	
73	180	
73	181	
68	283	
67	299	
110	20	
59	85	
72	193	
207	173	
67	290	
209	153	
77	132	
72	191	
208	168	
75	158	
58	94	
209	150	
74	169	
120	224	
207	193	
117	300	
78	114	
121	212	
121	211	
79	100	
73	175	
120	226	
110	32	
72	185	
72	186	
68	271	
59	79	
208	173	
68	273	
59	75	
66	294	
66	296	
76	131	
58	83	
112	27	
112	25	
75	144	
113	10	
120	232	
112	23	
69	256	
75	140	
117	313	
73	166	
69	251	
68	268	
74	152	
73	169	
67	279	
121	223	
120	239	
208	185	
122	207	
68	261	
59	69	
67	271	
59	64	
207	195	
122	202	
77	114	
70	198	
209	177	
111	36	
110	49	
209	174	
111	32	
65	296	
110	45	
76	121	
75	137	
120	247	
57	84	
65	294	
112	33	
114	14	
73	155	
74	142	
68	259	
77	108	
72	168	
121	234	
110	52	
67	267	
123	200	
76	116	
59	52	
208	192	
77	101	
76	118	
121	229	
117	314	
58	64	
71	172	
58	65	
111	42	
110	58	
209	183	
200	9	
110	56	
111	40	
118	306	
57	79	
209	181	
69	238	
65	283	
64	292	
122	234	
114	25	
73	144	
113	38	
113	35	
68	243	
121	243	
123	215	
114	16	
76	107	
59	43	
122	224	
71	160	
112	42	
75	118	
111	55	
71	162	
66	264	
209	195	
124	202	
209	193	
111	52	
70	175	
69	226	
121	252	
113	45	
74	127	
64	287	
125	207	
64	288	
113	43	
202	9	
63	297	
125	205	
63	298	
130	102	
125	203	
202	5	
122	244	
122	242	
67	247	
54	98	
119	311	
115	17	
67	245	
114	29	
59	30	
66	256	
67	240	
114	28	
66	257	
65	266	
202	4	
120	260	
124	217	
112	50	
112	51	
202	1	
64	279	
75	104	
57	56	
75	105	
74	114	
120	278	
126	203	
74	117	
131	100	
68	227	
69	212	
55	79	
125	215	
72	138	
68	223	
110	91	
55	76	
67	235	
59	28	
123	237	
115	28	
54	82	
116	13	
124	220	
115	29	
53	99	
72	131	
111	72	
115	26	
54	84	
71	148	
67	234	
59	26	
54	85	
66	243	
53	96	
120	272	
57	47	
53	90	
65	256	
53	91	
112	61	
65	257	
57	49	
53	92	
116	18	
65	251	
69	209	
123	238	
126	216	
64	264	
131	113	
126	214	
56	57	
130	128	
74	106	
113	62	
63	275	
125	226	
55	69	
68	218	
67	228	
72	128	
67	224	
54	75	
72	125	
68	211	
110	98	
71	136	
54	72	
53	88	
72	122	
70	149	
57	36	
70	145	
70	146	
117	12	
52	93	
131	126	
118	18	
64	253	
130	139	
52	90	
130	138	
112	89	
131	121	
118	15	
113	72	
125	236	
56	43	
73	107	
68	201	
205	5	
122	277	
127	218	
133	100	
123	260	
128	201	
114	68	
72	119	
54	64	
72	113	
55	50	
127	212	
122	271	
114	64	
68	200	
111	93	
72	111	
66	228	
57	29	
71	121	
70	137	
60	299	
53	75	
112	85	
64	249	
125	234	
53	70	
120	291	
51	96	
111	98	
65	230	
111	96	
121	176	
69	303	
120	189	
69	306	
125	128	
69	301	
126	110	
60	62	
60	63	
127	106	
73	213	
72	223	
64	15	
109	54	
64	16	
121	177	
72	225	
119	233	
106	85	
71	235	
71	230	
71	231	
123	144	
105	94	
71	232	
123	142	
105	95	
107	76	
62	30	
61	46	
107	73	
124	135	
127	112	
61	43	
108	77	
61	44	
121	183	
126	124	
72	219	
68	304	
115	299	
109	60	
125	138	
73	205	
117	279	
128	103	
73	200	
60	51	
122	176	
60	53	
68	303	
67	312	
72	212	
117	274	
72	213	
126	129	
63	15	
124	143	
71	224	
106	93	
67	311	
106	91	
70	237	
70	231	
107	85	
108	70	
70	234	
106	99	
120	190	
126	139	
117	283	
127	122	
61	34	
121	195	
116	295	
72	208	
126	134	
126	133	
67	305	
60	40	
72	207	
71	216	
71	218	
62	16	
62	17	
123	165	
70	227	
126	131	
62	15	
124	159	
61	25	
125	140	
62	11	
117	294	
117	293	
61	21	
60	38	
109	81	
60	34	
118	286	
129	110	
71	209	
128	125	
123	181	
122	196	
71	201	
129	106	
71	202	
66	303	
129	104	
124	161	
129	102	
124	160	
123	176	
126	141	
70	210	
65	312	
70	212	
125	152	
124	168	
127	143	
109	94	
126	159	
60	23	
119	281	
119	280	
128	132	
118	292	
109	98	
128	130	
118	290	
109	99	
70	206	
129	117	
124	174	
118	289	
65	304	
70	200	
60	16	
60	17	
126	165	
124	191	
128	145	
125	170	
129	126	
118	299	
119	282	
118	298	
125	177	
64	307	
128	151	
63	314	
127	164	
127	160	
63	311	
128	154	
128	152	
129	136	
124	195	
63	305	
63	302	
127	176	
126	189	
62	310	
62	311	
78	7	
78	0	
126	180	
128	171	
62	302	
129	162	
128	177	
61	310	
200	101	
127	180	
126	196	
126	194	
77	0	
200	106	
128	182	
61	305	
61	306	
60	312	
200	113	
200	112	
129	168	
201	107	
201	102	
200	117	
129	187	
120	9	
60	307	
201	110	
200	123	
200	138	
129	188	
202	112	
201	128	
74	8	
74	7	
203	114	
203	113	
74	1	
74	2	
204	104	
203	118	
200	148	
200	147	
121	9	
202	124	
202	122	
201	136	
203	126	
203	125	
202	139	
204	117	
73	0	
204	113	
200	157	
200	154	
122	5	
202	132	
202	131	
205	114	
200	169	
123	2	
205	106	
123	9	
123	8	
202	159	
205	125	
71	6	
71	0	
201	160	
124	7	
206	109	
202	152	
103	302	
103	300	
102	313	
103	314	
104	306	
103	310	
119	4	
104	311	
100	15	
105	304	
110	201	
100	11	
100	10	
105	310	
61	0	
61	1	
101	23	
110	228	
102	19	
60	9	
110	219	
111	220	
103	13	
103	11	
102	25	
112	202	
112	200	
68	180	
100	46	
67	191	
100	45	
112	208	
100	43	
102	30	
101	46	
69	169	
103	26	
69	164	
102	38	
112	213	
111	228	
111	225	
103	16	
100	57	
113	204	
101	40	
113	203	
100	54	
113	200	
114	205	
114	203	
103	36	
103	35	
68	164	
110	255	
110	254	
108	311	
112	224	
67	178	
104	11	
111	235	
100	64	
112	228	
102	56	
101	69	
102	53	
101	67	
110	260	
114	214	
68	159	
111	253	
68	153	
67	169	
113	220	
100	70	
112	234	
67	163	
100	79	
109	314	
114	212	
105	16	
109	310	
113	223	
65	181	
65	182	
115	214	
115	212	
102	60	
101	77	
68	147	
111	263	
103	54	
110	278	
121	101	
110	277	
102	68	
110	276	
67	154	
113	232	
100	83	
66	164	
106	12	
115	225	
107	16	
64	188	
115	221	
107	12	
115	220	
122	102	
104	54	
63	196	
117	200	
121	113	
63	193	
121	111	
66	159	
113	241	
112	256	
67	140	
111	269	
111	268	
106	26	
65	168	
100	98	
105	37	
100	96	
106	21	
116	221	
65	160	
102	86	
120	134	
101	98	
64	173	
117	214	
63	180	
116	224	
108	16	
67	132	
112	268	
62	194	
105	41	
105	42	
104	55	
117	204	
48	99	
114	246	
48	92	
65	158	
114	243	
113	258	
105	47	
101	91	
105	48	
102	99	
64	164	
121	131	
59	267	
116	230	
69	101	
63	176	
68	117	
59	263	
69	104	
59	264	
104	75	
63	172	
68	114	
121	136	
121	133	
104	70	
63	171	
66	137	
113	264	
66	139	
67	123	
113	262	
118	203	
104	69	
57	280	
120	140	
106	49	
102	92	
107	30	
106	47	
48	84	
114	253	
116	243	
65	140	
115	256	
107	45	
115	254	
109	27	
68	102	
104	87	
121	149	
121	148	
104	82	
62	173	
104	83	
67	116	
61	185	
113	275	
49	63	
56	282	
61	181	
122	127	
113	271	
112	286	
109	19	
120	151	
107	43	
55	294	
48	73	
47	82	
55	293	
59	243	
120	169	
104	90	
47	81	
58	255	
125	106	
58	256	
107	57	
109	38	
104	98	
105	82	
63	151	
122	145	
49	55	
49	57	
104	92	
113	286	
67	101	
49	53	
66	118	
56	271	
113	283	
105	75	
65	129	
60	188	
115	263	
114	277	
125	101	
119	217	
107	50	
64	137	
55	281	
47	73	
109	41	
108	57	
59	232	
108	58	
59	234	
126	103	
109	40	
126	101	
45	98	
118	242	
57	256	
63	140	
45	94	
117	252	
61	169	
122	151	
123	137	
106	74	
113	294	
118	234	
106	70	
105	86	
117	249	
105	83	
60	178	
60	172	
55	275	
124	126	
59	225	
46	76	
114	284	
46	78	
123	139	
116	156	
117	140	
55	49	
55	47	
115	165	
55	42	
117	145	
61	277	
66	217	
67	201	
53	63	
60	282	
114	177	
53	60	
114	175	
109	275	
57	13	
64	230	
63	247	
56	25	
55	34	
50	93	
116	160	
55	30	
118	142	
55	32	
55	33	
61	266	
54	43	
117	153	
116	169	
117	152	
114	183	
114	182	
61	264	
114	180	
118	137	
109	280	
53	50	
65	216	
53	51	
52	69	
65	211	
64	228	
51	79	
115	173	
63	239	
56	16	
114	184	
116	178	
56	11	
64	220	
56	12	
50	88	
115	188	
61	259	
117	169	
53	49	
116	179	
65	208	
52	59	
70	108	
53	44	
119	133	
53	45	
70	104	
70	106	
70	100	
64	219	
51	63	
114	196	
64	214	
51	60	
116	187	
59	312	
50	78	
63	223	
62	239	
50	74	
118	164	
118	162	
55	11	
118	161	
61	247	
53	39	
119	144	
60	258	
53	35	
60	254	
59	302	
51	53	
116	199	
50	65	
50	67	
58	313	
62	222	
118	170	
54	11	
53	27	
61	236	
53	28	
52	39	
51	47	
50	53	
117	194	
117	193	
50	55	
117	192	
57	314	
53	14	
57	310	
119	163	
52	23	
60	232	
119	161	
118	177	
62	207	
50	42	
110	8	
119	181	
118	195	
110	3	
56	312	
118	193	
56	311	
51	23	
51	21	
50	32	
50	33	
119	190	
60	213	
119	187	
119	184	
55	312	
50	23	
60	209	
111	6	
50	17	
112	5	
54	301	
112	8	
53	314	
53	308	
113	3	
68	4	
68	6	
114	3	
115	0	
67	8	
115	8	
51	304	
116	5	
66	9	
50	312	
117	2	
50	305	
101	309	
102	309	
64	7	
97	131	
92	190	
97	132	
215	210	
87	293	
206	16	
213	239	
78	97	
201	71	
0	161	
215	218	
203	53	
96	141	
78	93	
210	276	
220	115	
210	274	
5	105	
99	109	
220	113	
149	169	
5	103	
4	119	
220	111	
212	243	
99	106	
98	116	
89	260	
93	176	
99	102	
88	278	
211	252	
205	27	
205	23	
2	137	
98	110	
98	111	
88	271	
204	36	
215	222	
1	141	
214	237	
202	71	
91	191	
78	85	
148	187	
96	135	
220	129	
216	213	
4	104	
96	131	
202	77	
220	124	
94	159	
98	109	
3	114	
3	113	
2	129	
93	167	
216	204	
203	55	
2	123	
98	101	
213	246	
205	38	
201	81	
200	97	
97	118	
213	244	
1	136	
98	104	
148	183	
200	94	
148	182	
3	110	
79	66	
212	257	
213	240	
98	100	
200	90	
86	285	
207	23	
91	187	
87	272	
207	22	
201	97	
95	137	
86	281	
207	21	
86	282	
214	244	
149	182	
214	242	
90	193	
90	190	
76	93	
217	206	
217	205	
222	103	
2	117	
93	153	
221	116	
217	201	
211	276	
76	91	
221	115	
3	105	
88	257	
140	7	
79	59	
201	90	
1	125	
79	55	
212	268	
205	44	
1	129	
79	57	
96	114	
215	244	
79	51	
78	67	
207	35	
149	197	
214	257	
86	270	
96	111	
206	47	
214	253	
78	61	
89	235	
77	70	
211	290	
207	39	
0	130	
89	237	
208	22	
207	38	
202	96	
205	51	
2	107	
94	132	
2	106	
216	227	
141	1	
213	268	
214	250	
93	141	
218	205	
212	277	
79	42	
0	129	
85	275	
207	43	
96	100	
91	160	
224	105	
91	161	
204	82	
209	22	
94	129	
78	50	
83	299	
77	60	
94	125	
220	155	
83	295	
83	296	
212	286	
83	297	
94	122	
216	239	
211	298	
209	15	
217	222	
211	297	
75	86	
92	143	
92	145	
224	101	
219	202	
87	240	
218	215	
223	113	
225	105	
220	164	
207	57	
78	46	
220	162	
78	40	
95	105	
214	277	
207	53	
78	42	
224	116	
0	115	
89	217	
143	8	
217	240	
143	6	
85	263	
215	269	
94	114	
93	124	
217	239	
88	226	
76	61	
223	121	
218	222	
205	73	
204	89	
84	270	
76	63	
212	295	
212	294	
75	73	
75	74	
212	292	
216	248	
92	133	
224	112	
213	288	
0	108	
92	135	
74	87	
218	228	
218	227	
205	78	
91	145	
92	130	
87	231	
86	247	
73	98	
82	291	
90	156	
208	53	
225	115	
94	109	
219	229	
0	105	
73	90	
225	111	
224	127	
207	62	
144	2	
94	105	
209	45	
89	207	
209	44	
84	267	
85	251	
217	250	
209	42	
226	105	
89	204	
76	55	
220	178	
93	114	
93	115	
75	68	
223	130	
205	82	
88	211	
205	80	
93	111	
221	159	
82	288	
209	35	
92	122	
86	239	
219	225	
214	284	
74	75	
82	284	
75	60	
224	122	
218	238	
91	134	
74	70	
224	120	
213	296	
81	295	
73	87	
74	72	
206	70	
216	272	
207	79	
216	270	
207	74	
224	138	
215	282	
76	46	
222	162	
209	54	
93	106	
75	59	
216	274	
208	65	
84	253	
75	54	
205	95	
222	159	
218	241	
205	90	
83	261	
82	277	
75	53	
222	153	
207	72	
86	227	
87	212	
82	272	
74	64	
219	234	
218	249	
78	16	
73	75	
224	131	
205	98	
225	139	
221	182	
85	236	
207	89	
216	281	
208	72	
80	297	
226	120	
216	280	
85	231	
80	291	
220	193	
215	293	
226	129	
217	271	
216	287	
83	256	
71	91	
226	125	
209	60	
83	258	
87	208	
83	251	
223	154	
145	4	
217	268	
92	104	
82	264	
75	40	
227	105	
222	164	
91	115	
225	130	
207	80	
92	102	
86	219	
86	214	
224	141	
206	92	
74	50	
221	193	
208	84	
77	18	
73	61	
91	110	
85	227	
221	190	
76	28	
85	221	
84	238	
71	89	
72	74	
209	78	
228	110	
222	185	
209	77	
222	183	
222	182	
70	95	
209	71	
208	87	
75	39	
75	32	
223	166	
228	103	
82	253	
81	269	
209	69	
74	46	
225	142	
91	106	
80	276	
91	101	
146	2	
223	167	
85	214	
208	95	
147	7	
84	226	
84	227	
225	155	
80	271	
225	154	
76	13	
70	88	
223	180	
132	304	
222	195	
222	194	
227	130	
75	22	
83	232	
74	34	
228	112	
82	244	
228	111	
218	271	
81	254	
219	269	
81	255	
73	47	
73	48	
80	265	
229	106	
219	264	
72	54	
226	155	
80	263	
90	104	
148	2	
226	152	
80	260	
70	77	
132	314	
132	313	
70	74	
226	159	
83	224	
148	9	
226	157	
74	29	
218	286	
81	246	
73	38	
132	307	
222	197	
80	259	
80	250	
149	2	
84	208	
80	253	
79	304	
225	176	
133	311	
83	215	
227	159	
133	310	
70	68	
149	8	
149	5	
78	312	
149	3	
227	152	
223	199	
133	307	
228	139	
224	182	
70	60	
219	282	
229	121	
81	235	
223	194	
133	301	
218	293	
224	189	
74	10	
229	129	
225	172	
225	171	
130	12	
78	305	
71	42	
227	165	
70	53	
134	303	
228	149	
219	293	
73	17	
219	290	
73	13	
134	309	
80	238	
73	14	
225	184	
80	232	
224	198	
80	233	
72	25	
219	298	
80	234	
72	21	
135	309	
71	33	
225	198	
82	205	
70	40	
77	309	
70	43	
81	219	
77	304	
134	311	
82	204	
228	159	
81	214	
72	18	
80	227	
225	195	
80	228	
225	192	
72	16	
227	183	
141	206	
136	306	
72	12	
140	219	
70	38	
226	195	
71	20	
130	31	
70	31	
130	29	
300	103	
130	28	
135	314	
81	201	
80	210	
135	311	
123	46	
123	44	
125	23	
132	246	
82	307	
125	19	
97	7	
122	53	
130	262	
212	5	
124	40	
132	259	
133	242	
132	257	
125	33	
132	256	
124	47	
121	76	
81	306	
126	13	
120	88	
121	71	
140	117	
130	277	
136	201	
2	5	
135	211	
130	270	
142	103	
124	53	
131	277	
123	67	
133	256	
142	108	
137	209	
124	59	
132	267	
132	266	
125	41	
142	105	
125	42	
140	120	
126	29	
122	72	
126	24	
134	232	
133	248	
121	84	
80	307	
125	39	
131	272	
1	7	
136	211	
131	270	
123	61	
1	4	
140	125	
127	16	
1	9	
121	89	
80	300	
138	200	
137	215	
131	289	
132	271	
141	126	
126	43	
125	57	
142	118	
215	5	
133	261	
133	260	
134	247	
126	37	
130	299	
130	298	
9	183	
135	237	
128	12	
140	133	
134	249	
142	123	
131	299	
141	135	
139	202	
134	261	
143	116	
138	215	
133	274	
94	3	
143	112	
132	287	
122	94	
126	48	
122	92	
143	109	
126	44	
138	209	
133	268	
131	294	
129	10	
8	189	
140	145	
127	36	
125	72	
124	88	
9	171	
132	293	
124	84	
201	309	
129	23	
139	214	
143	127	
133	286	
7	195	
143	124	
7	193	
138	224	
132	299	
140	153	
93	3	
200	313	
134	266	
134	263	
128	37	
137	230	
9	168	
135	257	
143	131	
125	84	
129	38	
202	306	
124	93	
8	173	
139	225	
143	139	
144	123	
127	60	
134	281	
138	236	
143	134	
140	164	
144	119	
217	6	
145	101	
134	277	
134	276	
6	190	
127	51	
8	168	
141	154	
128	44	
201	313	
9	156	
136	252	
128	45	
145	107	
128	43	
142	159	
125	94	
7	176	
138	243	
137	259	
138	242	
142	155	
141	169	
137	253	
6	185	
5	199	
126	84	
6	182	
138	249	
134	290	
145	115	
9	148	
134	288	
6	180	
139	228	
5	195	
145	110	
142	150	
136	267	
8	155	
128	58	
141	163	
146	104	
141	161	
145	117	
143	154	
142	169	
137	269	
147	108	
138	252	
142	167	
137	267	
8	152	
7	167	
5	189	
204	304	
204	303	
7	161	
143	156	
135	287	
128	63	
5	186	
127	74	
144	139	
145	122	
144	138	
5	184	
144	137	
9	131	
136	279	
137	263	
99	184	
142	161	
99	185	
219	5	
219	4	
136	276	
147	100	
146	114	
8	149	
145	128	
98	192	
137	279	
90	5	
200	14	
8	143	
137	278	
98	191	
5	178	
145	140	
6	160	
5	176	
139	255	
204	314	
7	150	
148	109	
143	167	
200	19	
135	298	
145	138	
136	280	
145	136	
128	72	
127	86	
99	178	
4	188	
135	291	
9	120	
129	65	
136	289	
9	123	
129	62	
9	121	
139	261	
201	12	
143	175	
98	182	
8	132	
142	188	
137	289	
7	147	
138	271	
205	313	
97	190	
210	211	
5	166	
139	266	
7	140	
6	156	
139	262	
138	278	
200	29	
141	191	
205	309	
128	80	
128	81	
210	204	
98	178	
8	123	
136	299	
4	172	
7	133	
2	191	
98	171	
138	284	
97	182	
142	197	
148	121	
97	185	
96	194	
145	162	
6	143	
143	189	
96	192	
143	188	
201	24	
211	201	
5	152	
4	168	
210	215	
2	189	
147	136	
99	151	
99	152	
200	30	
8	112	
3	171	
142	193	
142	192	
211	209	
128	99	
97	179	
206	309	
8	115	
139	283	
144	181	
149	121	
97	177	
148	136	
8	110	
143	194	
96	188	
7	124	
2	183	
147	148	
200	43	
96	185	
144	186	
5	149	
139	286	
146	155	
211	214	
206	314	
206	313	
146	150	
211	210	
99	146	
99	140	
2	177	
212	206	
8	101	
2	175	
98	159	
129	94	
8	106	
146	158	
2	179	
97	164	
200	59	
148	147	
200	58	
96	176	
208	307	
1	189	
213	204	
213	203	
202	37	
203	20	
202	35	
202	34	
1	181	
145	180	
95	185	
201	48	
96	170	
95	186	
139	295	
211	224	
95	183	
4	145	
89	295	
203	12	
202	28	
213	202	
200	53	
208	302	
99	131	
213	200	
7	105	
208	300	
98	141	
2	169	
147	151	
7	100	
1	175	
97	154	
0	189	
200	68	
213	216	
148	155	
145	196	
210	256	
203	32	
5	122	
145	194	
0	180	
145	192	
6	111	
5	126	
145	190	
214	207	
210	250	
4	132	
212	221	
95	170	
146	175	
99	128	
203	26	
145	188	
145	187	
210	247	
3	149	
94	184	
98	134	
98	135	
208	313	
147	164	
204	16	
97	149	
201	67	
149	154	
1	161	
79	97	
213	228	
79	91	
214	211	
209	312	
149	150	
146	191	
5	112	
203	41	
95	162	
5	116	
201	68	
211	248	
147	171	
203	38	
94	177	
210	259	
145	197	
210	257	
203	33	
200	75	
2	144	
88	284	
212	239	
200	73	
3	133	
2	149	
97	135	
2	148	
3	132	
205	11	
204	27	
200	70	
147	174	
87	297	
2	146	
211	249	
87	173	
86	189	
86	183	
203	276	
206	242	
132	8	
132	3	
205	254	
132	4	
214	109	
212	121	
211	136	
207	221	
211	135	
211	133	
206	234	
89	141	
206	233	
203	274	
87	168	
213	112	
203	272	
212	127	
202	287	
214	117	
205	261	
214	115	
87	162	
214	114	
213	129	
86	173	
85	189	
209	211	
208	227	
85	183	
84	199	
205	269	
133	3	
215	108	
210	165	
79	298	
210	162	
204	279	
205	262	
207	232	
206	247	
207	230	
206	245	
84	190	
205	259	
88	142	
203	283	
207	239	
86	169	
202	295	
214	126	
209	222	
211	160	
210	176	
79	288	
89	121	
207	245	
84	183	
133	7	
78	294	
79	280	
208	237	
87	148	
214	139	
215	123	
210	180	
205	281	
69	92	
209	234	
85	168	
85	161	
206	275	
210	189	
79	274	
215	125	
79	270	
212	155	
89	112	
78	288	
211	169	
212	151	
82	198	
88	124	
82	199	
69	86	
88	120	
77	297	
69	82	
86	147	
208	243	
86	148	
82	191	
86	142	
210	192	
86	144	
69	80	
68	97	
216	126	
206	286	
120	309	
84	168	
84	169	
88	119	
215	138	
120	305	
215	137	
210	195	
213	150	
217	106	
208	250	
207	265	
211	177	
207	262	
207	260	
208	259	
213	157	
208	258	
86	136	
76	296	
77	281	
213	152	
81	197	
82	181	
213	151	
86	134	
214	158	
85	143	
68	80	
209	257	
209	255	
85	140	
67	92	
207	280	
85	141	
206	295	
206	294	
79	254	
215	146	
218	102	
212	173	
211	189	
207	274	
211	188	
206	289	
82	178	
136	1	
214	151	
76	284	
69	61	
213	164	
86	127	
217	119	
213	162	
76	280	
75	296	
76	281	
80	197	
85	139	
80	198	
68	75	
137	2	
85	132	
79	249	
68	70	
67	86	
80	194	
207	291	
121	314	
75	290	
216	144	
79	242	
216	143	
121	310	
83	158	
77	269	
217	128	
212	187	
207	288	
66	90	
212	186	
79	240	
217	124	
69	59	
76	278	
77	262	
69	55	
213	178	
87	104	
82	163	
80	188	
68	66	
208	276	
213	174	
77	260	
69	52	
208	274	
80	184	
68	61	
67	78	
76	271	
75	287	
80	187	
209	278	
209	277	
66	85	
74	294	
84	134	
84	135	
74	296	
66	82	
78	248	
77	259	
65	94	
207	298	
122	305	
208	280	
212	194	
207	295	
78	240	
65	91	
213	189	
86	102	
214	171	
209	272	
80	178	
76	263	
218	127	
219	110	
208	286	
86	105	
75	274	
67	66	
215	178	
85	117	
84	126	
74	287	
66	79	
74	288	
85	112	
215	172	
74	282	
217	154	
84	124	
217	152	
84	125	
78	235	
217	150	
83	137	
84	121	
83	131	
65	84	
83	133	
69	35	
122	314	
77	244	
122	312	
85	107	
80	166	
123	306	
75	268	
80	169	
69	30	
209	280	
68	40	
80	164	
85	106	
76	250	
66	67	
66	68	
84	117	
67	50	
78	224	
216	177	
216	174	
219	130	
218	145	
78	222	
77	239	
72	298	
82	131	
72	292	
81	149	
82	134	
64	80	
214	194	
209	293	
76	242	
81	142	
63	94	
80	151	
68	31	
125	304	
79	207	
83	116	
217	175	
217	174	
78	216	
218	157	
65	61	
219	140	
218	153	
81	137	
71	297	
64	74	
71	292	
63	86	
81	134	
81	135	
219	145	
124	310	
76	232	
62	99	
130	219	
131	202	
216	194	
67	35	
62	94	
66	45	
216	191	
216	190	
83	105	
65	58	
78	209	
82	118	
216	197	
78	205	
83	104	
218	168	
65	50	
218	167	
72	275	
219	150	
83	100	
72	276	
120	22	
71	285	
120	23	
71	286	
218	163	
120	20	
76	229	
81	128	
217	177	
68	14	
75	239	
70	298	
76	223	
71	283	
121	17	
63	76	
80	133	
68	13	
75	237	
122	19	
80	131	
130	227	
130	225	
74	244	
130	223	
67	21	
62	80	
66	33	
132	202	
72	266	
64	58	
64	59	
65	43	
72	268	
77	209	
73	253	
121	21	
64	54	
219	163	
81	119	
82	104	
72	264	
65	40	
219	161	
82	105	
65	41	
81	115	
81	116	
77	202	
76	212	
80	128	
70	288	
67	15	
63	60	
74	235	
131	224	
75	221	
66	23	
74	232	
74	233	
61	84	
123	11	
74	234	
60	94	
72	259	
218	193	
210	2	
121	32	
81	109	
219	172	
120	45	
132	208	
132	207	
63	51	
63	53	
80	118	
121	37	
62	60	
61	76	
75	210	
61	78	
73	237	
123	21	
61	73	
133	211	
120	63	
73	234	
73	235	
124	15	
131	238	
121	43	
71	256	
133	208	
63	49	
133	207	
121	41	
71	258	
64	34	
70	269	
63	45	
218	195	
120	54	
218	194	
63	43	
61	68	
61	69	
70	263	
61	65	
74	214	
75	200	
74	210	
60	77	
122	49	
132	239	
73	221	
125	15	
73	223	
73	224	
60	75	
131	249	
60	70	
72	236	
129	303	
219	194	
219	193	
70	254	
69	307	
74	207	
219	197	
131	137	
71	14	
121	296	
131	133	
126	234	
121	293	
119	10	
70	28	
206	0	
132	128	
122	287	
114	78	
133	110	
70	25	
128	210	
114	77	
127	224	
114	74	
122	282	
126	239	
80	207	
117	35	
80	205	
75	307	
119	20	
131	143	
123	283	
133	121	
122	297	
119	28	
127	235	
206	7	
133	119	
124	262	
134	102	
128	217	
133	115	
116	51	
130	155	
118	33	
117	44	
129	209	
74	308	
206	9	
127	244	
114	94	
74	301	
126	259	
119	36	
119	33	
114	93	
118	45	
125	269	
123	295	
129	220	
123	292	
133	131	
123	290	
89	5	
127	246	
114	96	
119	38	
115	81	
116	67	
207	2	
134	114	
129	213	
134	110	
133	126	
129	210	
207	9	
207	8	
118	40	
124	278	
119	46	
73	309	
126	267	
118	58	
119	40	
136	105	
73	304	
208	7	
116	81	
128	245	
132	158	
115	93	
132	157	
133	140	
115	91	
134	126	
125	270	
117	63	
129	226	
116	76	
134	120	
124	280	
126	263	
118	54	
125	277	
117	68	
208	3	
208	2	
129	229	
131	178	
137	101	
72	308	
209	4	
72	309	
128	253	
137	108	
127	267	
117	74	
124	294	
124	292	
116	83	
128	248	
209	1	
118	66	
126	272	
136	110	
135	124	
87	0	
134	139	
138	101	
132	173	
137	114	
136	129	
132	171	
119	63	
138	108	
133	167	
129	251	
137	118	
133	161	
128	262	
71	307	
117	84	
117	85	
130	191	
116	98	
134	143	
129	244	
118	76	
126	284	
118	75	
125	298	
136	121	
126	281	
130	196	
86	3	
130	195	
125	296	
119	79	
133	170	
132	182	
137	123	
133	179	
133	173	
128	273	
127	289	
118	80	
70	307	
135	141	
134	156	
70	302	
119	72	
126	293	
85	9	
118	82	
127	299	
119	88	
127	295	
127	294	
85	1	
85	2	
136	148	
139	113	
128	288	
128	286	
133	184	
138	125	
200	213	
137	131	
136	147	
136	145	
119	81	
118	97	
135	159	
133	193	
84	9	
128	293	
128	292	
138	130	
202	206	
84	6	
137	144	
139	126	
84	1	
134	184	
133	198	
139	123	
134	181	
129	280	
133	195	
136	158	
201	217	
136	151	
201	211	
138	145	
138	144	
202	219	
134	196	
139	134	
134	191	
203	208	
129	291	
139	130	
137	153	
202	213	
136	168	
136	166	
200	238	
203	213	
139	144	
139	143	
82	9	
200	248	
82	5	
82	1	
200	241	
201	234	
204	210	
137	177	
204	216	
204	213	
200	259	
201	242	
136	180	
89	196	
89	192	
81	2	
202	233	
137	170	
136	186	
137	189	
138	173	
202	248	
139	168	
89	188	
89	183	
201	250	
88	195	
202	243	
202	241	
88	193	
138	188	
203	248	
138	185	
203	245	
202	259	
203	242	
139	179	
205	222	
201	264	
89	172	
206	202	
205	218	
205	217	
200	275	
202	252	
201	268	
204	242	
203	255	
205	232	
205	230	
206	217	
89	166	
210	129	
88	177	
210	128	
206	212	
138	191	
88	174	
130	0	
89	160	
202	265	
202	262	
86	198	
204	253	
204	252	
213	107	
139	190	
213	105	
210	146	
205	244	
131	9	
204	258	
88	167	
211	121	
211	120	
202	279	
208	203	
212	115	
212	114	
207	214	
88	161	
23	24	
22	37	
30	240	
21	42	
33	203	
28	304	
32	215	
290	53	
298	303	
291	48	
23	15	
23	16	
23	18	
291	43	
293	34	
292	49	
22	20	
21	38	
21	32	
293	38	
27	309	
290	68	
20	45	
299	306	
290	67	
298	313	
292	44	
32	203	
31	219	
292	42	
294	31	
22	19	
293	41	
295	24	
290	75	
293	40	
292	53	
26	302	
26	303	
299	312	
299	313	
25	314	
293	55	
290	91	
20	22	
292	64	
25	308	
25	309	
296	17	
30	200	
295	40	
294	55	
296	27	
297	10	
296	24	
291	82	
290	97	
291	80	
290	96	
290	95	
292	72	
292	71	
294	65	
298	17	
24	301	
294	66	
291	95	
291	94	
298	12	
291	98	
294	74	
298	29	
293	87	
299	11	
23	308	
294	78	
23	304	
22	314	
292	90	
296	43	
297	39	
298	22	
297	36	
299	27	
298	39	
22	306	
21	314	
37	9	
298	32	
293	91	
295	81	
294	96	
299	34	
298	48	
296	74	
295	89	
295	83	
21	307	
296	66	
296	65	
296	83	
295	96	
297	63	
20	308	
296	76	
296	75	
299	42	
20	303	
35	3	
297	80	
35	4	
297	77	
297	71	
299	52	
298	63	
299	67	
34	9	
298	72	
297	87	
298	70	
297	83	
298	79	
299	60	
33	9	
298	94	
298	93	
299	83	
298	98	
39	193	
31	6	
31	0	
31	2	
39	189	
49	142	
49	136	
39	297	
49	138	
45	181	
39	298	
48	146	
46	165	
46	166	
39	289	
44	185	
44	180	
49	122	
43	198	
38	293	
38	291	
47	148	
43	191	
49	110	
48	126	
43	186	
42	197	
38	280	
43	180	
37	291	
28	94	
28	96	
46	145	
28	97	
45	156	
43	179	
49	106	
43	176	
37	287	
37	283	
47	124	
41	199	
42	185	
46	136	
37	280	
41	196	
36	297	
29	74	
28	83	
46	132	
45	148	
44	155	
27	91	
44	158	
43	167	
48	105	
36	288	
37	272	
37	274	
37	275	
40	199	
28	76	
41	186	
36	281	
40	197	
46	123	
44	148	
45	134	
28	70	
40	193	
39	245	
44	147	
43	156	
39	242	
26	93	
38	258	
44	142	
43	159	
38	255	
47	105	
29	57	
47	106	
42	160	
41	177	
46	119	
41	172	
40	184	
45	128	
41	171	
44	137	
40	181	
34	299	
40	183	
44	133	
34	293	
26	85	
26	87	
45	120	
44	131	
26	83	
43	148	
25	93	
37	259	
43	144	
42	153	
38	240	
42	156	
36	266	
28	59	
29	45	
41	168	
291	303	
45	118	
35	279	
41	164	
46	100	
46	101	
28	53	
45	110	
34	286	
44	126	
44	128	
40	171	
45	113	
44	123	
38	235	
290	309	
43	137	
25	89	
42	147	
38	233	
29	35	
42	143	
24	96	
37	240	
24	92	
29	34	
45	107	
41	152	
40	165	
45	100	
44	117	
35	261	
27	53	
43	128	
33	285	
38	227	
43	126	
25	72	
43	121	
32	298	
25	70	
28	38	
32	290	
37	231	
24	82	
23	92	
34	264	
27	40	
39	207	
292	309	
26	59	
43	113	
42	125	
25	61	
33	270	
36	238	
36	234	
31	294	
29	12	
41	135	
36	236	
35	245	
27	37	
40	142	
35	243	
27	35	
26	45	
38	207	
43	107	
37	218	
38	203	
38	205	
25	56	
32	275	
293	300	
43	100	
293	301	
41	125	
42	111	
42	112	
41	121	
36	224	
22	86	
36	221	
28	13	
35	230	
26	38	
40	130	
22	83	
293	313	
26	32	
25	42	
25	44	
42	105	
23	66	
36	216	
295	309	
32	260	
37	202	
36	212	
22	75	
40	124	
23	60	
290	12	
25	36	
25	32	
31	268	
41	109	
290	16	
40	119	
30	279	
36	204	
296	304	
41	105	
31	265	
35	216	
23	51	
23	52	
30	277	
40	118	
40	111	
34	229	
23	50	
35	211	
290	25	
21	72	
34	222	
25	24	
33	232	
32	244	
24	37	
32	247	
24	32	
291	13	
290	28	
35	209	
296	314	
40	109	
30	264	
35	207	
292	13	
40	101	
35	202	
296	312	
21	67	
21	61	
34	211	
290	32	
24	25	
292	11	
20	71	
23	37	
31	245	
24	23	
23	33	
23	35	
292	29	
31	244	
297	314	
33	218	
34	202	
21	51	
32	227	
24	14	
292	22	
291	38	
291	37	
31	236	
283	65	
20	287	
25	229	
291	279	
17	16	
292	264	
282	74	
12	72	
290	285	
24	230	
290	286	
23	247	
16	23	
15	39	
283	68	
296	213	
295	229	
293	247	
15	37	
11	80	
294	234	
14	46	
285	33	
284	49	
23	241	
292	255	
22	251	
287	13	
292	257	
14	45	
281	86	
26	203	
13	57	
293	246	
291	285	
20	275	
297	211	
25	217	
296	229	
292	272	
24	227	
283	71	
25	213	
282	86	
25	214	
288	10	
16	17	
295	236	
285	50	
291	280	
291	284	
15	23	
285	49	
294	243	
10	84	
295	231	
294	248	
290	291	
23	230	
287	24	
281	99	
292	268	
287	22	
30	107	
281	96	
287	20	
286	34	
12	56	
289	10	
297	226	
297	227	
298	211	
30	102	
287	37	
296	230	
291	290	
284	76	
291	292	
11	62	
22	236	
15	14	
10	74	
22	232	
14	24	
295	244	
21	246	
298	207	
286	47	
293	267	
286	46	
284	82	
297	232	
289	23	
292	291	
289	21	
13	31	
12	47	
288	36	
11	56	
12	40	
12	42	
24	201	
295	256	
11	54	
284	88	
11	55	
285	71	
23	214	
296	245	
18	312	
22	228	
14	13	
286	51	
14	15	
295	255	
14	11	
22	220	
14	12	
13	28	
12	38	
298	219	
21	232	
297	244	
20	244	
297	248	
11	41	
23	207	
295	268	
289	39	
296	256	
23	205	
11	40	
294	277	
17	311	
295	265	
13	14	
298	227	
20	235	
286	69	
12	29	
287	51	
297	255	
297	256	
10	49	
22	207	
22	208	
22	209	
289	47	
297	253	
21	219	
299	227	
21	215	
17	302	
286	71	
285	86	
16	313	
293	296	
293	297	
287	64	
20	226	
12	14	
10	39	
298	254	
12	10	
296	274	
21	207	
16	301	
288	64	
299	231	
298	247	
299	232	
16	304	
287	75	
287	74	
294	296	
297	276	
15	311	
288	79	
288	78	
11	14	
299	250	
296	289	
289	68	
286	99	
295	297	
288	74	
299	244	
299	245	
288	70	
20	203	
298	273	
14	310	
14	311	
298	277	
10	12	
296	293	
296	294	
288	82	
14	303	
299	273	
297	293	
297	295	
299	264	
288	93	
288	90	
13	308	
299	283	
12	312	
28	8	
289	90	
12	302	
27	9	
11	310	
299	285	
27	6	
299	288	
27	2	
11	304	
26	2	
26	3	
10	304	
10	301	
39	181	
38	197	
38	193	
293	2	
38	183	
37	191	
38	174	
280	300	
38	171	
36	197	
37	182	
36	199	
36	193	
295	1	
38	165	
37	173	
296	0	
36	184	
35	193	
35	196	
35	192	
280	308	
39	141	
36	179	
37	160	
297	6	
297	2	
29	298	
38	147	
29	292	
281	304	
35	179	
33	199	
39	125	
33	195	
281	310	
29	282	
37	146	
28	290	
19	98	
19	94	
36	153	
36	155	
282	314	
38	129	
34	175	
34	170	
37	138	
27	299	
282	311	
19	85	
19	87	
27	296	
19	88	
18	97	
37	131	
18	90	
18	91	
34	167	
283	312	
38	119	
299	1	
29	264	
283	314	
37	126	
299	9	
37	128	
32	187	
38	113	
36	139	
27	280	
37	121	
27	281	
36	130	
31	190	
36	132	
35	148	
18	84	
18	85	
285	301	
17	91	
29	257	
17	92	
38	109	
280	17	
280	15	
28	266	
280	12	
32	176	
27	277	
38	102	
33	161	
36	127	
32	171	
286	303	
18	77	
290	219	
27	270	
18	72	
34	147	
17	85	
290	211	
29	244	
17	80	
34	146	
25	290	
27	269	
280	27	
37	105	
32	165	
280	22	
33	150	
282	15	
31	176	
286	311	
282	13	
36	119	
32	162	
26	279	
281	27	
26	275	
30	183	
25	285	
31	170	
36	111	
34	136	
29	237	
24	296	
17	73	
29	234	
34	134	
24	295	
28	247	
28	241	
19	49	
28	242	
280	38	
15	94	
291	207	
280	37	
32	153	
19	48	
19	41	
35	117	
31	161	
26	262	
36	103	
25	279	
281	36	
35	113	
30	172	
30	173	
17	62	
16	78	
282	29	
24	287	
17	60	
16	72	
28	230	
15	83	
287	304	
280	47	
287	308	
281	47	
281	46	
35	103	
284	12	
17	50	
30	160	
16	62	
280	53	
288	305	
16	64	
23	289	
288	307	
22	298	
16	60	
293	209	
33	125	
29	210	
14	87	
292	212	
281	44	
27	237	
27	238	
280	57	
27	232	
13	99	
32	132	
22	292	
14	84	
282	48	
291	242	
26	245	
19	22	
13	90	
17	48	
13	93	
291	248	
294	206	
25	252	
283	37	
33	119	
16	56	
290	256	
29	200	
15	67	
293	215	
33	118	
28	212	
22	287	
15	63	
293	218	
33	112	
15	64	
293	219	
31	139	
291	238	
292	223	
281	55	
15	62	
14	71	
26	237	
22	280	
13	88	
32	121	
26	238	
14	73	
288	314	
25	249	
13	84	
291	255	
282	56	
292	241	
30	145	
17	38	
13	81	
31	130	
18	23	
13	82	
292	243	
282	52	
24	256	
295	202	
25	242	
25	243	
17	35	
12	94	
23	269	
295	206	
295	207	
285	15	
294	212	
27	217	
14	68	
28	202	
22	277	
285	11	
27	213	
21	289	
282	50	
13	76	
292	237	
280	79	
32	110	
32	111	
285	17	
280	76	
30	137	
13	73	
30	138	
291	265	
26	224	
30	132	
291	269	
16	37	
295	212	
12	81	
11	98	
24	241	
11	95	
285	25	
15	41	
21	277	
14	53	
26	218	
21	278	
281	77	
27	204	
21	279	
282	60	
281	76	
27	205	
21	273	
293	232	
286	15	
21	274	
13	68	
41	313	
41	311	
57	4	
57	1	
101	200	
41	301	
56	8	
56	7	
56	0	
102	201	
101	224	
55	8	
55	3	
102	218	
104	204	
101	234	
100	248	
101	231	
101	230	
54	2	
54	3	
103	228	
100	260	
101	248	
103	222	
102	237	
102	235	
101	249	
53	1	
110	117	
106	200	
105	213	
101	255	
100	269	
105	209	
52	4	
104	234	
110	129	
101	273	
110	126	
105	227	
105	226	
100	285	
105	225	
105	224	
102	251	
101	265	
111	104	
106	205	
111	103	
101	263	
103	245	
104	248	
51	5	
59	198	
105	239	
101	282	
111	121	
110	136	
110	134	
110	133	
51	0	
112	105	
111	116	
107	201	
106	217	
103	256	
104	240	
103	250	
104	259	
105	240	
101	294	
105	249	
50	9	
105	248	
110	145	
58	194	
103	260	
112	113	
107	213	
106	229	
101	287	
101	286	
113	108	
113	107	
112	117	
114	108	
109	206	
114	104	
58	188	
105	259	
112	127	
57	193	
103	279	
113	117	
108	215	
103	274	
113	112	
103	272	
104	278	
105	262	
59	164	
114	115	
106	258	
107	241	
106	257	
110	169	
106	253	
115	107	
57	182	
113	121	
103	281	
102	293	
109	214	
103	286	
103	285	
115	116	
110	174	
115	114	
112	152	
107	253	
111	167	
110	179	
106	264	
113	131	
107	248	
57	173	
57	174	
55	199	
107	245	
112	143	
113	139	
55	197	
55	198	
55	194	
106	272	
105	288	
59	144	
110	186	
116	111	
58	157	
114	137	
112	161	
112	160	
116	115	
106	275	
110	188	
57	161	
55	188	
114	134	
56	171	
104	290	
59	133	
110	197	
111	181	
110	196	
59	136	
115	133	
58	148	
49	292	
117	113	
117	112	
117	110	
107	270	
57	154	
56	165	
56	166	
108	254	
57	151	
117	109	
112	168	
112	166	
105	291	
114	146	
55	175	
108	257	
48	298	
58	139	
54	183	
49	284	
59	124	
49	285	
115	145	
57	147	
48	291	
112	183	
111	198	
39	94	
112	180	
39	95	
107	280	
108	263	
55	167	
109	257	
113	168	
55	160	
49	277	
58	128	
116	143	
49	273	
113	180	
52	195	
53	180	
107	294	
48	282	
52	192	
119	102	
109	261	
108	277	
108	276	
57	130	
113	173	
117	129	
112	188	
38	92	
109	269	
54	165	
49	266	
59	222	
106	193	
46	74	
53	292	
45	84	
58	236	
107	186	
57	246	
45	81	
53	290	
44	98	
62	147	
45	83	
61	156	
44	92	
49	34	
44	93	
61	152	
48	41	
47	57	
107	177	
109	158	
47	55	
64	114	
54	274	
109	154	
54	275	
47	51	
108	169	
46	61	
54	271	
54	272	
63	128	
58	222	
57	238	
57	239	
52	299	
62	133	
57	234	
44	85	
107	196	
108	180	
63	120	
62	136	
53	280	
57	230	
43	98	
61	148	
60	157	
55	254	
108	173	
56	240	
43	91	
56	241	
55	250	
55	253	
109	167	
63	119	
45	66	
59	200	
53	275	
64	100	
63	117	
49	19	
45	63	
62	129	
52	282	
57	220	
56	236	
56	237	
43	89	
56	231	
43	82	
55	248	
49	10	
54	259	
55	244	
109	177	
54	254	
46	40	
58	200	
57	217	
52	277	
45	53	
51	287	
52	273	
62	113	
61	123	
48	17	
57	210	
44	61	
51	286	
48	19	
55	236	
60	137	
100	7	
43	70	
54	245	
42	81	
54	242	
46	35	
52	268	
46	31	
41	90	
45	40	
45	41	
57	207	
44	53	
61	112	
51	272	
55	229	
43	65	
56	210	
50	285	
43	61	
42	78	
60	127	
51	271	
43	63	
42	79	
109	190	
50	282	
41	85	
47	12	
42	71	
101	8	
54	232	
53	243	
52	251	
43	59	
44	43	
43	54	
43	56	
46	14	
45	26	
45	29	
53	231	
103	5	
45	20	
51	254	
50	267	
43	44	
50	268	
60	109	
60	102	
55	203	
42	55	
42	50	
40	78	
41	65	
40	75	
40	70	
104	4	
45	14	
52	232	
44	25	
52	230	
54	209	
53	217	
40	68	
53	212	
48	313	
52	229	
40	65	
53	215	
40	60	
48	310	
105	0	
105	7	
105	5	
42	37	
105	3	
41	48	
41	45	
42	30	
53	207	
53	208	
52	217	
48	302	
52	218	
53	203	
48	305	
53	200	
51	225	
51	222	
106	2	
42	25	
42	21	
41	38	
40	45	
40	46	
47	307	
47	308	
47	303	
51	215	
50	227	
50	220	
42	12	
106	8	
51	205	
46	303	
41	19	
41	15	
40	27	
41	11	
107	2	
108	0	
40	12	
40	11	
44	303	
59	0	
43	300	
42	311	
42	314	
34	309	
33	313	
100	106	
49	6	
33	305	
32	311	
32	313	
48	6	
48	4	
100	133	
100	131	
32	303	
32	305	
101	126	
101	125	
101	121	
102	119	
31	302	
104	105	
46	8	
46	4	
104	108	
101	138	
102	122	
101	137	
100	147	
102	129	
103	111	
30	306	
30	308	
30	301	
104	114	
30	304	
103	128	
104	111	
103	126	
30	300	
100	167	
100	164	
105	104	
100	161	
45	7	
102	130	
101	145	
102	134	
105	112	
101	163	
106	100	
104	129	
101	158	
44	7	
101	155	
102	155	
101	169	
102	151	
43	6	
101	165	
103	142	
104	146	
106	125	
105	136	
102	163	
103	153	
102	168	
105	142	
104	158	
107	115	
107	113	
106	129	
101	187	
106	127	
108	104	
49	195	
41	6	
104	169	
105	152	
49	192	
108	113	
104	163	
108	114	
40	9	
49	184	
48	195	
109	117	
102	198	
103	182	
102	197	
102	196	
103	188	
48	189	
49	175	
104	189	
48	187	
106	169	
47	198	
107	145	
105	170	
49	169	
103	199	
104	182	
108	138	
108	137	
105	183	
104	199	
106	178	
107	161	
108	142	
108	147	
106	184	
106	180	
47	178	
48	163	
108	160	
47	172	
109	148	
109	143	
49	261	
54	161	
58	118	
52	187	
53	171	
48	272	
47	289	
52	189	
57	125	
58	110	
47	286	
47	280	
47	281	
39	75	
56	134	
38	86	
55	147	
58	108	
52	175	
47	276	
46	286	
46	281	
38	73	
50	198	
54	149	
37	86	
38	70	
50	195	
54	147	
53	153	
57	107	
57	108	
53	151	
53	152	
47	269	
46	278	
51	178	
39	52	
57	100	
39	53	
56	110	
46	272	
38	60	
36	86	
36	88	
36	89	
49	231	
49	233	
44	292	
53	149	
54	133	
48	244	
49	230	
35	93	
47	251	
45	275	
46	260	
50	175	
56	102	
55	111	
45	270	
43	296	
54	120	
35	88	
53	137	
44	281	
43	291	
47	244	
48	231	
34	94	
50	169	
51	153	
34	90	
55	104	
38	41	
50	165	
46	250	
54	118	
44	279	
53	124	
48	227	
47	237	
53	122	
42	299	
51	148	
42	292	
47	234	
46	246	
52	131	
46	248	
51	140	
50	157	
51	142	
54	109	
44	269	
46	240	
36	57	
37	42	
45	251	
48	218	
35	69	
54	103	
43	279	
54	104	
35	67	
54	100	
48	217	
46	238	
51	138	
39	15	
34	74	
41	293	
39	10	
38	26	
33	86	
38	28	
33	83	
50	143	
38	21	
37	33	
44	250	
53	102	
48	201	
43	260	
35	53	
52	110	
47	211	
46	227	
52	111	
51	127	
34	64	
34	60	
38	17	
34	61	
37	27	
46	220	
40	295	
33	71	
38	12	
50	137	
37	23	
37	24	
50	132	
40	293	
37	22	
36	33	
44	242	
35	46	
34	55	
47	206	
51	116	
46	219	
51	112	
41	273	
33	66	
37	16	
32	75	
45	227	
45	223	
37	15	
36	25	
31	85	
43	247	
43	240	
34	49	
30	92	
42	255	
41	264	
41	263	
33	55	
50	112	
33	50	
40	275	
35	29	
35	27	
30	86	
31	70	
35	23	
30	83	
42	241	
42	244	
41	255	
50	107	
45	209	
32	55	
32	50	
44	217	
31	68	
44	211	
44	213	
35	17	
34	29	
33	36	
33	37	
40	254	
44	209	
44	205	
39	307	
39	301	
43	217	
39	303	
30	69	
42	227	
38	312	
30	62	
41	235	
33	23	
40	245	
30	59	
31	46	
30	55	
43	207	
43	200	
42	214	
37	311	
40	239	
32	24	
32	25	
32	26	
32	21	
42	209	
30	42	
40	226	
41	203	
36	302	
40	210	
35	313	
40	213	
31	13	
184	309	
184	308	
276	177	
279	137	
275	185	
269	291	
274	194	
279	136	
199	5	
276	169	
278	141	
276	183	
185	305	
277	170	
190	200	
277	174	
185	300	
275	196	
185	309	
276	182	
279	146	
279	147	
180	17	
180	18	
190	216	
277	180	
277	181	
185	313	
277	184	
181	19	
279	159	
191	206	
276	193	
279	151	
278	168	
279	154	
277	176	
277	177	
181	15	
186	311	
277	192	
181	29	
190	221	
192	204	
191	216	
279	163	
182	10	
181	26	
278	177	
190	238	
182	28	
192	210	
180	44	
279	176	
279	177	
192	208	
180	43	
192	206	
192	205	
181	39	
191	233	
190	247	
182	37	
183	20	
192	225	
184	16	
184	11	
193	207	
279	187	
270	6	
181	40	
193	203	
180	53	
188	301	
279	180	
181	45	
193	209	
183	30	
193	221	
193	220	
191	248	
184	22	
183	38	
191	246	
193	218	
189	303	
180	68	
180	63	
271	9	
279	192	
279	193	
193	219	
195	209	
191	251	
195	207	
182	57	
193	232	
184	36	
194	212	
193	227	
181	61	
180	77	
180	73	
195	205	
183	40	
194	219	
272	4	
194	218	
194	216	
181	65	
194	214	
184	40	
191	264	
183	54	
195	218	
273	3	
192	257	
184	49	
194	223	
194	222	
181	73	
193	235	
182	65	
190	270	
195	210	
197	203	
274	4	
274	0	
185	44	
197	206	
185	42	
193	249	
193	247	
186	23	
181	82	
195	226	
195	225	
195	222	
192	272	
183	79	
190	298	
188	16	
198	205	
186	41	
192	279	
197	219	
192	277	
197	216	
195	230	
194	245	
194	243	
194	240	
195	236	
190	295	
190	294	
191	299	
183	89	
197	222	
183	85	
191	293	
183	86	
193	276	
199	200	
192	289	
185	61	
187	32	
260	309	
186	43	
196	232	
183	84	
188	22	
182	97	
182	98	
260	301	
197	236	
192	294	
197	232	
189	24	
184	80	
196	245	
198	225	
185	77	
198	224	
193	281	
185	72	
193	279	
199	203	
194	261	
195	259	
183	95	
187	48	
260	311	
198	230	
189	39	
184	94	
262	300	
199	223	
193	297	
262	303	
186	72	
184	99	
195	262	
187	52	
194	274	
194	273	
196	253	
196	250	
189	48	
194	290	
185	99	
185	96	
198	245	
185	97	
185	95	
194	288	
199	228	
199	227	
194	286	
188	58	
188	55	
198	250	
197	263	
197	262	
186	95	
187	80	
198	257	
188	60	
187	76	
195	284	
194	299	
199	236	
189	52	
196	275	
188	64	
196	271	
187	79	
197	158	
197	153	
251	45	
258	304	
250	55	
195	175	
252	25	
194	189	
195	171	
195	170	
197	151	
196	165	
260	231	
196	164	
260	234	
264	201	
259	304	
259	306	
254	15	
259	307	
196	179	
258	310	
262	227	
251	52	
258	314	
261	235	
195	180	
262	222	
251	47	
260	240	
196	172	
250	76	
255	16	
255	14	
198	161	
262	235	
262	236	
263	221	
251	65	
255	19	
199	150	
261	246	
256	12	
197	188	
250	80	
263	231	
256	17	
262	249	
198	178	
262	240	
199	159	
251	69	
260	261	
265	202	
264	219	
197	183	
197	182	
265	207	
270	107	
196	193	
255	38	
250	95	
198	184	
198	183	
264	238	
250	91	
198	180	
262	256	
262	257	
263	242	
251	85	
256	24	
251	83	
263	247	
261	264	
253	55	
261	265	
261	266	
261	260	
197	191	
261	263	
254	40	
264	243	
199	182	
190	6	
270	130	
270	131	
262	269	
199	185	
264	242	
253	64	
272	103	
272	106	
255	42	
255	41	
270	125	
261	270	
254	55	
254	54	
271	113	
254	51	
191	2	
199	191	
255	58	
199	190	
253	80	
254	60	
253	73	
262	275	
258	13	
257	29	
268	201	
273	101	
263	261	
265	237	
266	222	
271	122	
264	268	
253	90	
268	217	
263	277	
264	261	
274	103	
256	58	
269	205	
256	57	
262	281	
271	138	
267	223	
254	70	
253	84	
272	126	
268	212	
253	82	
268	213	
254	79	
271	132	
272	120	
274	117	
265	261	
256	66	
269	219	
256	65	
275	106	
266	251	
263	286	
268	228	
273	128	
268	229	
263	289	
269	215	
256	69	
253	98	
258	38	
254	81	
263	280	
266	241	
266	245	
271	145	
266	246	
271	146	
272	131	
275	113	
266	261	
256	71	
257	66	
257	65	
254	93	
268	231	
254	91	
193	7	
275	109	
266	254	
266	255	
266	257	
255	81	
254	97	
272	141	
267	242	
259	37	
264	299	
276	110	
256	83	
270	188	
264	292	
274	133	
273	149	
258	60	
269	237	
273	140	
267	258	
272	158	
276	108	
272	152	
267	253	
265	295	
271	181	
266	282	
271	183	
273	158	
257	88	
274	145	
258	71	
270	190	
265	291	
277	108	
272	168	
267	269	
259	54	
268	255	
269	241	
266	274	
256	92	
195	7	
272	160	
195	5	
257	91	
276	134	
181	302	
258	83	
259	68	
267	279	
278	104	
273	163	
268	264	
259	61	
266	285	
277	110	
266	286	
277	114	
272	173	
267	274	
276	145	
277	130	
273	179	
259	80	
269	267	
258	95	
267	288	
259	77	
268	275	
274	160	
269	262	
279	103	
259	72	
274	162	
276	136	
271	196	
277	122	
277	125	
278	110	
268	271	
279	117	
274	178	
278	124	
272	199	
273	185	
273	186	
274	172	
273	189	
277	131	
272	192	
267	293	
277	134	
278	120	
182	308	
276	168	
268	295	
273	194	
278	137	
278	138	
269	283	
276	159	
277	144	
268	292	
171	38	
180	238	
172	29	
182	207	
269	172	
171	32	
267	199	
172	30	
182	221	
181	237	
181	235	
174	10	
173	24	
268	199	
181	228	
173	19	
183	209	
171	40	
171	41	
178	304	
172	47	
173	30	
180	252	
172	41	
182	232	
182	231	
173	37	
180	259	
182	229	
182	224	
174	14	
182	222	
181	238	
171	56	
261	5	
171	53	
185	208	
262	6	
180	263	
182	241	
181	257	
190	109	
181	252	
183	222	
183	227	
171	63	
175	18	
180	277	
172	63	
173	57	
190	119	
180	279	
174	38	
176	18	
184	225	
172	60	
171	74	
175	29	
173	64	
186	212	
181	271	
173	62	
172	74	
174	57	
187	204	
181	277	
170	96	
183	245	
176	22	
170	95	
175	34	
183	240	
182	256	
185	222	
190	120	
184	237	
177	14	
172	71	
191	124	
190	139	
178	17	
172	89	
185	238	
173	74	
178	12	
180	294	
180	293	
182	276	
265	2	
175	52	
175	50	
187	212	
173	77	
184	241	
176	32	
175	49	
183	255	
176	31	
171	98	
178	27	
173	86	
191	134	
173	87	
179	10	
178	26	
185	248	
191	130	
186	231	
181	290	
190	145	
186	230	
183	271	
188	211	
182	286	
250	308	
191	138	
179	16	
182	280	
176	43	
193	106	
183	266	
175	55	
250	304	
192	117	
183	261	
184	253	
191	146	
186	247	
179	22	
179	21	
185	259	
191	141	
187	239	
175	73	
251	301	
174	88	
175	70	
186	249	
182	291	
189	204	
193	118	
193	117	
250	311	
183	276	
189	200	
250	313	
185	252	
177	41	
178	47	
193	133	
183	291	
183	290	
192	145	
179	35	
192	142	
186	259	
179	36	
189	213	
176	63	
189	211	
189	210	
185	263	
194	117	
184	277	
196	107	
192	150	
179	43	
186	265	
253	303	
190	179	
191	163	
268	6	
190	178	
196	102	
195	118	
192	159	
193	142	
252	310	
192	156	
187	256	
187	255	
189	224	
183	297	
188	235	
185	275	
178	51	
185	273	
190	171	
189	229	
194	126	
269	7	
253	311	
197	102	
178	67	
196	114	
186	273	
193	155	
188	254	
193	152	
188	253	
192	164	
189	233	
189	231	
189	230	
190	186	
191	170	
196	110	
185	285	
195	124	
185	284	
178	60	
190	181	
189	239	
195	121	
192	170	
197	110	
196	126	
191	184	
190	199	
250	17	
188	264	
187	279	
198	102	
185	291	
195	130	
194	145	
176	96	
194	143	
189	242	
176	93	
254	302	
196	122	
178	75	
177	88	
185	296	
190	193	
195	133	
188	270	
187	286	
179	77	
191	199	
192	182	
186	299	
191	197	
187	282	
198	111	
194	157	
177	94	
260	207	
189	252	
196	134	
196	130	
177	97	
178	82	
178	80	
178	98	
178	99	
189	273	
251	22	
193	185	
188	284	
187	299	
188	282	
194	164	
199	104	
189	264	
261	205	
199	103	
196	145	
195	155	
193	190	
179	97	
197	145	
197	142	
196	157	
189	284	
262	202	
257	303	
194	182	
257	305	
193	196	
262	205	
250	46	
262	207	
188	294	
257	309	
250	44	
197	149	
198	133	
199	116	
194	173	
196	156	
196	151	
196	150	
244	48	
244	47	
254	230	
245	31	
243	59	
189	174	
261	109	
252	254	
245	39	
246	21	
245	35	
250	277	
246	18	
251	266	
246	16	
244	42	
260	110	
243	53	
254	229	
253	255	
254	240	
180	0	
253	257	
245	40	
244	55	
189	184	
262	105	
188	197	
180	6	
257	209	
251	271	
242	76	
250	288	
254	235	
243	68	
260	120	
243	66	
260	123	
242	79	
256	210	
258	208	
253	267	
245	54	
263	108	
254	252	
262	113	
257	214	
247	32	
246	46	
189	194	
252	276	
263	101	
252	277	
181	1	
258	204	
247	28	
248	12	
250	299	
256	224	
257	210	
247	23	
257	212	
255	230	
260	133	
245	67	
259	202	
259	205	
264	106	
254	266	
244	77	
260	150	
259	208	
262	124	
257	225	
247	43	
257	227	
252	286	
246	57	
263	111	
262	128	
253	273	
259	200	
263	115	
260	148	
261	133	
261	134	
242	93	
261	139	
244	74	
264	113	
265	101	
258	223	
262	139	
259	210	
263	126	
256	245	
182	6	
262	130	
256	247	
260	151	
255	253	
249	25	
244	82	
261	140	
261	142	
244	99	
247	63	
263	134	
247	61	
259	220	
263	137	
253	297	
248	46	
256	257	
183	2	
254	279	
244	97	
183	9	
255	266	
255	268	
260	168	
246	81	
254	298	
263	142	
262	159	
263	144	
258	245	
258	247	
258	249	
261	165	
261	166	
262	150	
248	55	
257	253	
261	169	
257	256	
247	67	
260	173	
245	91	
245	90	
184	5	
256	262	
260	178	
255	291	
259	248	
255	292	
246	91	
185	6	
255	295	
263	153	
247	86	
259	240	
257	262	
257	266	
263	151	
262	167	
261	171	
261	172	
261	173	
186	5	
265	141	
256	290	
247	96	
259	251	
258	267	
247	95	
170	311	
264	153	
247	91	
257	272	
262	171	
248	78	
257	274	
263	162	
170	304	
255	297	
261	183	
249	64	
269	109	
265	156	
258	275	
269	100	
263	176	
266	139	
267	126	
267	127	
268	111	
268	112	
263	173	
266	132	
266	134	
249	79	
261	194	
256	295	
256	296	
256	297	
263	185	
258	286	
269	111	
258	288	
259	274	
259	276	
262	195	
267	136	
267	137	
263	180	
262	197	
172	309	
266	147	
267	132	
257	292	
264	188	
264	189	
263	197	
259	283	
269	125	
267	145	
249	94	
268	133	
249	90	
188	4	
266	156	
266	157	
249	99	
267	142	
267	144	
172	313	
265	186	
174	303	
264	191	
269	137	
189	5	
189	1	
189	2	
189	0	
266	164	
266	165	
173	310	
267	155	
189	8	
266	183	
174	313	
267	168	
267	160	
175	312	
180	210	
171	17	
171	13	
176	305	
269	156	
268	162	
268	165	
269	152	
268	169	
268	161	
180	223	
269	169	
172	18	
170	31	
268	175	
181	209	
266	198	
266	199	
171	21	
170	34	
290	169	
20	166	
292	140	
286	258	
25	102	
15	262	
23	129	
14	274	
279	35	
23	125	
285	266	
13	287	
286	252	
19	213	
18	229	
279	30	
278	46	
293	126	
22	138	
17	239	
13	282	
12	298	
293	128	
294	113	
275	72	
23	120	
294	117	
16	246	
12	290	
277	52	
293	121	
287	238	
21	141	
287	239	
15	254	
286	266	
291	167	
14	268	
292	155	
290	173	
295	116	
279	44	
19	200	
279	43	
286	263	
14	261	
276	72	
23	112	
283	299	
294	124	
275	85	
11	299	
12	284	
294	127	
289	228	
22	120	
12	280	
293	132	
277	61	
11	292	
284	280	
291	175	
291	176	
20	144	
14	255	
292	165	
288	250	
20	141	
292	166	
290	183	
295	127	
285	288	
13	266	
23	101	
12	277	
276	80	
12	271	
290	181	
12	274	
295	123	
21	123	
293	140	
11	285	
20	136	
21	121	
10	297	
289	231	
294	131	
284	291	
278	76	
290	194	
279	69	
13	258	
296	121	
279	67	
295	139	
291	182	
285	299	
291	183	
279	64	
296	125	
291	185	
276	94	
294	145	
285	290	
285	291	
10	288	
292	167	
10	289	
11	274	
277	82	
294	140	
21	110	
288	258	
20	120	
14	237	
297	122	
278	88	
15	223	
291	199	
15	224	
293	170	
277	99	
286	290	
14	232	
13	244	
12	256	
16	206	
21	106	
295	144	
287	279	
20	119	
16	204	
294	150	
288	267	
293	167	
10	275	
293	168	
15	210	
296	149	
20	110	
10	271	
15	213	
14	229	
293	180	
14	223	
278	95	
14	224	
295	159	
14	221	
296	145	
296	146	
12	248	
13	233	
12	245	
288	274	
15	209	
288	276	
298	118	
289	263	
279	95	
14	216	
298	130	
279	93	
293	191	
297	149	
14	214	
298	135	
13	223	
13	224	
299	118	
12	233	
295	162	
295	167	
288	285	
298	125	
11	240	
294	170	
294	171	
299	115	
289	275	
289	276	
14	200	
297	159	
298	143	
299	130	
13	212	
295	171	
294	188	
295	173	
296	160	
289	280	
293	195	
10	245	
294	180	
293	196	
288	299	
299	127	
298	150	
12	218	
296	170	
10	239	
11	224	
299	131	
294	190	
10	234	
299	132	
294	192	
299	136	
289	296	
294	196	
298	163	
299	152	
296	185	
12	203	
295	195	
12	201	
10	226	
10	222	
299	143	
10	224	
295	190	
10	221	
298	172	
297	183	
11	205	
10	212	
299	159	
299	171	
297	193	
298	195	
298	190	
299	191	
299	194	
19	8	
299	186	
299	187	
18	9	
17	9	
292	6	
292	5	
17	4	
199	26	
196	63	
23	2	
193	90	
271	307	
197	42	
270	313	
270	314	
194	80	
194	96	
195	88	
198	43	
197	55	
272	302	
287	4	
199	36	
199	33	
198	47	
271	310	
273	308	
273	300	
196	89	
273	304	
198	55	
288	2	
198	50	
288	0	
288	9	
198	59	
288	8	
199	40	
199	41	
273	312	
197	80	
197	81	
289	1	
29	181	
289	8	
289	7	
199	55	
289	4	
289	3	
20	1	
198	80	
29	175	
198	70	
29	172	
28	182	
198	78	
275	310	
27	197	
271	12	
270	27	
271	10	
27	193	
198	86	
29	163	
198	82	
29	160	
280	207	
280	208	
199	78	
280	209	
26	199	
280	221	
26	198	
272	15	
29	156	
199	82	
29	159	
280	216	
276	301	
270	33	
276	303	
28	160	
281	205	
27	178	
199	84	
26	181	
270	45	
281	216	
27	168	
277	303	
26	178	
278	307	
273	21	
272	37	
24	198	
282	215	
29	130	
283	203	
282	219	
280	238	
28	145	
281	228	
277	313	
27	150	
271	56	
281	241	
271	54	
272	48	
279	307	
272	46	
24	189	
282	225	
274	14	
29	126	
274	12	
274	11	
23	196	
281	233	
271	51	
27	148	
28	134	
28	130	
280	263	
272	54	
290	104	
271	69	
271	68	
26	158	
272	51	
271	67	
270	79	
283	229	
25	165	
284	214	
273	41	
25	162	
275	10	
29	114	
24	173	
29	115	
282	239	
274	21	
23	186	
17	296	
17	298	
22	193	
22	190	
290	118	
281	262	
271	76	
291	105	
286	206	
284	228	
273	52	
19	268	
274	37	
28	119	
275	20	
22	188	
283	235	
28	114	
273	49	
28	115	
22	184	
17	285	
270	86	
26	137	
21	196	
275	26	
282	244	
270	84	
282	246	
26	133	
281	270	
286	212	
277	15	
17	280	
280	289	
271	88	
16	290	
277	12	
281	275	
273	68	
25	142	
19	255	
290	123	
280	284	
275	32	
18	262	
22	179	
284	232	
286	208	
22	176	
271	80	
275	37	
27	112	
291	120	
272	87	
277	27	
285	239	
286	223	
25	135	
272	82	
277	22	
277	21	
284	246	
25	132	
280	291	
290	134	
19	242	
17	267	
275	40	
27	109	
283	259	
274	54	
273	69	
286	218	
287	202	
271	95	
21	179	
17	265	
271	92	
26	115	
282	266	
17	261	
275	45	
286	232	
21	171	
278	21	
291	135	
272	94	
20	183	
15	285	
15	286	
15	280	
285	241	
24	137	
19	238	
15	282	
285	243	
23	147	
24	131	
24	132	
19	233	
285	245	
19	234	
285	246	
275	55	
275	54	
18	246	
288	207	
275	53	
19	231	
17	256	
283	269	
18	242	
22	151	
276	47	
272	90	
282	272	
22	152	
291	129	
282	273	
277	30	
22	153	
287	216	
26	106	
17	250	
293	102	
292	118	
22	150	
15	277	
277	49	
26	103	
25	112	
15	272	
25	114	
294	107	
279	26	
279	25	
24	126	
19	227	
273	98	
18	237	
290	154	
279	21	
19	223	
290	157	
13	292	
283	276	
294	101	
293	117	
19	220	
275	63	
274	79	
22	144	
17	245	
283	279	
22	146	
289	206	
13	291	
274	75	
21	156	
292	123	
292	124	
17	243	
287	228	
292	128	
288	213	
16	255	
286	133	
281	193	
11	190	
276	297	
287	122	
281	197	
286	139	
15	143	
191	308	
285	147	
269	70	
12	178	
279	254	
17	115	
284	156	
11	184	
282	173	
277	275	
16	127	
283	161	
15	139	
10	198	
288	105	
15	133	
10	193	
286	147	
287	132	
277	294	
287	135	
192	302	
285	154	
285	155	
285	156	
269	81	
284	160	
278	279	
13	152	
279	267	
269	77	
16	114	
282	187	
282	188	
10	182	
15	124	
15	125	
287	145	
285	164	
13	145	
288	128	
12	157	
16	107	
16	108	
289	118	
279	278	
11	169	
16	103	
10	179	
16	105	
277	298	
11	165	
10	174	
15	118	
286	167	
13	136	
279	283	
12	145	
284	185	
289	127	
279	287	
193	302	
12	140	
284	188	
284	189	
287	147	
287	148	
288	134	
193	307	
15	100	
14	114	
285	185	
190	11	
14	110	
13	126	
287	160	
194	300	
289	136	
284	195	
289	137	
284	197	
12	130	
10	158	
194	307	
279	291	
289	131	
194	303	
287	173	
195	309	
195	307	
190	22	
286	182	
13	116	
286	187	
12	128	
190	14	
195	304	
10	148	
194	314	
196	305	
288	173	
288	174	
13	103	
286	194	
190	31	
12	117	
289	156	
191	11	
11	123	
10	137	
289	152	
192	19	
12	107	
12	106	
10	129	
288	175	
192	15	
192	13	
193	15	
288	194	
280	0	
11	104	
11	100	
11	103	
10	119	
10	113	
289	172	
193	10	
289	175	
191	37	
194	14	
193	27	
198	311	
191	43	
288	197	
193	22	
192	35	
10	100	
193	39	
193	38	
193	35	
193	36	
190	77	
190	75	
199	308	
199	301	
289	192	
192	49	
196	12	
191	72	
190	84	
192	52	
282	3	
191	67	
282	9	
193	40	
190	90	
193	57	
196	23	
191	82	
196	21	
190	97	
195	33	
190	92	
283	4	
283	2	
194	58	
194	55	
196	35	
195	48	
191	91	
195	49	
197	13	
192	73	
197	12	
284	2	
193	63	
285	5	
195	52	
195	50	
196	41	
198	10	
197	27	
191	98	
194	62	
192	89	
198	12	
193	72	
199	15	
197	40	
192	96	
197	38	
197	36	
193	88	
198	26	
192	98	
198	24	
264	310	
199	256	
187	91	
198	266	
195	295	
195	293	
16	5	
188	78	
16	2	
195	298	
197	288	
197	284	
199	267	
261	17	
199	266	
261	14	
188	80	
199	257	
265	301	
189	74	
197	281	
188	89	
15	5	
196	294	
196	293	
260	32	
199	272	
266	308	
199	268	
189	85	
189	86	
270	216	
188	96	
260	46	
270	230	
260	43	
267	309	
14	1	
272	209	
261	35	
271	217	
262	18	
271	218	
272	203	
267	305	
262	15	
270	222	
266	312	
199	291	
268	302	
13	4	
268	303	
261	49	
267	310	
271	227	
262	26	
272	216	
274	207	
274	208	
269	302	
12	6	
274	203	
275	200	
274	216	
270	261	
260	77	
265	17	
275	206	
272	239	
273	223	
263	41	
273	225	
274	210	
269	312	
261	68	
271	248	
19	192	
11	4	
264	29	
271	242	
270	271	
260	89	
266	13	
274	223	
264	30	
273	230	
19	181	
10	9	
280	107	
271	251	
280	109	
260	80	
10	1	
264	34	
266	28	
270	281	
280	124	
261	83	
260	99	
276	210	
271	270	
276	211	
262	77	
274	232	
267	17	
274	236	
19	173	
263	59	
264	41	
272	257	
260	95	
276	203	
281	103	
280	119	
265	31	
276	208	
18	180	
271	268	
275	235	
266	36	
280	136	
268	14	
263	70	
274	245	
275	230	
19	162	
277	209	
18	175	
273	253	
18	176	
280	129	
18	172	
264	59	
282	101	
271	277	
281	119	
274	259	
266	49	
17	180	
280	147	
280	148	
280	149	
263	85	
278	209	
262	98	
262	97	
263	80	
274	257	
264	66	
18	168	
264	64	
282	119	
268	19	
264	61	
263	76	
17	178	
281	126	
17	171	
277	212	
16	188	
277	214	
272	274	
15	199	
280	153	
16	184	
275	258	
281	142	
276	243	
15	192	
279	204	
15	193	
263	94	
274	266	
274	267	
268	31	
19	147	
283	113	
17	169	
264	72	
283	117	
279	202	
281	134	
282	122	
272	282	
17	161	
16	179	
280	164	
275	268	
276	252	
267	50	
266	65	
15	181	
284	114	
285	100	
267	59	
275	262	
14	194	
285	103	
273	282	
14	190	
283	123	
269	27	
269	23	
264	82	
274	272	
277	233	
272	292	
266	61	
267	67	
281	160	
275	277	
268	50	
286	101	
281	161	
286	103	
277	250	
284	126	
19	122	
13	197	
274	288	
19	125	
280	174	
268	52	
18	136	
265	80	
278	236	
17	147	
18	132	
273	298	
13	192	
283	139	
273	299	
264	92	
276	259	
282	143	
266	72	
277	246	
16	157	
278	232	
277	248	
281	170	
286	112	
16	152	
286	113	
281	172	
275	289	
287	101	
286	118	
14	174	
274	296	
279	238	
268	68	
275	281	
14	177	
284	138	
280	182	
12	198	
265	93	
278	248	
269	47	
265	90	
279	232	
17	137	
12	196	
12	197	
269	44	
16	147	
277	252	
282	152	
17	133	
281	169	
283	140	
16	140	
276	283	
268	72	
190	302	
19	109	
277	271	
267	84	
286	128	
282	171	
276	288	
276	289	
284	148	
18	116	
14	160	
19	102	
18	118	
268	75	
13	171	
279	242	
284	144	
279	245	
277	263	
282	162	
17	121	
11	191	
283	150	
283	151	
282	167	
282	169	
