246	113	0.6259
245	129	0.6003
226	88	0.5365
226	87	0.5365
49	129	0.6003
239	239	1.0
48	135	0.6438
237	259	0.6796
225	91	0.8989
303	303	1.0
229	47	0.8989
39	282	0.3794
29	96	0.2835
236	268	0.3043
29	98	0.2835
29	92	0.2835
225	94	0.3794
29	93	0.2835
236	280	0.3043
236	284	0.3043
236	285	0.3043
237	271	0.6204
39	276	0.3794
44	176	0.7387
235	290	1.0
239	248	0.6967
45	162	0.8664
29	88	0.2835
47	137	0.6879
47	139	0.5277
304	304	1.0
37	292	0.8664
29	85	0.2835
165	7	0.6204
29	87	0.2835
247	106	0.6503
9	81	0.4498
166	8	0.61
245	142	0.6003
305	305	1.0
42	188	0.7162
300	14	0.6317
248	108	0.6967
239	253	0.7806
42	180	0.556
42	182	0.556
36	299	0.6259
41	192	0.6003
237	277	0.6204
28	86	0.6967
306	306	1.0
247	131	0.7806
246	149	0.6259
7	95	0.6376
37	278	0.7387
248	110	0.6967
29	65	0.8664
298	74	0.7387
222	91	0.727
299	64	0.428
49	167	0.6003
227	35	0.7806
222	94	0.4567
161	7	0.4029
300	300	1.0
237	218	0.8173
225	50	0.3794
224	66	0.3192
298	83	0.7387
301	301	1.0
243	117	0.6317
243	119	0.8173
234	263	0.5668
299	71	0.428
229	15	0.5277
224	74	0.3192
232	287	0.4639
238	216	0.6571
48	162	0.8664
236	236	1.0
236	238	0.3043
231	299	0.6571
298	95	0.7387
226	67	0.5365
47	171	0.5277
236	251	0.3043
46	180	0.556
46	182	0.556
229	27	0.6879
237	237	1.0
49	142	0.6003
224	84	0.3192
224	83	0.3192
233	285	0.3043
238	227	0.6967
225	76	0.3794
236	247	0.3043
225	72	0.3794
229	28	0.8989
227	63	0.7806
246	101	0.6259
45	187	0.6438
44	199	0.7387
234	285	0.3804
224	95	0.3192
238	234	0.7387
238	238	1.0
226	70	0.5365
302	302	1.0
47	150	0.5277
224	99	0.3192
46	168	0.556
224	98	0.3192
168	168	1.0
220	76	0.3794
44	109	0.6376
7	44	0.8664
43	118	0.5668
97	97	1.0
220	72	0.3794
98	83	0.6204
39	206	0.8989
293	95	0.6376
221	68	0.4584
222	50	0.3794
38	212	0.6717
25	63	0.5396
5	63	0.7806
295	61	0.6204
231	247	0.6571
25	60	0.3804
232	232	1.0
5	60	0.3804
165	196	0.6204
28	28	1.0
42	121	0.556
36	231	0.6259
3	87	0.5868
99	66	0.3192
23	83	0.6376
99	61	0.3192
4	74	0.3192
99	63	0.3192
3	88	0.5868
97	89	0.6151
221	73	0.4584
221	72	0.4584
34	257	0.727
296	69	0.3958
233	233	1.0
38	206	0.6717
169	169	1.0
25	51	0.3804
298	44	0.7387
37	217	0.6717
96	96	1.0
223	47	0.6879
5	51	0.6051
231	258	0.8398
41	129	0.6003
4	66	0.3192
232	245	0.4639
27	28	0.6879
296	64	0.3958
35	238	0.6967
296	62	0.3958
99	57	0.3192
23	74	0.6376
98	66	0.6717
4	63	0.3192
27	27	1.0
4	61	0.3192
7	23	0.7653
234	238	0.7387
225	39	0.3794
225	38	0.3794
3	70	0.8173
230	285	0.4029
220	94	0.3794
222	76	0.3794
299	42	0.428
97	72	0.6151
97	73	0.4584
221	89	0.4584
1	96	0.3043
227	13	0.6796
222	72	0.4567
234	234	1.0
25	43	0.3804
295	84	0.8989
4	57	0.3192
95	95	1.0
42	102	0.7162
99	47	0.3192
299	36	0.6259
37	200	0.6717
168	182	0.556
231	260	0.6259
220	91	0.6438
35	227	0.7806
168	180	0.556
27	15	0.5277
3	67	0.5868
167	192	0.6003
97	68	0.6151
26	26	1.0
226	34	0.5365
22	71	0.428
96	79	0.6503
20	96	0.4029
235	235	1.0
20	98	0.4029
227	28	0.6967
0	96	0.3043
299	50	0.428
221	97	0.4584
295	95	0.3192
231	278	0.6259
95	83	0.7387
233	251	0.7653
299	46	0.428
4	47	0.3192
94	91	0.4567
296	86	0.3958
94	94	1.0
295	99	0.3192
295	98	0.3192
40	110	0.7806
22	64	0.6717
45	135	0.6438
46	121	0.556
168	121	0.556
7	83	0.8664
169	116	0.5957
6	97	0.4584
292	66	0.6717
158	289	0.5868
220	39	0.3794
220	38	0.3794
296	19	0.3336
148	91	0.4567
42	168	0.556
37	264	0.6717
293	44	0.6376
290	84	0.3192
290	83	0.3192
37	261	0.6717
36	278	0.8664
28	63	0.6967
28	64	0.6967
166	143	0.6796
148	94	0.4567
35	285	0.9409
290	99	0.3192
290	98	0.3192
230	230	1.0
43	145	0.5668
7	74	0.6376
6	89	0.4584
42	156	0.7162
165	165	1.0
41	167	0.6003
99	98	0.3192
290	95	0.3192
99	99	1.0
167	142	0.6003
37	250	0.8664
36	260	0.9409
99	95	0.3192
292	83	0.3192
34	289	0.727
220	50	0.3794
293	74	0.6376
292	84	0.3192
165	177	0.8664
25	82	0.3804
4	99	0.727
5	82	0.3804
4	98	0.3192
6	73	0.6317
36	258	0.6259
6	72	0.4584
29	30	0.5912
28	47	0.8989
9	31	0.4498
99	83	0.3192
166	166	1.0
99	84	0.3192
40	166	0.61
4	95	0.3192
223	15	0.5277
8	40	0.7806
98	98	1.0
167	167	1.0
39	212	0.8989
26	63	0.5706
293	83	0.6376
292	99	0.3192
298	23	0.6376
292	98	0.6717
233	215	0.7653
169	144	0.5957
6	68	0.4584
292	95	0.3192
222	39	0.3794
29	28	0.5912
29	29	1.0
36	247	0.6259
41	142	0.6003
28	35	0.6967
295	57	0.6204
23	95	0.6376
224	14	0.6317
28	30	0.8173
231	231	1.0
223	28	0.6879
27	47	0.6879
223	27	0.8398
99	74	0.3192
4	84	0.3192
4	83	0.3192
92	70	0.2835
32	209	0.6051
7	305	0.6376
90	90	1.0
146	73	0.4584
163	137	0.3336
93	54	0.6796
161	161	1.0
1	28	0.3043
147	67	0.5868
92	67	0.2835
154	289	0.5868
148	50	0.3794
96	18	1.0
20	35	0.7387
239	8	0.7806
290	57	0.3192
21	21	1.0
224	300	0.8398
91	72	0.4567
162	162	1.0
298	305	0.7387
158	257	0.5868
163	153	0.3336
95	23	0.6376
94	39	0.3794
160	181	0.6204
31	201	0.4498
164	137	0.5912
146	89	0.6151
147	70	0.5868
156	274	0.8173
6	301	0.4584
166	110	0.61
0	28	0.3043
290	66	0.3192
20	20	1.0
149	63	0.9409
163	163	1.0
146	97	0.6151
293	23	0.7653
25	303	0.5396
292	37	0.8664
290	63	0.3192
5	303	0.5396
290	61	0.3192
148	76	0.3794
20	16	0.7387
147	87	0.5868
148	72	0.6571
147	88	0.5868
167	129	0.6003
162	187	0.6438
164	164	1.0
290	74	0.3192
166	134	0.8989
295	11	0.6204
230	202	0.7514
92	32	0.6051
20	89	0.6967
1	77	0.3043
144	63	0.8989
21	76	0.6717
150	299	0.7806
20	86	0.4029
151	282	0.7978
25	28	0.3804
21	71	0.556
1	79	0.3043
20	83	0.4029
5	25	0.5396
25	25	1.0
145	51	0.3804
95	74	0.7387
153	256	0.3958
40	108	0.7806
23	44	0.6376
98	37	0.6717
93	96	0.2835
93	98	0.2835
160	133	0.6204
98	33	0.727
93	92	0.2835
22	50	0.428
93	93	1.0
142	80	0.6003
143	87	0.2835
149	13	0.6796
143	88	0.2835
143	85	0.2835
96	58	1.0
145	63	0.3804
163	111	0.3336
1	63	0.3043
0	79	0.3043
24	24	1.0
0	77	0.3043
145	60	0.5668
305	293	0.6376
31	240	0.4498
305	298	0.7387
235	7	0.3192
94	76	0.3794
93	85	0.2835
93	87	0.2835
94	72	0.4567
93	88	0.2835
22	46	0.428
143	80	0.2835
147	34	0.5868
92	98	0.2835
3	34	0.5868
154	257	0.5868
22	42	0.428
92	93	0.2835
1	55	0.3043
148	39	0.3794
143	98	0.2835
93	80	0.2835
92	96	0.2835
20	63	0.7387
143	96	0.2835
20	64	0.4029
9	304	0.5957
96	48	0.7806
1	58	0.3043
92	92	1.0
21	50	0.7978
0	63	0.3043
153	283	0.3336
96	45	0.7806
162	135	0.6438
152	295	0.6204
22	36	0.428
221	301	0.8989
22	38	0.428
23	23	1.0
143	92	0.2835
143	93	0.6796
92	87	0.2835
160	152	0.6204
92	88	0.2835
21	46	0.556
21	42	0.556
92	85	0.6051
0	58	0.3043
149	35	0.7978
91	94	0.4567
92	80	0.2835
164	120	0.5912
153	296	0.3958
91	91	1.0
146	72	0.6151
95	44	0.7387
0	55	0.3043
145	82	0.3804
160	160	1.0
146	68	0.6151
30	238	0.7162
22	28	0.6571
22	22	1.0
21	38	0.7978
21	39	0.6717
94	50	0.3794
92	75	0.2835
237	7	0.6204
92	78	0.2835
150	258	0.6571
142	49	0.6003
144	20	0.7387
153	216	0.3958
140	63	0.3043
144	17	0.727
302	278	0.428
142	41	0.6003
142	59	0.6003
155	207	0.6151
150	266	0.5277
303	280	0.5396
303	281	0.5396
160	104	0.6204
142	56	0.6003
153	230	0.3958
144	35	0.8664
140	77	0.6717
142	53	0.6003
150	260	0.6259
141	67	1.0
142	52	0.6003
140	79	0.3043
151	265	0.4567
34	3	0.5868
143	54	0.6796
150	278	0.6259
156	207	0.7806
141	70	0.5868
145	28	0.3804
302	299	0.428
155	213	0.6151
150	272	0.5277
142	65	0.6003
303	285	0.3804
151	276	0.4567
293	305	0.6376
156	213	0.7806
142	78	0.6003
157	209	0.6051
145	43	0.5668
234	5	0.3804
305	270	0.6376
305	275	0.7387
140	96	0.3043
141	87	0.727
141	88	0.727
301	255	0.8989
146	301	0.4584
140	28	0.3043
23	305	0.6376
151	210	0.4567
301	262	0.4584
97	301	0.4584
239	166	0.61
22	302	0.428
150	231	0.6571
152	211	0.7806
300	288	0.8398
151	222	0.4567
237	196	0.8398
141	34	0.727
150	247	0.7806
144	16	0.7978
230	7	0.4029
140	55	0.3043
152	219	0.7806
153	202	0.3958
95	305	0.7387
304	240	0.5957
140	58	0.3043
300	224	0.8398
301	213	0.4584
158	3	0.5868
219	84	0.6204
239	110	0.8989
233	185	0.6642
233	186	0.6642
218	98	0.2835
229	272	0.6879
301	207	0.4584
232	192	0.4639
237	134	0.6796
238	120	0.8989
301	221	0.8989
219	99	0.3192
219	98	0.3192
219	95	0.3192
37	175	0.7387
238	137	0.8989
237	143	0.6796
35	198	0.8989
300	243	0.6317
238	144	0.6967
159	7	0.3192
145	303	0.3804
35	183	0.7387
34	193	0.727
304	201	0.5957
237	166	0.6796
234	137	0.7387
216	86	0.3958
225	282	0.3794
235	124	0.7162
215	96	0.3043
298	298	1.0
218	54	1.0
154	3	0.5868
298	293	0.6376
227	252	0.6796
229	249	0.6879
155	6	0.4584
31	9	0.4498
299	299	1.0
234	145	0.5668
217	84	0.3192
39	197	0.7514
217	83	0.3192
232	167	0.4639
219	57	0.6204
218	85	0.2835
217	99	0.3192
217	98	1.0
218	80	0.2835
217	95	0.3192
38	197	0.6717
219	61	0.7806
226	289	0.5365
218	96	0.2835
218	93	0.6796
229	266	0.6879
218	92	0.2835
239	108	0.8989
233	170	0.7653
238	113	0.6571
238	115	0.7978
218	88	0.2835
38	182	0.556
218	87	0.2835
227	280	0.6796
227	285	0.7806
215	58	0.3043
295	295	1.0
34	147	0.5868
305	7	0.6376
286	98	0.2835
215	55	0.7653
34	141	0.727
296	283	0.3336
287	80	0.6003
286	96	0.6438
222	276	0.4567
212	94	0.3794
212	91	0.3794
288	74	0.3192
27	266	0.6879
9	240	0.7514
299	247	0.7806
223	266	0.6879
226	226	1.0
37	103	0.6717
8	253	0.7806
213	73	0.4584
213	72	0.6151
227	214	0.6003
286	93	0.2835
17	79	0.3043
286	92	0.2835
214	64	0.3656
214	63	0.6003
25	285	0.3804
17	77	0.3043
229	205	0.5277
5	285	0.7653
34	136	0.5868
25	280	0.5396
29	238	0.5912
25	281	1.0
16	89	0.6967
5	280	0.7806
5	281	0.5396
215	63	0.3043
296	296	1.0
223	272	0.6879
289	70	0.5868
299	258	0.6571
288	84	0.3192
229	201	0.5277
288	83	0.3192
32	157	0.6051
8	248	0.6967
231	135	0.6571
219	11	0.6204
289	67	0.727
222	282	0.4567
89	97	0.6151
98	292	0.6717
217	37	0.6717
227	227	1.0
225	244	0.6438
231	131	0.6571
17	63	0.727
213	89	0.7806
6	262	0.7978
35	113	0.9409
216	64	0.3958
215	79	0.3043
216	62	0.3958
234	118	0.5668
215	77	0.3043
28	238	0.8989
34	122	0.5868
23	298	0.6376
14	99	0.3192
288	99	0.3192
27	249	0.6879
8	239	0.7806
288	98	0.3192
28	234	0.7387
23	293	0.7653
216	69	0.3958
14	95	0.3192
288	95	0.3192
233	127	0.7653
228	228	1.0
99	273	0.727
14	98	0.3192
213	97	0.7806
18	48	0.7806
298	275	0.7387
299	260	0.6259
18	45	0.7806
227	238	0.6967
89	89	1.0
30	164	0.5912
6	255	0.4584
17	58	0.3043
298	270	0.6376
17	55	0.3043
28	229	0.8989
229	229	1.0
224	288	0.8398
235	114	0.7162
28	227	0.6967
225	276	0.3794
16	63	0.7387
217	66	0.6717
299	278	0.6259
3	289	0.5868
4	273	0.727
14	84	0.3192
229	223	0.6879
14	83	0.3192
289	88	0.727
289	87	0.727
88	87	0.727
231	150	0.6571
89	72	0.6151
88	88	1.0
297	297	1.0
24	267	0.4879
226	257	0.5365
287	41	0.6003
210	72	0.4567
215	12	0.7653
223	229	0.6879
39	128	0.7514
156	188	0.7162
212	50	0.6717
287	49	0.6003
293	275	0.6376
39	125	0.7514
211	61	0.7806
210	76	0.3794
223	223	1.0
155	195	1.0
283	86	0.3336
293	270	0.7653
211	57	0.6204
291	291	1.0
285	64	0.7514
285	63	0.9409
284	79	0.6503
36	150	0.6259
284	77	0.3043
287	52	0.6003
224	224	1.0
214	35	0.6003
38	128	0.6717
287	59	0.6003
287	56	0.6003
38	125	0.6717
28	285	0.6967
287	53	0.6003
225	208	0.8989
221	255	1.0
159	159	1.0
7	298	0.6376
19	86	0.3336
7	293	0.7653
18	96	1.0
18	98	0.2835
156	195	0.7806
18	92	0.2835
18	93	0.2835
292	292	1.0
210	94	0.4567
223	249	0.6879
210	91	0.4567
225	220	0.6438
212	72	0.3794
216	28	0.6571
293	298	0.6376
211	84	0.6204
33	172	0.5595
8	279	0.7806
33	173	0.5595
287	65	0.6003
216	22	0.7514
221	262	0.4584
289	34	0.727
18	88	0.2835
293	293	1.0
37	123	0.6717
35	149	0.7978
285	86	0.7514
36	135	0.6259
296	256	0.8398
35	144	0.8664
17	96	0.3043
220	276	0.3794
36	131	0.6259
303	5	0.5396
284	96	0.6503
224	243	0.6317
34	158	0.5868
286	88	0.2835
158	193	0.5868
34	154	0.5868
304	9	0.5957
222	265	0.4567
211	99	0.3192
288	66	0.3192
211	98	0.3192
294	294	1.0
211	95	0.3192
19	69	0.3336
287	78	0.6003
212	76	0.7514
26	285	0.5706
7	275	0.6376
19	62	0.3336
7	277	0.8664
27	272	0.6879
19	64	0.3336
299	231	0.6571
35	137	0.6967
220	282	0.3794
225	225	1.0
213	68	0.6151
7	270	0.7653
94	276	0.4567
86	69	0.6879
15	27	0.5277
15	28	0.5277
86	63	0.7514
138	98	0.3192
86	64	0.7978
156	146	0.6151
138	99	0.727
295	211	0.6204
85	75	0.2835
221	207	0.4584
85	78	0.2835
286	18	0.6438
158	122	0.7653
148	282	0.4567
84	84	1.0
12	58	0.3043
85	70	0.2835
89	20	0.6967
83	95	0.7387
1	251	0.3043
0	268	0.3043
96	247	0.6503
12	55	0.7653
138	95	0.3192
285	20	0.7387
88	34	0.727
155	156	0.6151
11	61	0.6204
155	155	1.0
94	265	0.4567
22	238	0.6571
15	15	1.0
281	82	0.3804
15	10	0.6879
98	217	1.0
285	35	0.9409
86	54	0.4029
156	156	1.0
156	155	0.6151
158	136	0.5868
149	280	0.7806
85	67	0.2835
282	72	0.4567
13	35	0.6003
292	250	0.8664
220	225	0.6438
89	16	0.6967
1	247	0.3043
221	213	0.4584
210	39	0.3794
83	83	1.0
11	57	0.6204
296	202	0.3958
220	220	1.0
87	34	0.727
295	219	0.6204
0	251	0.3043
158	141	0.5868
157	157	1.0
210	50	0.3794
223	205	0.5277
290	290	1.0
222	210	0.4567
159	131	0.7978
158	147	0.5868
14	14	1.0
300	7	0.3192
223	201	0.5277
98	200	0.8173
84	61	0.6204
292	261	0.6717
97	213	0.7806
221	221	1.0
283	64	0.3336
91	282	0.4567
212	21	0.6717
292	264	0.6717
83	74	0.7387
149	285	0.7978
283	62	0.3336
0	247	0.3043
282	76	0.3794
284	58	0.6503
155	178	0.6151
284	55	0.3043
82	82	1.0
283	69	0.3336
296	216	0.3958
93	259	0.6796
22	216	0.7514
286	45	0.6438
214	16	0.6003
156	178	0.7806
214	13	0.6003
296	230	0.3958
13	16	0.6003
301	6	0.4584
222	222	1.0
97	207	0.7806
158	158	1.0
282	94	0.7978
13	13	1.0
158	154	0.5868
286	48	0.6438
282	91	0.4567
84	57	0.6204
91	276	0.4567
288	14	0.6317
154	193	0.5868
212	39	0.8989
86	28	0.6967
212	38	0.6717
220	244	0.6717
10	47	0.5277
284	63	0.3043
138	57	0.3192
213	301	0.4584
156	102	0.8173
23	275	0.6376
22	285	0.6571
23	270	0.7653
19	19	1.0
9	201	0.7514
147	257	0.5868
27	229	0.6879
98	264	0.8173
27	223	0.8398
14	74	0.3192
139	47	0.5277
152	152	1.0
98	261	0.6717
89	68	0.6151
154	122	0.5868
153	137	0.3958
144	280	0.7978
136	70	0.8173
281	28	0.3804
292	200	0.6717
96	284	0.6503
96	286	0.6438
89	63	0.6967
12	96	0.3043
87	88	0.727
149	227	0.6796
137	63	0.6967
5	246	0.6259
144	285	0.9409
95	298	0.7387
95	293	0.6376
24	250	0.4879
24	251	0.7162
152	160	0.6204
88	70	0.5868
24	252	0.4879
87	87	1.0
86	96	0.4029
33	102	0.8664
138	66	0.3192
86	98	0.4029
138	63	0.3192
14	66	0.3192
153	153	1.0
288	300	0.8398
292	217	0.6717
281	43	0.3804
98	250	0.6717
18	18	1.0
1	284	0.3043
17	28	0.3043
305	176	0.7387
1	285	0.3043
30	137	0.7162
135	96	0.6438
11	98	0.3192
6	221	0.4584
1	280	0.3043
138	61	0.3192
11	99	0.3192
145	285	0.3804
283	19	0.3336
88	67	0.727
16	35	0.7978
11	95	0.3192
145	281	0.3804
154	136	0.5868
145	280	0.3804
136	87	0.5868
290	235	1.0
136	88	0.5868
86	89	0.4029
15	47	0.5277
280	63	0.7978
3	257	0.5868
87	70	0.5868
86	86	1.0
138	74	0.3192
148	265	0.4567
85	98	0.2835
27	205	0.5277
153	163	0.3336
86	83	0.4029
85	93	0.2835
27	201	0.5277
85	96	0.2835
281	51	0.3804
13	63	0.6796
12	79	0.3043
149	246	0.6259
282	39	0.3794
13	64	0.3656
85	92	0.6051
154	141	0.5868
17	17	1.0
20	285	0.7387
12	77	0.3043
96	268	0.6503
0	285	0.3043
96	262	0.7806
30	120	0.7162
6	213	0.4584
95	275	0.7387
87	67	0.727
11	84	0.6204
154	147	0.9409
0	284	0.3043
16	20	0.7387
95	270	0.6376
281	60	0.3804
152	181	0.6204
285	16	0.7978
0	280	0.3043
94	282	0.7978
284	28	0.3043
211	11	0.6204
148	276	0.4567
85	87	0.2835
85	88	0.2835
147	289	0.5868
282	50	0.3794
84	98	0.3192
84	99	0.3192
281	63	0.5396
85	85	1.0
89	35	0.6967
6	207	0.4584
84	95	0.3192
85	80	0.2835
1	268	0.3043
154	154	1.0
149	252	0.6796
305	199	0.7387
220	208	0.6438
138	83	0.3192
138	84	0.3192
155	146	0.6151
12	63	0.3043
154	158	0.5868
16	16	1.0
9	9	1.0
80	56	1.0
137	28	0.8989
301	178	0.4584
150	135	0.7806
145	234	0.5668
137	27	0.8398
80	52	0.6003
80	53	0.6003
150	131	0.7806
141	289	0.727
91	225	0.8989
91	220	0.6438
82	28	0.3804
303	149	0.5396
91	222	0.727
135	45	0.6438
82	25	0.3804
224	7	0.3192
152	104	0.6204
81	31	1.0
143	259	0.6796
136	34	0.5868
80	49	0.6003
135	48	0.6438
92	209	0.6051
133	84	0.6204
151	132	0.4567
139	10	0.7162
301	189	0.4584
80	41	0.6003
137	35	0.6967
132	94	0.4567
148	210	0.4567
139	15	0.6879
280	17	0.727
8	8	1.0
280	13	0.6796
91	210	0.4567
302	168	0.9409
132	91	0.4567
137	30	0.7162
133	95	0.3192
302	182	0.556
134	80	0.2835
137	47	0.6879
139	28	0.5277
134	87	0.2835
134	88	0.2835
91	208	0.8989
134	85	0.2835
152	133	0.6204
139	27	0.5277
151	148	0.4567
133	99	0.3192
301	195	0.4584
302	180	0.556
133	98	0.3192
226	3	0.5365
7	7	1.0
153	111	0.3336
142	287	0.6003
150	150	1.0
138	47	0.3192
151	151	1.0
155	107	0.6151
134	98	0.2835
281	25	1.0
134	96	0.2835
134	92	0.2835
134	93	0.6796
6	6	1.0
148	222	0.4567
145	263	0.5668
136	67	0.5868
302	121	0.556
221	6	0.4584
81	81	1.0
85	32	0.6051
21	212	0.6717
91	265	0.4567
96	203	0.8173
12	12	1.0
82	63	0.3804
143	218	0.6796
82	60	0.3804
303	101	0.5396
131	50	0.428
130	63	0.727
93	237	0.6796
94	222	0.4567
21	206	0.6717
132	50	0.3794
141	257	0.727
80	80	1.0
281	303	0.5396
83	44	0.8664
131	64	0.428
11	11	1.0
10	27	0.5277
10	28	0.5277
303	113	0.5396
82	51	0.3804
94	210	0.4567
80	78	0.6003
144	227	0.7806
146	207	0.6151
133	57	0.6204
305	105	0.6376
305	109	0.6376
91	244	0.6438
142	245	0.6003
10	15	0.6879
82	43	0.3804
143	237	0.6796
131	71	0.428
93	218	0.6796
80	65	0.6003
140	285	0.3043
132	76	0.3794
10	10	1.0
140	284	0.3043
133	61	0.6204
132	72	0.4567
298	7	0.6376
140	280	0.3043
134	54	0.6796
84	11	0.6204
151	112	0.4567
146	213	0.6151
83	23	0.6376
14	300	0.6317
80	59	0.6003
255	207	0.4584
251	250	0.4879
108	279	0.7806
250	267	0.6151
251	251	1.0
56	245	0.6003
118	118	1.0
251	252	0.4879
250	261	0.6717
47	47	1.0
250	264	0.6717
55	251	0.7653
63	116	0.7978
63	113	0.7978
116	130	0.727
46	50	0.7978
52	287	0.6003
44	74	0.7387
109	275	0.6376
256	202	0.3958
61	133	0.6204
261	103	0.8989
109	270	0.7653
60	145	0.5668
251	267	0.4879
43	82	0.3804
113	183	0.7387
252	252	1.0
54	259	0.6796
255	213	0.4584
119	119	1.0
46	46	1.0
119	117	0.6317
46	42	0.556
187	187	1.0
244	39	0.3794
116	144	0.7978
244	38	0.3794
240	81	0.4498
63	101	0.7806
253	239	0.7806
57	219	0.6204
51	285	0.6051
48	18	0.7806
57	211	0.6204
62	111	0.3336
51	281	0.3804
113	198	0.7387
256	216	0.3958
47	27	0.6879
189	178	0.4584
47	28	0.8989
51	280	0.6051
255	221	1.0
46	38	0.9409
55	233	0.7653
244	50	0.3794
243	66	0.3192
46	36	0.428
45	48	0.8664
253	248	0.6967
45	45	1.0
188	188	1.0
261	123	0.6717
243	74	0.3192
43	63	0.3804
109	293	0.7653
47	15	0.5277
189	189	1.0
43	60	0.5668
260	131	0.6259
250	292	0.8664
42	71	0.556
54	237	0.8398
260	135	0.6259
109	298	0.6376
116	169	0.5957
53	245	0.6003
46	21	0.556
41	80	0.6003
245	41	0.6003
118	145	0.5668
44	44	1.0
252	267	0.4879
253	253	1.0
61	104	0.6204
245	49	0.6003
49	65	0.6003
179	276	0.3794
112	148	0.5631
103	292	0.6717
113	130	0.727
56	287	0.6003
105	270	0.6376
61	181	0.6204
114	124	0.7162
66	123	0.6717
108	239	0.8989
64	144	0.6967
59	245	0.6003
110	166	0.61
106	251	0.3043
183	183	1.0
111	153	0.3336
240	31	0.4498
58	251	0.3043
49	59	0.6003
187	135	0.7162
49	53	0.9409
185	170	0.6642
113	144	0.9409
62	163	0.3336
49	56	0.6003
184	184	1.0
183	198	0.7387
179	282	0.3794
49	52	0.6003
55	285	0.3043
115	120	0.7978
243	14	0.8173
104	295	0.6204
113	149	0.7978
108	248	0.6967
169	96	0.3043
63	149	0.9409
115	115	1.0
105	275	0.6376
58	247	0.6503
45	98	0.2835
45	93	0.2835
251	215	0.7653
112	151	0.4567
106	268	0.8989
63	144	0.8989
45	96	0.7806
62	153	0.3958
111	163	0.3336
49	49	1.0
45	92	0.2835
108	253	0.7806
251	233	0.7653
66	103	1.0
49	41	0.6003
105	293	0.6376
61	160	0.6204
186	170	0.6642
185	186	0.6642
185	185	1.0
116	113	0.7387
46	71	0.556
45	88	0.2835
58	238	0.3043
252	214	0.6003
44	95	0.7387
116	116	1.0
48	48	1.0
117	119	0.6317
61	152	0.7806
48	45	0.8664
186	186	1.0
186	185	0.6642
250	250	1.0
250	251	0.4879
64	115	0.8173
250	252	0.4879
54	277	0.6204
106	285	0.3043
54	271	0.6204
53	287	0.6003
106	284	0.8989
46	64	0.428
105	298	0.6376
187	162	0.6438
106	280	0.3043
117	117	1.0
62	137	0.3958
188	156	0.7162
44	83	0.8664
252	227	0.6796
107	207	0.6151
103	250	0.6717
165	98	0.6204
165	96	0.4029
183	144	0.7387
42	21	0.556
180	182	0.556
180	180	1.0
40	40	1.0
100	280	0.3043
175	278	0.7387
181	160	0.6204
243	300	0.6317
111	111	1.0
100	285	0.3043
100	284	0.3043
179	244	0.6717
167	80	0.6003
113	101	0.7806
103	261	0.8989
166	93	0.6796
102	274	0.9409
112	112	1.0
107	213	0.6151
168	71	0.9409
103	264	0.6717
177	261	0.6204
176	275	0.7387
168	64	0.428
185	127	0.6642
167	78	0.6003
176	270	0.6376
182	168	0.556
46	302	0.556
101	285	0.7653
169	58	0.3043
101	280	0.7806
169	55	0.3043
113	113	1.0
250	200	0.6717
50	212	0.6717
113	116	0.7387
169	63	0.5957
186	127	0.6642
177	271	0.8664
181	181	1.0
111	137	0.3336
106	238	0.3043
50	206	0.6717
188	102	0.7162
177	277	0.6204
250	217	0.6717
114	114	1.0
182	182	1.0
176	298	0.7387
182	180	0.556
176	293	0.6376
112	132	0.4567
106	247	0.6503
169	79	0.3043
169	77	0.3043
166	40	0.61
43	51	0.3804
165	54	0.6204
255	6	0.4584
60	118	0.7387
55	215	0.7653
162	92	0.2835
41	78	0.6003
178	207	0.7806
162	88	0.2835
52	245	0.6003
161	98	0.4029
164	65	0.8664
183	116	0.7387
183	113	0.7387
43	43	1.0
178	213	0.7806
101	246	0.6259
54	218	1.0
179	208	0.6438
41	65	0.6003
167	41	0.6003
42	50	0.7806
45	18	0.7806
166	54	0.6796
162	98	0.2835
175	244	0.6717
168	21	0.556
162	96	0.7806
162	93	0.2835
103	217	0.6717
169	17	0.5957
51	246	0.6051
240	304	0.5957
44	23	0.6376
182	121	0.9409
181	133	0.8664
163	86	0.3336
42	46	0.556
42	42	1.0
164	88	0.2835
41	59	0.6003
177	237	0.6204
41	53	0.6003
167	52	0.6003
167	53	0.6003
257	3	0.5868
41	56	0.6003
41	52	0.8989
168	36	0.428
167	49	0.6003
104	211	0.6204
169	28	0.3043
164	87	0.2835
110	108	0.8989
101	252	0.6796
43	28	0.3804
164	85	0.2835
42	38	0.7806
168	38	0.556
104	219	0.6204
165	89	0.4029
174	280	0.3043
179	220	0.6717
165	86	0.4029
165	83	0.6204
41	49	0.6003
167	65	0.6003
168	50	0.556
174	285	0.3043
179	225	0.6438
174	284	0.3043
41	41	1.0
168	46	0.556
181	152	0.6204
180	168	0.556
110	110	1.0
168	42	0.556
167	59	0.8664
167	56	0.6003
183	130	0.727
164	98	0.2835
164	96	0.2835
164	93	0.2835
164	92	0.2835
164	28	0.5912
164	29	0.8664
171	249	0.5277
161	63	0.4029
161	64	0.4029
162	45	0.8664
170	251	0.7653
161	54	0.4029
162	48	0.8664
160	84	0.8989
164	30	0.5912
175	208	0.6438
161	86	0.4029
161	83	0.4029
160	99	0.3192
54	7	0.6204
160	98	0.3192
160	95	0.3192
171	266	0.5277
253	8	0.7806
181	104	0.6204
101	227	0.6796
165	44	0.6204
161	96	0.8173
103	200	0.6717
170	285	0.3043
163	62	0.3336
175	225	0.6438
161	89	0.4029
180	121	0.556
175	220	0.6717
163	69	0.3336
171	272	0.5277
163	64	0.3336
44	305	0.7387
171	205	0.7162
107	6	0.4584
171	201	0.5277
170	215	0.7653
43	303	0.3804
108	8	0.7806
257	193	0.727
161	28	0.4029
162	18	0.7806
259	166	0.7806
171	229	0.5277
163	19	0.3336
160	57	0.6204
109	7	0.7653
42	302	0.556
168	302	0.9409
161	35	0.4029
171	223	0.5277
170	233	0.7653
160	61	0.6204
161	44	0.4029
178	6	0.4584
258	131	0.6571
257	147	0.5868
256	153	0.3958
257	141	0.727
59	167	0.8664
252	198	0.6796
247	299	0.7806
249	272	0.6879
257	154	0.5868
257	158	0.5868
57	181	0.6204
56	192	0.6003
255	178	0.4584
256	163	0.3336
258	135	0.6571
258	150	0.6571
255	189	0.4584
160	11	0.6204
59	142	0.6003
105	7	0.6376
259	134	0.7806
57	160	0.6204
55	186	0.6642
55	185	0.6642
54	196	0.8398
255	195	0.4584
259	143	0.6796
238	63	0.6967
256	111	0.3336
251	170	0.7653
245	287	0.6003
248	248	1.0
235	95	0.3192
247	258	0.6571
235	99	0.3192
235	98	0.3192
246	285	0.6259
251	185	0.6642
101	5	0.7806
251	186	0.6642
246	280	0.6259
109	199	0.6376
249	249	1.0
237	83	0.6204
247	268	0.6503
51	5	0.6051
248	253	0.6967
313	313	1.0
236	96	0.3043
59	192	0.6003
256	137	0.3958
257	122	0.5868
247	284	0.6503
237	98	0.6204
314	314	1.0
247	278	0.6259
237	93	0.6796
176	7	0.6376
253	166	0.61
257	136	0.5868
177	7	0.6204
249	266	0.6879
248	279	0.6967
38	76	0.6717
38	71	0.556
50	197	0.6717
238	28	0.8989
54	143	0.6796
49	245	0.6003
245	245	1.0
238	22	0.6571
52	167	0.6003
253	108	0.7806
234	63	0.3804
233	79	0.3043
57	104	0.8398
251	127	0.7653
47	266	0.6879
252	113	0.6003
235	57	0.3192
46	278	0.428
238	30	0.7162
39	50	0.6717
108	166	0.61
237	44	0.6204
246	246	1.0
247	231	0.6571
236	58	0.3043
45	286	0.6438
55	127	0.7653
234	82	0.3804
310	310	1.0
44	298	0.7387
233	96	0.3043
50	182	0.556
238	35	0.6967
44	293	0.6376
54	134	0.6796
235	63	0.3192
105	199	0.6376
249	201	0.5277
235	61	0.3192
53	142	0.6003
249	205	0.5277
107	178	0.6151
236	55	0.3043
253	110	0.7806
235	66	0.3192
237	54	0.8398
45	274	0.6438
38	50	0.9409
37	66	0.6717
244	276	0.3794
37	63	0.3656
37	64	0.3656
35	89	0.6967
311	311	1.0
235	74	0.3192
36	71	0.428
243	288	0.6317
39	38	0.6717
39	39	1.0
47	249	0.6879
52	142	0.6003
236	63	0.3043
38	46	0.9409
109	176	0.6376
38	42	0.7806
45	269	0.6438
45	262	0.7806
312	312	1.0
236	79	0.3043
249	229	0.6879
44	275	0.7387
44	277	0.8664
44	270	0.6376
239	40	0.7806
36	64	0.428
53	129	0.6003
235	84	0.3192
249	223	0.6879
248	239	0.6967
244	282	0.3794
235	83	0.3192
43	285	0.3804
34	87	0.727
43	280	0.3804
34	88	0.727
43	281	0.3804
38	39	0.6717
33	98	0.727
252	144	0.6796
236	77	0.3043
247	247	1.0
51	149	0.6051
107	195	0.6151
252	149	0.6796
39	21	0.6717
33	96	0.2835
38	38	1.0
232	52	0.4639
56	167	0.6003
57	152	0.6204
102	188	0.7162
250	103	0.6717
231	64	0.428
108	110	0.8989
232	59	0.4639
109	105	0.6376
232	56	0.4639
59	129	0.6003
104	160	0.6204
232	53	0.4639
55	170	0.7653
49	287	0.6003
243	224	0.6317
101	198	0.6796
53	192	0.6003
101	194	0.6259
177	177	1.0
234	28	0.7387
39	94	0.3794
230	89	0.4029
178	178	1.0
39	91	0.3794
233	55	0.7653
244	225	0.6438
232	65	0.4639
176	199	0.7387
48	286	0.6438
109	109	1.0
244	220	0.6717
231	71	0.428
230	86	0.7514
230	83	0.4029
57	133	0.6204
52	192	0.6003
242	242	1.0
250	123	0.6717
179	179	1.0
236	28	0.3043
179	175	0.6717
56	142	0.6003
107	146	0.8398
233	63	0.3043
232	78	0.4639
54	166	0.6796
104	181	0.6204
232	75	0.4639
243	243	1.0
234	43	0.7978
48	274	0.6438
233	58	0.3043
230	98	0.4029
230	96	0.4029
46	299	0.428
39	76	0.7514
177	196	0.6204
51	194	0.6051
39	72	0.3794
37	98	0.6717
232	80	0.4639
233	77	0.3043
244	244	1.0
234	60	0.5668
53	167	0.6003
48	269	0.6438
105	176	0.6376
234	51	0.3804
58	106	0.6503
107	156	0.6151
107	155	0.6151
252	101	0.6796
48	262	0.7806
178	195	0.6151
47	272	0.6879
56	129	0.6003
230	35	0.4029
35	28	0.6967
30	87	0.2835
30	88	0.2835
174	174	1.0
43	234	0.7978
30	85	0.2835
35	20	0.7387
34	34	1.0
105	109	0.6376
159	84	0.3192
105	105	1.0
159	83	0.3192
169	284	0.3043
102	156	0.8173
168	299	0.428
169	280	0.5957
230	44	0.4029
104	133	0.6204
35	16	0.7978
175	175	1.0
231	36	0.6259
169	285	0.3043
41	245	0.6003
106	106	1.0
159	99	0.3192
33	33	1.0
159	98	0.3192
159	95	0.3192
40	253	0.7806
100	174	0.8398
231	46	0.428
240	240	1.0
107	107	1.0
231	42	0.428
174	190	0.8398
178	146	0.6151
30	65	0.5912
175	179	0.6717
233	12	0.7653
230	54	0.4029
40	248	0.6967
232	41	0.4639
244	208	0.6438
32	32	1.0
230	69	0.6879
102	173	0.5595
178	156	0.7806
102	172	0.5595
241	241	1.0
231	50	0.428
178	155	0.6151
232	49	0.4639
104	152	0.6204
108	108	1.0
38	302	0.556
176	176	1.0
100	190	0.8398
40	239	0.7806
230	64	0.5706
230	63	0.4029
177	165	0.8664
102	102	1.0
33	92	0.2835
33	93	0.2835
101	113	0.7806
159	47	0.3192
157	70	0.2835
155	97	0.6151
35	63	0.8664
165	277	0.6204
47	229	0.8989
52	129	0.6003
36	50	0.428
157	67	0.2835
170	170	1.0
165	271	0.8664
174	126	0.6717
100	126	0.6717
33	87	0.2835
176	109	0.6376
159	44	0.3192
33	88	0.2835
47	223	0.6879
248	8	0.6967
176	105	0.6376
33	85	0.2835
34	70	0.5868
38	21	0.7978
37	37	1.0
33	80	0.2835
32	96	0.2835
234	303	0.3804
32	98	0.2835
32	92	0.6051
32	93	0.2835
159	57	0.3192
103	103	1.0
36	46	0.428
157	80	0.2835
156	97	0.7806
36	42	0.428
174	140	0.6717
171	171	1.0
170	186	0.6642
170	185	0.6642
43	263	0.5668
157	78	0.2835
157	75	0.2835
42	274	0.7162
156	89	0.7806
34	67	0.727
166	279	0.61
33	78	0.2835
41	287	0.6003
32	88	0.2835
158	67	0.5868
33	75	0.2835
178	107	0.6151
32	85	0.6051
33	70	0.2835
32	87	0.2835
32	80	0.2835
240	201	0.7514
157	93	0.2835
36	36	1.0
157	92	0.6051
100	140	0.6717
157	88	0.2835
158	70	0.5868
157	87	0.2835
47	205	0.5277
157	85	0.6051
51	113	0.6051
159	66	0.3192
172	173	0.5595
172	172	1.0
47	201	0.5277
50	125	0.6717
32	78	0.2835
159	63	0.3192
50	128	0.6717
159	61	0.3192
168	278	0.428
101	149	0.7806
32	75	0.2835
173	173	1.0
32	70	0.2835
173	172	0.5595
101	144	0.6796
167	287	0.6003
31	81	1.0
30	98	0.2835
169	268	0.3043
103	123	0.6717
30	93	0.2835
35	35	1.0
30	96	0.2835
30	92	0.2835
104	104	1.0
157	98	0.2835
157	96	0.2835
40	279	0.7806
32	67	0.2835
159	74	0.3192
158	87	0.5868
51	101	0.6051
158	88	0.5868
154	67	0.5868
162	274	0.6438
161	285	0.4029
156	42	0.7162
173	102	0.5595
152	84	0.6204
151	94	0.7978
165	237	0.6204
160	295	0.8989
162	286	0.6438
171	139	0.7162
166	239	0.61
166	237	0.6796
246	5	0.6259
155	68	0.6151
174	100	0.8398
152	95	0.3192
157	32	0.6051
154	70	0.5868
153	86	0.3958
152	98	0.3192
152	99	0.3192
155	73	0.4584
154	87	0.5868
154	88	0.5868
155	72	0.6151
166	248	0.61
163	283	0.5631
100	100	1.0
158	34	0.5868
167	245	0.6003
101	101	1.0
166	259	0.7806
156	72	0.6151
163	296	0.3336
155	89	0.6151
31	304	0.4498
165	261	0.6204
156	68	0.6151
166	253	0.61
171	150	0.5277
31	31	1.0
163	216	0.3336
151	50	0.3794
303	82	0.3804
154	34	0.5868
304	81	0.4498
305	74	0.7387
163	230	0.3336
30	30	1.0
152	57	0.6204
30	28	0.8173
30	29	0.5912
243	7	0.3192
305	83	0.7387
152	61	0.7806
151	76	0.3794
151	72	0.4567
172	102	0.5595
162	262	0.7806
166	218	0.6796
153	69	0.3958
151	91	0.4567
163	256	0.3336
162	269	0.6438
305	95	0.7387
164	238	0.5912
153	64	0.3958
170	127	0.7653
153	62	0.3958
304	31	0.4498
161	203	0.8173
160	219	0.6204
303	43	0.3804
300	83	0.3192
305	23	0.6376
246	194	0.7653
150	27	0.5277
150	28	0.5277
300	74	0.3192
160	211	0.6204
248	166	0.61
249	150	0.5277
301	68	0.4584
302	50	0.556
301	73	0.4584
150	36	0.6259
301	72	0.4584
49	192	0.6003
300	84	0.3192
303	51	0.3804
302	64	0.428
152	11	0.6204
303	63	0.5396
163	202	0.3336
305	44	0.7387
153	19	0.3336
150	47	0.5277
300	99	0.3192
300	98	0.3192
40	8	0.7806
300	95	0.3192
303	60	0.3804
151	39	0.3794
249	171	0.5277
301	89	0.4584
302	71	0.9409
301	97	0.4584
240	9	0.7514
48	187	0.6438
239	279	0.7806
244	179	0.6717
245	167	0.6003
244	175	0.6717
247	135	0.7806
238	285	0.6967
247	150	0.7806
307	307	1.0
302	21	0.556
44	7	0.8664
303	25	0.5396
302	38	0.556
302	36	0.428
303	28	0.3804
249	137	0.6879
249	139	0.5277
308	308	1.0
302	46	0.556
43	5	0.3804
300	66	0.3192
309	309	1.0
245	192	0.6003
155	301	0.4584
302	42	0.556
196	271	0.6204
196	277	0.6204
188	64	0.428
130	130	1.0
113	63	0.7978
72	207	0.6151
60	43	0.5668
123	250	0.6717
115	43	0.3804
114	57	0.3192
185	96	0.3043
263	303	0.3804
121	278	0.428
112	91	0.4567
188	71	0.428
187	88	0.2835
62	19	0.3336
128	206	0.7514
131	131	1.0
130	144	0.727
112	94	0.4567
132	112	0.4567
114	63	0.3192
114	61	0.3192
198	252	0.6796
279	8	0.7806
133	104	0.6204
123	264	0.6717
186	96	0.3043
123	261	0.6717
115	51	0.3804
127	215	0.7653
114	66	0.3192
187	98	0.2835
187	96	0.6438
197	282	0.3794
189	72	0.4584
189	73	0.6317
121	299	0.428
114	74	0.3192
61	11	0.6204
60	28	0.3804
119	14	0.8173
131	135	0.7806
118	28	0.3804
197	276	0.3794
189	68	0.4584
187	92	0.2835
187	93	0.2835
122	289	0.5868
115	64	0.8173
128	212	0.7514
115	63	0.3804
115	60	0.3804
116	63	0.7978
198	280	0.6796
118	43	0.5668
131	150	0.7806
207	6	0.4584
132	132	1.0
127	233	0.7653
114	83	0.3192
114	84	0.3192
123	217	0.6717
119	300	0.6317
76	206	0.7514
62	69	0.3958
201	9	0.7514
62	62	1.0
112	39	0.3794
62	64	0.3958
197	212	0.7514
113	20	0.7387
184	63	0.3043
185	58	0.3043
275	7	0.6376
65	29	0.8664
198	204	0.6879
185	55	0.6642
60	82	0.3804
187	45	0.6438
111	62	0.3336
64	35	0.6879
186	58	0.3043
186	55	0.6642
183	96	0.4029
188	38	0.428
188	36	0.428
111	69	0.3336
112	50	0.3794
111	64	0.3336
187	48	0.6438
184	77	0.3043
113	35	0.9409
183	89	0.6967
196	237	0.8398
61	61	1.0
64	28	0.6967
185	63	0.3043
184	79	0.3043
73	221	0.4584
192	287	0.6003
277	7	0.8664
115	28	0.7978
63	35	0.8664
64	22	0.6717
130	113	0.727
188	46	0.428
70	257	0.5868
125	212	0.7514
188	42	0.7162
116	17	0.727
61	57	0.6204
183	98	0.4029
125	206	0.7514
202	7	0.4029
193	289	0.727
60	63	0.3804
73	213	0.4584
198	227	0.6796
186	63	0.3043
185	79	0.3043
185	77	0.3043
60	60	1.0
116	26	0.5706
188	50	0.428
186	79	0.3043
186	77	0.3043
194	285	0.6259
112	76	0.3794
63	20	0.7387
112	72	0.5631
117	14	0.6317
111	86	0.3336
196	261	0.6204
124	235	0.7162
203	7	0.4029
184	96	0.3043
130	116	0.727
73	207	0.4584
122	257	0.5868
194	280	0.6259
72	213	0.6151
68	301	0.4584
60	51	0.3804
182	50	0.556
207	178	0.7806
181	61	0.6204
195	207	0.6151
209	157	0.6051
115	303	0.3804
183	35	0.7387
185	12	0.6642
184	28	0.3043
180	71	0.556
208	175	0.6438
60	303	0.3804
186	12	0.6642
273	4	0.727
182	64	0.428
195	213	0.7806
208	179	0.6438
111	19	0.727
206	197	0.7514
192	245	0.6003
190	280	0.3043
182	71	0.556
181	84	0.6204
110	40	0.7806
183	63	0.7387
187	18	0.6438
190	285	0.3043
190	284	0.3043
74	7	0.6376
273	7	0.3192
207	195	0.6151
117	300	0.8398
181	98	0.3192
181	99	0.3192
194	246	0.7653
118	303	0.3804
181	95	0.3192
123	200	0.6717
193	257	0.727
184	55	0.3043
120	238	0.8989
73	6	0.6317
197	206	0.7514
184	58	0.3043
113	16	0.7978
180	38	0.556
279	166	0.61
180	36	0.428
278	175	0.7387
205	150	0.5277
180	46	0.556
207	146	0.6151
180	42	0.556
182	21	1.0
277	196	0.6204
207	156	0.7806
270	7	0.7653
207	155	0.6151
183	20	0.7387
182	36	0.428
183	16	0.7387
205	171	0.7162
188	302	0.428
180	50	0.556
189	301	0.4584
180	64	0.428
182	46	0.556
182	42	0.556
181	57	0.6204
271	7	0.6204
183	26	0.5706
204	198	0.6879
182	38	0.556
259	98	0.2835
269	286	0.7162
259	96	0.2835
278	131	0.6259
124	7	0.3192
278	135	0.6259
77	190	0.8398
259	93	0.6796
259	92	0.2835
276	151	0.4567
199	7	0.6376
207	107	0.6151
76	197	0.7514
274	187	0.7162
201	171	0.5277
274	188	0.7162
275	176	0.7387
78	167	0.6003
206	128	0.7514
206	125	0.7514
278	150	0.6259
203	161	0.8173
77	174	0.8398
277	165	0.6204
205	139	0.7162
75	192	0.4639
181	11	0.8664
180	21	0.556
277	177	0.6204
74	199	0.7387
275	199	0.7387
69	296	0.3958
259	54	0.6796
195	6	0.4584
271	177	0.8664
268	251	0.3043
267	267	1.0
128	197	0.9409
120	5	0.3804
276	112	0.4567
266	272	0.9409
257	70	0.5868
256	86	0.3958
264	292	0.6717
274	135	0.8173
258	64	0.428
265	282	0.4567
268	268	1.0
272	171	0.5277
180	302	0.556
129	192	1.0
270	199	0.6376
257	88	0.727
258	71	0.428
257	87	0.727
269	262	0.6438
274	162	0.6438
276	132	0.8173
196	7	0.6204
271	196	0.6204
274	156	0.8173
122	3	0.5868
268	285	0.3043
279	110	0.7806
259	88	0.2835
269	274	0.8173
259	87	0.2835
182	302	0.556
259	85	0.2835
201	150	0.5277
78	192	0.6003
70	3	0.8173
268	280	0.3043
268	284	0.8989
276	148	0.4567
279	108	0.7806
269	269	1.0
259	80	0.2835
72	178	0.6151
262	286	0.6438
59	65	0.6003
76	125	0.9409
58	77	0.3043
261	292	0.6717
127	170	0.7653
58	79	0.6503
76	128	0.7514
71	180	0.556
71	182	0.556
125	197	0.7514
70	193	0.5868
57	84	0.6204
264	250	0.6717
129	142	0.6003
199	199	1.0
257	34	0.727
126	190	0.6717
59	59	1.0
263	280	0.3804
272	137	0.6879
263	281	0.3804
200	103	0.6717
272	139	0.5277
258	36	0.6259
59	56	0.6003
263	285	0.3804
77	100	0.8398
59	52	0.6003
59	53	0.6003
255	73	0.4584
255	72	0.4584
65	287	0.6003
58	63	0.3043
266	249	0.6879
255	68	0.4584
264	261	0.6717
274	102	0.9409
264	264	1.0
56	80	1.0
55	96	0.3043
69	230	0.6879
72	155	0.6151
72	156	0.6151
67	257	0.727
59	49	0.6003
71	168	0.9409
258	46	0.428
58	55	0.3043
66	264	0.6717
59	41	0.6003
58	58	1.0
66	261	0.8989
256	69	0.3958
275	105	0.6376
265	265	1.0
127	186	0.6642
256	64	0.3958
127	185	0.6642
64	285	0.7514
57	61	0.6204
275	109	0.6376
256	62	0.3958
56	78	0.6003
129	167	0.6003
193	3	0.5868
258	42	0.428
72	148	0.6571
194	5	0.6259
72	146	0.6151
54	98	0.6204
268	247	0.6503
200	123	0.6717
54	93	0.6796
271	165	0.8664
267	250	0.6151
266	266	1.0
272	150	0.5277
267	251	0.4879
255	97	0.4584
267	252	0.4879
57	57	1.0
66	250	0.6717
265	276	0.4567
270	176	0.6376
56	65	0.6003
255	89	0.4584
69	216	0.3958
268	238	0.3043
273	138	0.727
63	285	0.9409
55	77	0.3043
55	79	0.3043
63	280	0.7978
62	296	0.3958
257	67	0.727
258	50	0.428
78	142	0.6003
253	40	0.7806
270	105	0.6376
261	250	0.6717
126	140	1.0
196	196	1.0
270	109	0.7653
109	74	0.6376
264	217	0.8173
260	260	1.0
117	288	0.8398
69	283	0.3336
127	127	1.0
73	195	0.4584
197	197	1.0
266	201	0.5277
261	261	1.0
260	278	0.8664
266	205	0.5277
261	264	0.6717
77	140	0.6717
118	280	0.3804
75	167	0.4639
122	193	0.5868
265	210	0.4567
109	83	0.6376
128	128	1.0
252	63	0.6796
251	79	0.3043
74	176	0.7387
128	125	0.7514
118	285	0.3804
263	234	0.5668
256	19	0.3336
78	129	0.6003
118	281	0.3804
73	189	0.6317
262	262	1.0
129	129	1.0
119	288	0.6317
72	195	0.6151
59	80	0.6003
58	96	1.0
250	98	0.6717
265	222	0.4567
109	95	0.6376
198	183	0.7387
79	106	0.6503
199	176	0.7387
73	178	0.4584
266	229	0.6879
67	289	0.727
262	274	0.6438
77	126	0.6717
59	78	0.6003
263	263	1.0
266	223	0.6879
126	174	0.6717
260	299	0.6259
66	292	0.6717
198	198	1.0
57	98	0.3192
57	99	0.3192
57	95	0.3192
262	269	0.6438
69	256	0.3958
251	96	0.3043
124	124	1.0
53	56	0.6003
119	224	0.6317
252	16	0.6003
53	59	0.6003
53	52	0.6003
252	13	0.6796
53	53	1.0
261	217	0.6717
118	234	0.5668
126	100	0.6717
179	94	0.3794
107	68	0.6151
52	65	0.6003
179	91	0.6438
66	200	0.6717
106	79	0.6503
106	77	0.3043
192	192	1.0
105	83	0.6376
104	99	0.3192
122	147	0.5868
251	24	0.7162
104	98	0.3192
104	95	0.3192
53	49	0.9409
250	37	0.8664
117	243	0.6317
122	141	0.5868
53	41	0.6003
114	290	0.7162
52	59	0.6003
52	53	0.6003
260	231	0.6259
125	125	1.0
115	285	0.3804
60	263	0.5668
52	56	0.6003
196	165	0.6204
115	281	0.3804
107	72	0.6151
195	178	0.6151
115	280	0.3804
107	73	0.4584
52	52	1.0
193	193	1.0
109	44	0.6376
63	227	0.7806
51	63	0.6051
198	130	0.727
51	60	0.3804
50	76	0.6717
122	158	0.7653
105	95	0.6376
55	12	0.7653
50	71	0.556
188	299	0.428
62	230	0.3958
122	154	0.5868
121	168	0.556
106	96	0.6503
119	243	0.8173
252	35	0.6003
52	49	0.6003
107	89	0.6151
121	180	0.556
116	280	0.7978
196	177	0.6204
64	204	0.6879
260	247	0.6259
52	41	0.8989
198	144	0.8989
51	51	1.0
64	202	0.5706
125	128	0.7514
194	194	1.0
198	149	0.6796
195	195	1.0
51	43	0.3804
107	97	0.6151
260	258	0.6259
250	66	0.6717
126	126	1.0
62	216	0.3958
116	285	0.7387
121	182	0.9409
118	263	0.5668
50	50	1.0
251	55	0.7653
264	200	0.8173
105	44	0.6376
176	83	0.7387
104	57	0.8398
193	147	0.5868
112	265	0.4567
54	83	0.6204
179	50	0.3794
70	158	0.5868
74	109	0.6376
185	285	0.3043
70	154	0.5868
74	105	0.6376
56	59	0.6003
69	202	0.6879
56	53	0.6003
56	56	1.0
56	52	0.6003
193	141	0.727
175	94	0.3794
175	91	0.6438
55	63	0.3043
103	66	1.0
68	213	0.6151
194	149	0.6259
190	190	1.0
62	283	0.3336
177	83	0.6204
123	103	0.6717
61	295	0.6204
58	28	0.3043
193	158	0.5868
176	95	0.7387
112	276	0.4567
186	285	0.3043
70	147	0.5868
178	72	0.6151
70	141	0.5868
178	73	0.4584
177	89	0.4029
177	86	0.4029
65	245	0.6003
53	80	0.6003
111	283	0.3336
121	121	1.0
120	137	0.7162
115	238	0.7978
56	49	0.6003
187	262	0.6438
68	207	0.6151
55	58	0.3043
178	68	0.6151
55	55	1.0
193	154	0.5868
56	41	0.6003
187	269	0.7162
192	167	0.6003
104	61	0.6204
53	78	0.6003
177	96	0.4029
72	112	0.5631
189	255	0.4584
179	72	0.3794
70	136	0.8173
255	301	0.8989
71	121	0.556
191	191	1.0
106	58	0.6503
195	146	0.6151
106	55	0.3043
177	98	0.6204
188	260	0.428
103	83	0.3192
52	80	0.6003
187	274	0.7162
103	84	0.3192
102	98	0.727
72	107	0.6151
117	224	0.8398
122	122	1.0
112	282	0.4567
111	296	0.3336
195	155	1.0
261	200	0.6717
66	217	0.6717
199	109	0.6376
106	63	0.3043
54	54	1.0
113	285	0.9409
123	123	1.0
105	74	0.6376
53	65	0.6003
199	105	0.6376
120	164	0.5912
108	40	0.7806
60	285	0.3804
178	97	0.7806
52	78	0.6003
60	280	0.3804
60	281	0.3804
195	156	0.7806
124	114	0.7162
70	122	0.5868
197	128	0.9409
187	286	0.7162
197	125	0.7514
103	95	0.3192
57	11	0.6204
179	76	0.3794
178	89	0.6151
64	230	0.5706
51	82	0.3804
62	256	0.3958
122	136	0.5868
113	280	0.7806
189	262	0.7978
188	278	0.428
251	12	0.7653
198	116	0.7387
104	84	0.6204
54	44	0.6204
188	274	0.7162
109	23	0.7653
103	98	0.6717
198	113	0.7387
103	99	0.3192
250	24	0.4879
100	63	0.3043
184	251	0.3043
176	44	0.7387
112	222	0.4567
173	80	0.2835
172	96	0.2835
109	305	0.6376
172	92	0.2835
190	140	0.6717
172	93	0.2835
101	51	0.6051
173	78	0.2835
102	36	0.428
173	75	0.2835
102	33	0.8664
180	299	0.428
172	87	0.2835
172	88	0.2835
182	278	0.428
104	11	0.6204
110	248	0.6967
175	50	0.3794
174	63	0.3043
111	230	0.3336
102	38	0.428
194	101	0.6259
173	92	0.2835
102	50	0.428
101	63	0.7806
100	79	0.3043
177	44	0.6204
100	77	0.8398
184	268	0.3043
185	251	0.6642
189	207	0.4584
173	88	0.2835
102	46	0.428
181	295	0.6204
110	253	0.7806
173	87	0.2835
102	42	0.7162
186	233	0.6642
173	85	0.2835
172	98	0.5595
192	129	1.0
68	6	0.4584
174	79	0.3043
103	37	0.6717
174	77	0.8398
105	23	0.6376
194	113	0.6259
189	213	0.4584
183	285	0.7387
195	107	0.6151
186	251	0.6642
177	54	0.6204
173	98	0.5595
173	96	0.2835
173	93	0.2835
182	299	0.428
175	76	0.3794
193	122	0.5868
111	256	0.3336
175	72	0.3794
100	96	0.3043
67	3	0.5868
184	285	0.3043
184	284	0.3043
176	74	0.7387
193	136	0.5868
189	221	0.4584
184	280	0.3043
120	120	1.0
106	28	0.3043
102	71	0.428
114	235	0.7162
190	174	0.8398
192	142	0.6003
120	115	0.7978
102	64	0.428
51	303	0.3804
179	39	0.3794
174	96	0.3043
110	279	0.7806
179	38	0.3794
170	77	0.3043
60	234	0.5668
174	28	0.3043
190	100	0.8398
170	79	0.3043
173	33	0.5595
50	46	0.7978
50	42	0.7806
62	202	0.3958
61	219	0.7806
105	305	0.6376
61	211	0.7806
50	38	0.9409
50	39	0.6717
100	28	0.3043
262	6	0.7978
101	13	0.6796
111	202	0.3336
176	23	0.6376
175	39	0.3794
175	37	0.7387
170	96	0.3043
175	38	0.3794
111	216	0.3336
107	301	0.4584
172	75	0.2835
184	238	0.3043
172	70	0.2835
180	278	0.428
263	5	0.3804
185	215	0.6642
50	21	0.7978
112	210	0.4567
172	85	0.2835
173	70	0.2835
185	233	0.6642
100	58	0.3043
184	247	0.3043
100	55	0.3043
172	80	0.2835
186	215	0.6642
172	78	0.2835
190	126	0.6717
174	58	0.3043
110	239	0.8989
174	55	0.3043
269	162	0.6438
171	15	0.6879
117	7	0.3192
176	305	0.7387
118	5	0.3804
181	219	0.6204
171	28	0.5277
171	27	0.5277
181	211	0.6204
170	55	0.7653
178	301	0.4584
269	187	0.7162
171	47	0.5277
170	58	0.3043
119	7	0.3192
68	195	0.6151
60	5	0.3804
170	63	0.3043
261	7	0.6204
172	33	0.5595
266	150	0.5277
50	302	0.556
189	6	0.9409
114	7	0.3192
258	299	0.6571
170	12	0.7653
266	171	0.5277
115	5	0.3804
269	135	0.8173
171	10	0.7162
63	5	0.7806
262	162	0.7806
67	158	0.5868
67	154	0.5868
247	79	0.7514
246	86	0.4029
259	237	0.6796
246	83	0.4029
59	287	0.6003
263	145	0.5668
63	198	0.7387
110	8	0.7806
258	247	0.6571
246	89	0.4029
258	260	0.6259
67	147	0.5868
67	141	1.0
256	283	0.3336
65	167	0.6003
246	96	0.4029
265	132	0.4567
65	164	0.8664
69	111	0.3336
258	258	1.0
58	284	0.6503
246	98	0.4029
58	285	0.3043
57	295	0.6204
67	136	0.5868
58	280	0.3043
262	187	0.6438
257	289	0.727
48	98	0.2835
262	189	0.7978
49	80	0.6003
48	96	0.7806
256	296	0.8398
266	137	0.6879
266	139	0.5277
48	92	0.2835
48	93	0.2835
259	259	1.0
265	148	0.4567
268	106	0.8989
247	96	0.6503
49	78	0.6003
48	88	0.2835
67	122	0.5868
113	5	0.7806
58	268	0.6503
258	278	0.6259
68	107	0.6151
265	151	0.4567
243	84	0.3192
252	280	0.6796
243	83	0.3192
247	36	0.6259
252	285	0.6003
116	183	0.7387
244	76	0.3794
67	193	0.727
256	230	0.3958
249	15	0.5277
244	72	0.3794
245	56	0.6003
254	254	1.0
245	53	0.6003
245	52	0.6003
189	195	0.4584
68	178	0.6151
69	163	0.3336
245	59	0.6003
243	95	0.3192
262	135	0.6438
255	255	1.0
249	28	0.6879
249	27	0.6879
243	99	0.3192
243	98	0.3192
263	118	0.5668
264	103	0.6717
253	279	0.7806
246	51	0.6051
245	65	0.6003
260	150	0.6259
69	153	0.3958
244	91	0.6438
258	231	0.8398
247	58	0.6503
245	80	0.6003
244	94	0.3794
256	256	1.0
246	63	0.6259
245	78	0.6003
116	198	0.7387
259	218	0.6796
255	262	0.4584
65	192	0.6003
248	40	0.6967
68	155	0.6151
68	156	0.6151
257	257	1.0
249	47	0.6879
265	112	0.4567
69	137	0.3958
64	198	0.6879
68	146	0.6151
264	123	0.6717
81	304	0.4498
226	193	0.5365
2	2	1.0
130	26	0.5706
229	150	0.5277
300	117	0.8398
300	119	0.6317
293	7	0.7653
1	1	1.0
1	0	0.6642
95	7	0.6376
131	36	0.6259
133	11	0.9409
20	7	0.4029
229	171	0.5277
0	1	0.6642
0	0	1.0
227	198	0.6796
131	46	0.428
132	39	0.3794
7	199	0.6376
226	147	0.5365
298	176	0.7387
209	80	0.2835
208	94	0.3794
25	5	0.5396
226	141	0.5365
5	5	1.0
227	137	0.6967
209	88	0.2835
209	87	0.2835
209	85	0.6051
217	292	0.6717
99	7	0.3192
99	4	0.727
225	175	0.6438
226	158	0.5365
209	93	0.2835
209	92	0.6051
226	154	0.5365
83	305	0.7387
227	149	0.6796
4	7	0.3192
209	98	0.2835
209	96	0.2835
227	144	0.7806
229	137	0.6879
219	295	0.6204
4	4	1.0
98	7	0.6204
229	139	0.5277
298	199	0.7387
225	179	0.6438
23	7	0.7653
149	5	0.7806
290	7	0.3192
82	303	0.3804
3	3	1.0
97	6	0.4584
28	137	0.8989
19	283	0.3336
296	163	0.3336
23	199	0.6376
207	73	0.4584
207	72	0.6151
293	199	0.6376
29	120	0.5912
289	289	1.0
220	175	0.6717
207	68	0.6151
3	193	0.5868
97	195	0.6151
208	50	0.3794
222	151	0.4567
217	250	0.6717
220	179	0.6717
206	91	0.3794
145	5	0.3804
18	286	0.6438
223	150	0.5277
27	139	0.5277
299	135	0.7806
295	181	0.6204
28	120	0.8989
206	94	0.3794
27	137	0.8398
218	259	0.6796
215	285	0.3043
26	144	0.5706
299	131	0.7806
217	264	0.8173
221	178	0.4584
227	101	0.6796
217	261	0.6717
28	115	0.7978
23	176	0.6376
18	274	0.6438
146	6	0.4584
17	284	0.3043
17	285	0.3043
216	285	0.6571
208	76	0.3794
17	280	0.727
97	178	0.7806
21	197	0.6717
207	89	0.6151
208	72	0.3794
25	149	0.5396
8	110	0.7806
209	67	0.2835
26	130	0.5706
221	189	0.4584
19	256	0.3336
95	199	0.7387
5	149	0.7806
18	269	0.6438
208	91	0.8989
18	262	0.7806
147	3	0.5868
8	108	0.7806
226	136	0.5365
221	195	0.4584
216	296	0.3958
16	285	0.7978
209	70	0.2835
299	150	0.7806
16	280	0.6003
207	97	0.7806
21	182	1.0
223	171	0.5277
209	78	0.2835
209	75	0.2835
276	94	0.4567
217	217	1.0
212	276	0.3794
295	133	0.6204
276	91	0.4567
222	112	0.4567
204	64	0.6879
204	63	0.3656
149	194	0.6259
141	3	0.5868
278	71	0.428
277	86	0.4029
214	252	0.6003
29	164	0.8664
277	83	0.8664
202	86	0.7514
215	233	0.7653
202	83	0.4029
206	39	0.8989
26	198	0.5706
278	64	0.428
206	38	0.6717
296	111	0.3336
6	195	0.4584
286	274	0.7162
202	89	0.4029
289	257	0.727
212	282	0.3794
298	105	0.6376
277	98	0.6204
277	96	0.4029
298	109	0.6376
218	218	1.0
206	50	0.6717
216	230	0.3958
202	96	0.4029
7	176	0.6376
149	198	0.6796
27	171	0.5277
8	166	0.61
277	89	0.4029
216	238	0.6571
203	89	0.4029
26	183	0.5706
211	295	0.6204
203	86	0.4029
286	286	1.0
6	189	0.9409
203	83	0.4029
202	98	0.4029
5	194	0.6259
295	152	0.6204
293	176	0.6376
219	211	0.7806
287	287	1.0
215	251	0.7653
222	132	0.4567
208	39	0.3794
203	98	0.4029
208	38	0.3794
203	96	0.8173
296	137	0.3958
6	178	0.4584
19	296	0.3336
29	137	0.5912
222	148	0.4567
296	153	0.3958
288	288	1.0
214	285	0.6003
206	76	0.7514
223	139	0.5277
295	160	0.8989
223	137	1.0
218	237	0.8173
214	280	0.6003
206	72	0.3794
224	119	0.6317
27	150	0.5277
219	219	1.0
224	117	0.8398
216	256	0.3958
209	32	0.6051
205	10	0.7162
276	50	0.3794
93	166	0.6796
204	22	0.3656
12	285	0.3043
94	151	0.7978
284	268	0.8989
203	35	0.4029
277	44	0.8664
98	103	0.6717
205	15	0.6879
15	249	0.5277
204	28	0.3656
11	295	0.6204
98	102	0.727
20	144	0.7387
273	84	0.3192
79	63	0.3043
273	83	0.3192
149	144	0.7978
282	282	1.0
292	123	0.6717
86	285	0.7514
78	78	1.0
23	109	0.7653
23	105	0.6376
94	148	0.4567
149	149	1.0
202	44	0.4029
204	37	0.3656
204	35	0.6879
22	113	0.6571
76	91	0.3794
275	74	0.7387
88	257	0.727
146	195	0.6151
76	94	0.3794
21	125	0.6717
16	227	0.6003
277	54	0.6204
205	28	0.5277
205	27	0.5277
21	128	0.6717
288	224	0.8398
283	283	1.0
21	121	0.9409
91	179	0.6438
200	84	0.3192
200	83	0.3192
79	58	0.6503
97	107	0.6151
278	36	0.8664
273	95	0.3192
91	175	0.6438
79	55	0.3043
214	214	1.0
78	65	1.0
14	243	0.8173
203	44	0.4029
77	77	1.0
77	79	0.3043
273	99	0.727
210	265	0.4567
273	98	0.3192
278	37	0.7387
202	54	0.4029
94	132	0.4567
284	284	1.0
13	252	0.6796
284	285	0.3043
276	72	0.4567
147	193	0.5868
84	295	0.8989
275	83	0.7387
278	50	0.428
87	257	0.727
200	99	0.3192
92	157	0.6051
200	98	0.8173
93	143	0.6796
206	21	0.6717
200	95	0.3192
284	280	0.3043
283	296	0.3336
15	229	0.5277
276	76	0.3794
16	214	0.6003
15	223	0.5277
202	64	0.5706
96	106	0.6503
202	63	0.4029
214	227	0.6003
78	59	0.6003
78	53	0.6003
287	245	0.6003
78	56	0.6003
295	104	0.6204
274	96	0.6438
203	54	0.4029
216	202	0.3958
202	69	0.6879
78	52	0.6003
210	276	0.8173
215	215	1.0
77	63	0.3043
83	298	0.7387
285	280	0.7653
76	76	1.0
12	251	0.7653
83	293	0.6376
93	134	0.6796
275	95	0.7387
285	285	1.0
76	72	0.3794
288	243	0.6317
205	47	0.5277
74	95	0.7387
75	80	0.4639
10	272	0.5277
210	282	0.4567
20	113	0.7387
286	269	0.7162
279	40	0.7806
78	49	0.6003
14	224	0.6317
77	58	0.3043
91	151	0.4567
95	109	0.6376
217	200	0.8173
216	216	1.0
77	55	0.3043
286	262	0.6438
95	105	0.6376
203	64	0.4029
78	41	0.6003
203	63	0.4029
146	146	1.0
270	83	0.6376
275	23	0.6376
3	158	0.5868
129	80	0.6003
128	94	0.3794
128	91	0.3794
99	138	0.727
7	109	0.7653
147	136	0.5868
17	268	0.3043
142	192	0.6003
283	230	0.3336
3	154	0.5868
26	113	0.5706
97	155	0.6151
97	156	0.7806
149	101	0.7806
26	116	0.5706
138	273	0.727
148	112	0.5631
273	47	0.3192
20	183	0.7387
210	210	1.0
139	266	0.5277
95	176	0.7387
96	161	0.8173
96	162	0.7806
19	230	0.3336
147	141	0.5868
146	156	0.6151
207	301	0.4584
146	155	0.6151
3	147	0.5868
274	48	0.6438
4	138	0.727
89	285	0.6967
274	45	0.6438
211	211	1.0
271	86	0.4029
3	141	0.5868
148	132	0.4567
147	147	1.0
271	83	0.6204
212	206	0.8989
211	219	0.7806
270	95	0.6376
79	96	0.6503
149	113	0.7978
139	272	0.5277
97	146	0.6151
200	37	0.6717
274	42	0.7162
15	272	0.5277
14	288	0.6317
5	113	0.7806
273	57	0.3192
25	113	0.5396
210	222	0.4567
201	28	0.5277
290	114	0.7162
201	27	0.5277
212	212	1.0
283	256	0.3336
275	44	0.7387
3	136	0.8173
88	289	0.727
292	103	0.6717
271	96	0.4029
22	144	0.6571
147	158	0.5868
282	265	0.4567
147	154	0.9409
98	123	0.6717
16	252	0.6003
144	183	0.7387
273	61	0.3192
271	89	0.4029
15	266	0.5277
19	216	0.3336
280	280	1.0
25	101	0.5396
284	238	0.3043
5	101	0.7806
273	66	0.3192
290	124	0.7162
280	285	0.7653
285	227	0.7806
273	63	0.3192
146	178	0.6151
284	251	0.3043
13	285	0.6003
293	109	0.7653
203	28	0.4029
13	280	0.6796
200	66	0.6717
282	276	0.4567
213	213	1.0
148	151	0.4567
79	79	1.0
3	122	0.5868
293	105	0.6376
87	289	0.727
201	47	0.5277
281	285	0.3804
79	77	0.3043
148	148	1.0
213	207	0.7806
276	39	0.3794
271	98	0.6204
284	247	0.6503
202	35	0.4029
19	202	0.3336
144	198	0.8989
281	280	0.5396
78	80	0.6003
77	96	0.3043
281	281	1.0
273	74	0.3192
199	95	0.7387
145	118	0.5668
11	219	0.6204
140	174	0.6717
76	21	0.6717
135	274	0.8173
10	229	0.5277
128	50	0.6717
139	229	0.5277
127	63	0.3043
126	79	0.3043
74	44	0.7387
11	211	0.6204
146	107	0.8398
270	44	0.6376
129	41	0.6003
10	223	0.5277
143	134	0.6796
124	99	0.3192
72	68	0.6151
86	202	0.7514
124	98	0.3192
124	95	0.3192
280	227	0.6796
126	77	0.6717
139	223	0.5277
272	15	0.5277
71	71	1.0
70	87	0.5868
70	88	0.5868
133	295	0.6204
283	202	0.3336
135	286	0.7162
127	79	0.3043
127	77	0.3043
82	246	0.3804
129	56	0.6003
282	210	0.4567
129	52	0.6003
129	53	0.6003
85	209	0.6051
143	143	1.0
125	94	0.3794
129	49	0.6003
125	91	0.3794
84	219	0.6204
71	64	0.428
272	28	0.6879
272	27	0.6879
144	130	0.727
84	211	0.6204
274	18	0.6438
135	299	0.7806
128	76	0.7514
82	238	0.3804
128	72	0.3794
283	216	0.3336
144	149	0.7978
70	70	1.0
129	65	0.6003
10	205	0.7162
136	289	0.5868
282	222	0.4567
74	23	0.6376
137	272	0.6879
81	240	0.4498
10	201	0.5277
280	246	0.6259
142	167	0.6003
271	44	0.6204
129	59	0.6003
139	249	0.5277
140	190	0.6717
144	144	1.0
126	96	0.3043
71	50	0.556
70	67	0.5868
141	193	0.727
145	145	1.0
127	96	0.3043
129	78	0.6003
137	285	0.6967
80	245	0.6003
147	122	0.5868
270	74	0.6376
143	166	0.6796
71	46	0.556
271	54	0.6204
71	42	0.556
280	252	0.6796
272	47	0.6879
289	3	0.5868
75	78	0.4639
94	112	0.4567
89	213	0.7806
135	231	0.6571
198	63	0.7387
198	64	0.6879
75	75	1.0
124	61	0.3192
79	28	0.3043
141	122	0.5868
15	205	0.6879
122	88	0.5868
74	83	0.7387
10	266	0.5277
122	87	0.5868
15	201	0.5277
196	83	0.6204
124	57	0.3192
132	265	0.4567
195	97	0.6151
73	97	0.4584
131	278	0.6259
197	76	0.7514
13	227	0.6796
196	89	0.4029
197	72	0.3794
196	86	0.4029
12	233	0.7653
83	275	0.7387
128	21	0.6717
134	259	0.7806
83	277	0.8664
140	140	1.0
75	65	0.4639
76	50	0.6717
141	136	0.5868
82	285	0.3804
83	270	0.6376
123	83	0.3192
123	84	0.3192
82	280	0.3804
135	247	0.7806
82	281	0.3804
73	89	0.4584
74	74	1.0
132	276	0.8173
125	50	0.6717
124	66	0.3192
86	230	0.7514
72	97	0.6151
124	63	0.3192
13	214	0.6003
196	98	0.6204
196	96	0.4029
75	56	0.4639
199	74	0.7387
75	59	0.4639
75	52	0.4639
75	53	0.4639
126	58	0.3043
141	147	0.5868
128	39	0.7514
123	98	0.6717
124	83	0.3192
123	99	0.3192
270	23	0.7653
10	249	0.5277
128	38	0.6717
201	304	0.5957
123	95	0.3192
141	141	1.0
135	258	0.6571
73	72	0.4584
72	89	0.6151
73	73	1.0
137	227	0.6967
131	299	0.7806
275	305	0.7387
137	223	1.0
132	282	0.4567
124	74	0.3192
77	28	0.3043
139	205	0.7162
126	55	0.3043
76	38	0.6717
76	39	0.7514
12	215	0.7653
139	201	0.5277
75	49	0.4639
197	94	0.3794
197	91	0.3794
142	129	0.6003
127	58	0.3043
199	83	0.7387
75	41	0.4639
135	262	0.6438
127	55	0.7653
144	116	0.7978
142	142	1.0
141	158	0.5868
136	257	0.5868
82	263	0.3804
141	154	0.5868
135	269	0.8173
73	68	0.4584
137	238	0.8989
125	72	0.3794
80	287	0.6003
72	73	0.4584
137	234	0.7387
124	84	0.3192
144	113	0.9409
72	72	1.0
126	63	0.3043
125	76	0.9409
197	39	0.7514
197	38	0.6717
133	219	0.6204
121	50	0.556
193	88	0.727
270	305	0.6376
193	87	0.727
132	222	0.4567
285	5	0.7653
74	305	0.7387
131	231	0.6571
120	65	0.5912
133	211	0.6204
120	63	0.3804
120	60	0.3804
196	44	0.6204
140	100	0.6717
198	35	0.8989
121	64	0.428
194	86	0.4029
194	83	0.4029
199	23	0.6376
134	218	0.6796
131	247	0.7806
123	37	0.6717
14	7	0.3192
73	301	0.4584
196	54	0.8398
195	68	0.6151
88	3	0.5868
194	96	0.4029
213	6	0.4584
131	260	0.6259
122	67	0.5868
131	258	0.6571
195	73	0.4584
194	89	0.4029
195	72	0.6151
121	71	0.556
120	82	0.3804
197	50	0.6717
125	21	0.6717
288	7	0.3192
134	237	0.6796
126	28	0.3043
127	12	0.7653
122	70	0.5868
123	66	0.6717
199	44	0.7387
140	126	1.0
130	285	0.727
87	3	0.5868
195	89	0.7806
194	98	0.4029
125	38	0.6717
125	39	0.7514
120	28	0.8989
120	29	0.5912
192	52	0.6003
219	152	0.7806
192	53	0.6003
218	166	0.6796
192	59	0.6003
192	56	0.6003
71	38	0.556
71	36	0.428
190	79	0.3043
190	77	0.8398
192	65	0.6003
121	21	0.9409
219	160	0.6204
71	21	0.556
120	30	0.7162
70	34	0.5868
81	201	0.4498
194	51	0.6051
193	67	0.727
121	38	0.556
192	78	0.6003
121	36	0.428
120	43	0.3804
190	96	0.3043
121	46	0.556
193	70	0.5868
121	42	0.556
219	181	0.6204
194	63	0.6259
122	34	0.5868
132	210	0.8173
197	21	0.6717
192	80	0.6003
120	51	0.3804
212	197	0.7514
208	282	0.3794
19	163	0.3336
16	198	0.6003
216	144	0.6571
19	153	0.3336
82	5	0.3804
213	195	0.7806
218	134	0.6796
18	162	0.7806
215	170	0.7653
138	4	0.727
16	183	0.7387
138	7	0.3192
287	192	0.6003
218	143	0.6796
190	58	0.3043
81	9	0.4498
214	198	0.6003
17	169	0.5957
89	195	0.7806
219	133	0.6204
190	55	0.3043
280	5	0.7806
19	137	0.3336
192	41	0.6003
199	305	0.7387
281	5	0.5396
192	49	0.6003
89	183	0.6967
193	34	0.727
88	193	0.727
215	186	0.6642
215	185	0.6642
289	193	0.727
15	171	0.6879
190	63	0.3043
71	302	0.9409
213	146	0.6151
289	122	0.5868
278	299	0.6259
208	244	0.6438
86	7	0.4029
269	92	0.2835
287	142	0.6003
205	272	0.5277
204	285	0.6879
269	98	0.2835
269	96	0.6438
211	160	0.6204
269	93	0.2835
289	136	0.5868
217	103	0.6717
214	144	0.6003
213	156	0.7806
213	155	0.6151
206	276	0.3794
286	162	0.6438
216	113	0.6571
215	127	0.7653
289	147	0.5868
136	3	0.8173
289	141	0.727
195	301	0.4584
214	149	0.6003
287	167	0.6003
211	181	0.6204
206	282	0.3794
289	158	0.5868
18	187	0.6438
190	28	0.3043
219	104	0.6204
289	154	0.5868
213	178	0.7806
208	276	0.3794
285	198	0.8989
217	123	0.6717
121	302	0.556
286	187	0.7162
83	7	0.8664
278	258	0.6259
207	213	0.7806
88	147	0.5868
279	248	0.6967
87	158	0.5868
87	154	0.5868
16	113	0.7978
283	153	0.3336
88	141	0.727
268	63	0.3043
276	276	1.0
277	261	0.6204
13	149	0.6796
279	239	0.7806
13	144	0.6796
210	132	0.8173
200	292	0.6717
279	253	0.7806
83	199	0.7387
79	284	0.6503
79	285	0.3043
88	136	0.5868
79	280	0.3043
211	133	0.6204
84	181	0.6204
278	260	0.8664
87	147	0.5868
277	277	1.0
11	160	0.6204
283	163	0.5631
212	128	0.7514
212	125	0.7514
202	285	0.4029
87	141	0.727
277	271	0.6204
204	252	0.3656
213	107	0.6151
208	208	1.0
10	171	0.7162
210	148	0.4567
205	249	0.5277
275	293	0.6376
268	79	0.6503
276	282	0.4567
275	298	0.7387
268	77	0.3043
280	198	0.6796
288	119	0.6317
208	220	0.6438
89	113	0.6967
78	287	0.6003
87	136	0.5868
287	129	0.6003
88	122	0.5868
203	285	0.4029
208	225	0.8989
288	117	0.8398
69	86	0.6879
11	152	0.6204
278	278	1.0
286	135	0.7162
210	151	0.4567
86	144	0.6967
209	209	1.0
14	119	0.8173
68	97	0.6151
85	157	0.6051
14	117	0.6317
214	101	0.6003
285	144	0.9409
285	149	0.7978
79	268	0.6503
84	160	0.8989
83	176	0.7387
279	279	1.0
77	285	0.3043
204	280	0.3656
68	89	0.6151
87	122	0.5868
77	284	0.3043
10	150	0.5277
268	96	0.6503
204	278	0.3656
77	280	0.3043
214	113	0.6003
269	88	0.2835
211	152	0.7806
12	127	0.7653
205	266	0.5277
13	113	0.6003
273	273	1.0
269	18	0.6438
13	198	0.6796
201	240	0.7514
274	262	0.6438
18	135	0.6438
17	144	0.727
201	249	0.5277
283	111	0.3336
202	230	0.7514
280	144	0.7978
280	149	0.7806
266	47	0.6879
87	193	0.727
268	28	0.3043
200	250	0.6717
263	82	0.3804
262	97	0.4584
204	204	1.0
262	96	0.7806
19	111	0.727
265	72	0.4567
136	193	0.5868
264	84	0.3192
274	274	1.0
264	83	0.3192
16	149	0.6003
282	132	0.4567
281	149	0.5396
277	237	0.6204
265	76	0.3794
16	144	0.7978
139	150	0.5277
205	205	1.0
200	264	0.8173
15	150	0.5277
284	106	0.8989
200	261	0.6717
205	201	0.5277
274	269	0.8173
89	156	0.7806
201	266	0.5277
264	99	0.3192
206	206	1.0
283	137	0.3336
264	98	0.8173
211	104	0.6204
12	185	0.6642
12	186	0.6642
264	95	0.3192
278	231	0.6259
282	148	0.4567
285	101	0.7653
210	112	0.4567
204	227	0.3656
278	247	0.6259
265	94	0.4567
17	116	0.727
269	48	0.6438
265	91	0.4567
88	158	0.5868
205	229	0.5277
201	272	0.5277
206	212	0.8989
89	144	0.6967
12	170	0.7653
88	154	0.5868
15	139	0.6879
207	207	1.0
204	234	0.3656
11	181	0.8664
276	265	0.4567
139	171	0.7162
282	151	0.7978
275	270	0.6376
274	286	0.7162
269	45	0.6438
285	113	0.9409
268	58	0.6503
205	223	0.5277
275	275	1.0
204	238	0.3656
268	55	0.3043
136	141	0.5868
200	217	0.8173
201	201	1.0
272	249	0.6879
64	86	0.7978
134	166	0.8989
135	150	0.7806
119	84	0.3192
136	147	0.5868
119	83	0.3192
201	205	0.5277
264	37	0.6717
280	101	0.7806
261	66	0.8989
127	285	0.3043
263	43	0.5668
84	104	0.6204
128	276	0.3794
69	19	0.3336
65	65	1.0
71	299	0.428
137	144	0.6967
119	95	0.3192
63	86	0.7514
64	71	0.428
136	158	0.5868
202	202	1.0
136	154	0.5868
80	142	0.6003
280	113	0.7806
75	245	0.4639
133	181	0.8664
128	282	0.3794
137	137	1.0
270	275	0.6376
266	15	0.5277
280	116	0.7978
281	101	0.5396
271	261	0.6204
67	34	0.727
65	59	0.6003
83	109	0.6376
263	51	0.3804
65	56	0.6003
270	270	1.0
272	266	0.9409
201	223	0.5277
65	52	0.6003
65	53	0.6003
73	262	0.6317
64	63	0.7514
64	64	1.0
201	229	0.5277
271	277	0.6204
262	73	0.6317
75	232	0.4639
61	99	0.3192
266	28	0.6879
276	210	0.8173
266	27	0.6879
62	86	0.3958
119	99	0.3192
61	95	0.3192
271	271	1.0
66	37	0.6717
261	83	0.6204
119	98	0.3192
281	113	0.5396
265	39	0.3794
61	98	0.3192
129	287	0.6003
65	49	0.6003
263	63	0.3804
263	60	0.5668
138	138	1.0
73	255	0.4584
65	41	0.6003
265	50	0.3794
264	66	0.6717
135	187	0.7162
71	278	0.428
63	64	0.7514
80	129	0.6003
70	289	0.5868
64	50	0.428
282	112	0.4567
272	272	1.0
76	212	0.7514
63	63	1.0
270	293	0.7653
267	24	0.4879
261	98	0.6717
276	222	0.4567
203	203	1.0
61	84	0.6204
270	298	0.6376
139	139	1.0
272	201	0.5277
79	251	0.3043
116	79	0.3043
84	152	0.6204
116	77	0.3043
272	205	0.5277
262	18	0.7806
260	42	0.428
11	133	0.9409
189	97	0.4584
69	69	1.0
69	62	0.3958
125	276	0.3794
117	66	0.3192
69	64	0.3958
118	51	0.3804
76	282	0.3794
199	270	0.6376
131	159	0.7978
198	285	0.8989
114	95	0.3192
260	36	0.9409
67	87	0.727
189	89	0.4584
68	72	0.6151
67	88	0.727
68	73	0.4584
79	247	0.7514
66	98	0.6717
66	99	0.3192
80	192	0.6003
133	133	1.0
199	275	0.7387
132	148	0.4567
123	292	0.6717
66	95	0.3192
13	101	0.6796
115	82	0.3804
114	98	0.3192
114	99	0.3192
130	183	0.727
118	60	0.7387
125	282	0.3794
117	74	0.3192
134	134	1.0
260	50	0.428
10	139	0.7162
118	63	0.3804
76	276	0.3794
68	68	1.0
75	287	0.4639
260	46	0.428
132	151	0.4567
127	251	0.7653
124	290	0.7162
79	238	0.3043
74	298	0.7387
66	83	0.3192
261	37	0.6717
66	84	0.3192
84	133	0.6204
74	293	0.6376
67	70	0.5868
135	135	1.0
272	223	0.6879
263	28	0.3804
78	245	0.6003
117	84	0.3192
135	131	0.7806
117	83	0.3192
116	96	0.3043
129	245	0.6003
272	229	0.6879
260	64	0.428
126	285	0.3043
126	284	0.3043
130	198	0.727
136	122	0.5868
126	280	0.3043
271	237	0.6204
199	293	0.6376
261	44	0.6204
67	67	1.0
134	143	0.6796
199	298	0.7387
133	152	0.6204
118	82	0.3804
117	98	0.3192
117	95	0.3192
65	80	0.6003
200	200	1.0
11	104	0.6204
119	74	0.3192
137	120	0.7162
136	136	1.0
260	71	0.428
117	99	0.3192
133	160	0.6204
261	54	0.6204
80	167	0.6003
119	66	0.3192
262	48	0.7806
66	66	1.0
74	275	0.7387
262	45	0.7806
74	270	0.6376
65	78	1.0
