24	307	
293	306	
38	5	
294	308	
25	304	
25	307	
291	314	
292	304	
292	301	
22	304	
22	308	
291	312	
292	310	
23	302	
23	307	
292	308	
39	7	
297	307	
32	204	
22	14	
297	300	
21	25	
30	230	
30	231	
20	38	
292	17	
20	36	
20	34	
31	223	
31	225	
291	23	
290	51	
290	52	
28	301	
32	218	
33	202	
32	219	
28	309	
33	209	
21	18	
21	11	
291	39	
30	245	
292	26	
291	32	
291	31	
24	15	
23	28	
22	31	
21	45	
25	311	
30	212	
20	58	
20	57	
20	56	
20	52	
26	304	
30	219	
290	19	
26	309	
296	309	
290	33	
296	301	
21	36	
21	34	
295	310	
30	223	
30	224	
26	310	
26	311	
31	212	
30	229	
27	302	
25	21	
295	26	
290	82	
290	89	
24	31	
295	27	
296	12	
23	44	
294	34	
34	224	
22	59	
23	42	
293	48	
290	81	
294	38	
30	271	
22	55	
294	35	
21	68	
292	55	
35	217	
292	56	
36	203	
35	219	
41	102	
293	46	
41	104	
293	44	
291	66	
291	63	
290	79	
25	13	
292	54	
24	28	
292	51	
34	230	
34	231	
296	22	
34	235	
23	32	
294	43	
34	238	
40	122	
40	123	
21	58	
293	52	
41	110	
40	128	
36	214	
21	53	
41	114	
20	67	
31	276	
36	218	
41	118	
31	279	
32	265	
20	60	
33	251	
42	107	
25	43	
32	225	
294	17	
28	313	
24	53	
33	215	
33	217	
34	201	
29	303	
34	203	
23	63	
22	79	
29	306	
27	19	
30	254	
30	255	
21	87	
26	25	
292	38	
298	308	
21	80	
292	31	
32	234	
24	49	
25	33	
20	91	
32	237	
25	30	
24	45	
290	72	
33	225	
29	311	
33	227	
33	229	
34	219	
26	19	
40	105	
31	250	
26	15	
293	33	
21	71	
20	86	
25	26	
291	53	
299	307	
25	65	
296	53	
38	218	
38	219	
34	262	
24	75	
24	74	
23	88	
39	208	
295	62	
40	152	
35	254	
23	84	
28	24	
28	23	
23	82	
298	26	
293	86	
298	24	
299	15	
42	131	
32	291	
27	32	
22	91	
294	72	
37	236	
296	48	
292	91	
38	221	
296	49	
25	58	
33	282	
26	41	
42	138	
33	283	
43	124	
25	54	
39	211	
44	113	
296	68	
39	215	
39	216	
39	217	
45	101	
40	160	
24	61	
23	77	
40	162	
295	71	
23	74	
295	76	
28	14	
22	87	
21	98	
37	241	
42	142	
297	45	
33	290	
26	33	
33	293	
26	70	
296	30	
25	80	
296	34	
294	57	
40	135	
31	280	
30	296	
36	222	
28	42	
297	18	
35	239	
293	67	
31	284	
27	55	
37	210	
31	287	
31	288	
296	29	
37	214	
31	289	
292	70	
37	216	
292	75	
292	76	
38	202	
33	262	
43	103	
42	119	
43	104	
25	75	
296	44	
34	255	
24	83	
35	241	
28	34	
35	247	
293	74	
28	32	
31	291	
31	292	
41	132	
293	72	
298	14	
293	76	
27	42	
41	138	
26	57	
42	123	
297	24	
26	55	
292	80	
291	96	
37	226	
42	126	
297	27	
26	52	
33	272	
26	51	
292	85	
26	90	
39	247	
39	249	
44	149	
35	294	
29	58	
45	135	
40	194	
36	282	
36	283	
29	53	
37	270	
46	127	
47	113	
37	273	
299	53	
37	276	
38	260	
37	278	
27	73	
297	79	
298	61	
48	106	
48	109	
297	92	
26	80	
297	91	
39	259	
297	94	
45	144	
297	95	
46	131	
299	65	
28	54	
27	68	
47	125	
48	114	
26	78	
298	71	
43	175	
48	117	
44	161	
43	177	
44	162	
38	279	
39	221	
39	223	
296	73	
34	287	
294	99	
29	78	
299	39	
295	82	
295	87	
296	70	
37	252	
28	84	
27	99	
299	37	
41	169	
42	154	
37	256	
38	241	
37	258	
27	94	
38	248	
34	294	
34	296	
296	89	
44	139	
29	69	
45	125	
296	80	
36	274	
29	61	
46	116	
41	175	
47	103	
299	47	
28	72	
37	267	
298	51	
42	167	
38	254	
297	66	
38	256	
297	69	
43	157	
39	288	
46	162	
29	99	
47	159	
39	291	
48	149	
39	299	
45	183	
45	184	
46	171	
46	173	
45	189	
46	174	
29	88	
48	154	
49	143	
39	265	
298	92	
298	90	
46	140	
46	141	
46	146	
47	132	
299	75	
47	136	
37	299	
48	128	
44	172	
299	70	
46	151	
47	141	
46	159	
299	87	
38	292	
48	132	
47	149	
43	193	
38	294	
43	196	
48	138	
299	84	
44	184	
47	193	
47	197	
48	196	
49	185	
46	180	
46	186	
40	6	
40	5	
40	4	
47	176	
47	177	
40	1	
49	153	
46	194	
46	195	
46	196	
46	199	
48	173	
48	176	
48	178	
49	163	
42	8	
49	194	
43	7	
45	9	
31	312	
44	2	
47	9	
46	6	
46	3	
30	307	
49	1	
34	301	
34	307	
48	1	
35	307	
30	17	
32	310	
101	110	
42	208	
37	309	
30	40	
40	232	
32	16	
32	13	
41	222	
31	24	
41	224	
37	310	
31	22	
101	105	
101	108	
38	302	
100	136	
43	203	
101	124	
43	206	
100	138	
38	309	
31	19	
41	230	
41	231	
31	12	
30	25	
41	239	
102	105	
42	225	
38	313	
30	63	
34	18	
33	26	
33	25	
41	204	
31	44	
30	56	
30	54	
100	113	
33	16	
33	14	
32	28	
32	27	
32	23	
31	39	
41	217	
42	203	
101	153	
36	10	
101	154	
44	224	
44	225	
105	102	
104	119	
45	213	
105	101	
45	215	
46	201	
51	101	
50	117	
33	43	
40	278	
102	132	
101	149	
30	79	
43	241	
102	138	
31	61	
43	243	
101	164	
44	231	
105	119	
106	104	
34	28	
30	71	
35	11	
101	166	
102	150	
44	236	
44	238	
100	173	
33	38	
50	123	
34	21	
34	20	
100	177	
46	212	
41	272	
51	114	
52	101	
105	110	
41	278	
104	123	
42	264	
42	268	
103	131	
101	131	
43	213	
100	145	
100	146	
39	302	
44	202	
39	305	
44	206	
33	69	
33	64	
41	242	
33	61	
32	76	
32	73	
102	113	
102	110	
43	221	
35	38	
43	223	
36	21	
101	143	
36	20	
30	95	
43	226	
43	228	
101	144	
44	215	
45	200	
100	151	
40	260	
34	43	
104	106	
33	58	
100	154	
34	41	
40	264	
103	115	
33	53	
33	51	
103	119	
32	65	
32	61	
102	121	
31	72	
31	71	
102	126	
102	181	
44	263	
36	53	
107	120	
101	196	
35	66	
50	150	
34	77	
39	17	
106	134	
50	158	
46	245	
51	144	
47	231	
52	132	
46	249	
37	38	
104	156	
53	120	
33	80	
38	20	
107	119	
32	94	
108	101	
48	226	
48	229	
103	165	
102	193	
54	115	
49	216	
36	42	
107	132	
44	277	
35	56	
107	138	
108	122	
45	263	
50	163	
45	265	
35	52	
35	51	
105	155	
46	254	
33	78	
33	77	
52	140	
47	241	
52	145	
47	246	
47	247	
32	86	
47	248	
38	10	
53	132	
53	133	
32	83	
43	294	
103	172	
54	121	
54	124	
44	245	
45	230	
50	133	
45	234	
34	99	
104	139	
35	81	
100	188	
46	222	
103	149	
41	286	
39	31	
38	43	
37	58	
52	116	
102	157	
48	203	
53	104	
43	265	
36	68	
103	143	
44	252	
35	79	
50	144	
51	130	
105	139	
51	132	
45	249	
34	84	
50	149	
38	37	
38	35	
100	191	
38	33	
48	210	
47	227	
103	151	
103	152	
36	59	
49	200	
37	81	
36	97	
55	135	
36	94	
107	168	
45	297	
36	91	
51	183	
51	187	
47	272	
106	176	
57	113	
52	172	
109	139	
48	260	
47	277	
52	177	
106	171	
52	179	
54	150	
48	267	
37	78	
53	168	
49	253	
53	169	
104	194	
54	155	
36	84	
51	190	
35	97	
46	293	
56	136	
106	189	
57	126	
105	194	
47	288	
52	188	
106	181	
48	275	
59	101	
59	103	
49	263	
109	140	
59	104	
53	179	
55	150	
54	126	
54	127	
45	271	
44	287	
54	128	
45	272	
107	146	
107	147	
55	116	
51	160	
50	176	
46	263	
56	105	
46	266	
39	78	
46	269	
47	255	
48	240	
39	74	
105	164	
52	156	
105	162	
53	145	
38	84	
37	99	
44	293	
44	296	
37	93	
107	154	
45	285	
55	128	
50	189	
51	174	
39	69	
106	165	
52	162	
109	128	
104	187	
48	250	
47	266	
39	63	
52	168	
39	61	
48	254	
108	136	
104	180	
48	258	
100	5	
56	161	
100	3	
109	182	
57	152	
56	169	
100	0	
58	145	
54	191	
54	194	
49	296	
108	189	
54	196	
55	185	
56	179	
57	168	
39	89	
39	85	
109	189	
108	172	
55	155	
108	171	
107	187	
106	195	
48	281	
53	182	
47	299	
58	127	
48	288	
54	175	
54	177	
56	159	
57	144	
57	146	
58	132	
58	133	
48	293	
53	193	
59	120	
48	296	
53	197	
53	199	
49	286	
109	163	
59	127	
109	166	
57	191	
57	194	
57	199	
58	184	
103	2	
103	0	
104	9	
104	6	
104	7	
58	196	
104	5	
59	155	
109	196	
101	6	
56	198	
52	3	
52	0	
51	6	
51	1	
105	9	
54	1	
54	0	
53	6	
106	9	
53	0	
100	204	
55	0	
100	215	
41	312	
57	3	
108	6	
109	5	
109	9	
40	306	
56	2	
56	1	
100	244	
44	301	
103	205	
102	216	
101	242	
101	240	
101	243	
58	2	
58	1	
45	307	
102	228	
101	237	
103	211	
100	224	
100	220	
100	221	
100	219	
40	10	
43	308	
100	232	
102	205	
111	115	
105	229	
100	289	
111	119	
50	230	
110	123	
50	232	
110	120	
104	238	
106	212	
103	247	
42	17	
103	246	
104	230	
52	210	
105	220	
51	228	
47	313	
52	212	
41	26	
103	240	
111	125	
107	210	
106	226	
106	224	
107	214	
101	289	
40	30	
50	241	
100	292	
106	223	
51	232	
101	280	
104	243	
51	236	
51	238	
100	290	
41	12	
49	300	
103	252	
49	301	
102	269	
101	253	
101	250	
101	256	
102	241	
40	61	
104	217	
44	17	
110	101	
50	212	
110	105	
50	214	
110	102	
46	300	
50	216	
46	301	
43	25	
51	203	
42	36	
51	207	
104	212	
41	49	
41	44	
100	279	
101	261	
40	55	
40	54	
101	267	
40	52	
104	226	
110	115	
105	216	
43	18	
101	260	
43	13	
42	28	
42	27	
43	10	
52	201	
52	202	
42	23	
41	34	
103	233	
103	230	
54	224	
41	74	
107	244	
112	141	
107	242	
46	12	
108	232	
60	112	
46	10	
50	274	
45	24	
45	21	
60	119	
56	205	
44	31	
104	276	
51	269	
115	103	
108	222	
113	126	
112	154	
55	220	
50	280	
45	18	
111	168	
107	258	
60	123	
106	260	
115	117	
44	23	
51	275	
43	38	
106	265	
115	110	
115	111	
62	104	
43	34	
57	206	
43	33	
42	48	
115	112	
110	171	
104	288	
114	129	
104	289	
113	134	
53	255	
112	148	
54	240	
112	149	
113	133	
104	280	
109	221	
114	121	
102	281	
41	95	
54	204	
102	285	
111	138	
112	123	
105	245	
50	254	
50	258	
110	147	
43	69	
52	233	
47	19	
107	218	
113	102	
102	278	
103	262	
43	60	
42	76	
112	115	
113	100	
103	266	
108	207	
102	279	
54	211	
112	131	
112	132	
41	83	
102	290	
40	98	
55	200	
54	217	
40	97	
108	221	
107	235	
60	105	
44	49	
40	92	
44	46	
44	41	
108	219	
51	258	
109	208	
42	67	
112	129	
107	228	
113	116	
103	276	
46	19	
53	237	
41	77	
112	186	
108	271	
60	151	
113	171	
60	152	
108	272	
60	156	
46	51	
111	195	
61	144	
52	290	
57	231	
61	147	
52	293	
49	17	
115	144	
53	281	
44	73	
49	13	
62	139	
49	12	
43	86	
116	130	
53	287	
43	80	
109	255	
107	298	
117	136	
107	296	
112	196	
113	185	
109	270	
46	44	
119	111	
108	287	
116	144	
62	140	
57	243	
44	68	
57	244	
58	230	
57	247	
58	231	
53	291	
114	168	
58	234	
116	140	
53	296	
116	141	
58	238	
119	103	
58	239	
119	104	
54	283	
53	299	
42	86	
118	117	
119	107	
55	270	
119	105	
59	229	
55	272	
107	263	
47	63	
46	79	
55	232	
54	249	
55	234	
112	169	
113	151	
116	113	
111	172	
111	173	
111	171	
106	277	
107	261	
57	212	
109	238	
57	214	
51	289	
104	298	
44	95	
115	120	
53	260	
106	270	
105	283	
104	299	
53	263	
109	231	
114	130	
47	59	
104	293	
48	42	
47	58	
108	248	
114	132	
113	148	
55	240	
107	276	
108	260	
113	160	
117	115	
47	50	
46	65	
117	118	
51	290	
110	199	
51	292	
105	298	
56	235	
45	76	
111	187	
51	298	
109	249	
44	86	
62	126	
49	24	
52	288	
63	113	
43	96	
113	155	
64	103	
113	159	
47	85	
66	123	
47	83	
67	111	
67	112	
66	128	
61	187	
67	113	
61	188	
118	151	
117	167	
62	175	
62	176	
58	263	
59	250	
59	251	
68	108	
59	252	
116	173	
64	153	
65	141	
114	194	
65	142	
48	65	
47	79	
119	139	
109	299	
65	146	
66	131	
66	132	
56	292	
119	154	
47	72	
66	136	
61	195	
67	121	
62	181	
57	282	
117	175	
57	285	
46	81	
58	271	
57	287	
118	160	
67	129	
45	92	
45	91	
64	162	
49	44	
69	105	
69	106	
49	41	
119	148	
65	154	
119	149	
48	51	
65	157	
108	293	
65	116	
61	160	
60	176	
61	161	
118	135	
113	194	
116	157	
117	141	
66	106	
57	250	
117	142	
66	107	
61	168	
62	153	
117	146	
57	257	
62	158	
58	243	
115	164	
63	144	
63	147	
54	292	
114	173	
48	88	
65	120	
109	278	
65	122	
64	138	
60	181	
55	282	
55	283	
60	182	
109	277	
60	183	
48	83	
118	148	
119	132	
47	94	
118	149	
61	173	
109	290	
56	275	
119	131	
114	190	
109	291	
61	175	
67	103	
117	151	
62	163	
118	140	
67	105	
63	152	
64	141	
59	242	
115	178	
63	158	
58	259	
115	179	
109	284	
59	248	
119	129	
59	249	
55	292	
65	133	
47	88	
118	199	
118	197	
67	151	
67	152	
110	1	
67	159	
69	130	
49	98	
49	97	
49	96	
66	177	
68	154	
69	142	
49	89	
65	194	
65	198	
48	96	
66	144	
57	294	
58	280	
62	197	
118	171	
116	193	
119	157	
66	150	
65	167	
119	172	
119	170	
118	180	
63	192	
68	136	
59	281	
59	282	
59	283	
64	186	
119	167	
119	168	
65	175	
67	194	
68	182	
68	187	
113	4	
68	196	
68	199	
114	0	
67	171	
68	161	
68	165	
68	169	
69	157	
60	7	
60	6	
60	3	
66	198	
67	183	
67	184	
67	185	
67	188	
68	178	
117	5	
117	9	
117	3	
62	0	
101	304	
101	307	
118	6	
61	6	
61	3	
101	313	
64	5	
100	305	
64	3	
115	9	
69	195	
116	7	
105	308	
105	302	
65	4	
111	202	
106	303	
111	206	
105	311	
106	300	
100	26	
51	311	
101	11	
100	24	
52	300	
52	304	
100	20	
67	7	
67	6	
103	306	
103	307	
103	305	
118	8	
50	303	
104	300	
112	220	
54	303	
54	304	
104	15	
54	307	
110	245	
111	230	
108	308	
101	45	
54	311	
112	230	
111	247	
105	10	
111	249	
104	25	
103	30	
60	204	
60	206	
103	33	
68	5	
68	3	
101	52	
68	1	
114	207	
101	59	
102	41	
113	211	
113	210	
114	200	
101	51	
110	229	
110	227	
102	18	
106	311	
53	300	
53	301	
53	302	
53	303	
111	226	
103	19	
50	10	
110	230	
102	23	
102	28	
103	10	
102	26	
101	31	
102	21	
53	312	
51	35	
105	40	
104	53	
51	33	
60	231	
50	47	
104	59	
122	108	
113	250	
120	127	
110	287	
115	229	
103	64	
110	288	
120	125	
107	19	
103	67	
111	276	
61	225	
120	129	
121	114	
62	211	
114	236	
101	87	
102	72	
110	284	
52	19	
110	281	
63	202	
58	303	
115	223	
107	15	
52	17	
113	246	
51	26	
60	241	
121	129	
60	242	
113	260	
108	14	
111	281	
104	62	
61	235	
117	211	
108	18	
114	248	
110	294	
108	11	
120	135	
116	220	
120	133	
63	214	
106	32	
113	253	
51	19	
64	202	
113	259	
64	203	
59	304	
52	40	
103	47	
111	255	
105	21	
55	311	
51	50	
55	314	
110	265	
110	266	
110	264	
50	62	
111	254	
120	107	
103	43	
56	305	
61	206	
53	29	
54	10	
53	24	
113	222	
53	21	
105	13	
100	72	
52	35	
113	226	
51	48	
51	46	
104	43	
103	59	
60	226	
120	115	
60	228	
50	51	
111	264	
116	205	
104	41	
121	102	
62	200	
101	75	
53	15	
120	110	
101	78	
57	308	
53	11	
52	26	
113	237	
114	221	
101	72	
101	70	
100	87	
52	20	
122	147	
64	229	
52	63	
113	292	
118	230	
117	247	
118	236	
113	295	
66	203	
60	278	
70	119	
50	87	
55	27	
121	153	
55	26	
121	154	
122	143	
109	34	
55	22	
116	259	
120	163	
62	257	
120	167	
120	168	
115	269	
116	253	
54	30	
113	288	
118	228	
123	127	
106	69	
60	280	
65	221	
106	66	
70	121	
51	69	
118	243	
105	92	
118	241	
66	211	
51	64	
118	248	
50	77	
121	166	
72	100	
71	116	
72	101	
121	165	
72	102	
116	266	
50	72	
117	255	
109	48	
54	28	
117	256	
62	267	
54	25	
115	274	
107	66	
63	255	
116	264	
53	36	
126	102	
53	33	
125	111	
120	170	
114	288	
70	132	
115	270	
70	133	
57	26	
122	126	
123	110	
52	84	
117	224	
105	60	
52	81	
52	80	
60	255	
57	20	
123	112	
56	35	
111	294	
51	92	
117	222	
61	246	
56	30	
111	298	
109	12	
103	87	
115	242	
62	234	
107	35	
62	235	
106	48	
55	40	
115	241	
107	38	
107	39	
107	36	
53	68	
107	37	
123	104	
105	56	
64	212	
53	62	
122	136	
109	29	
104	88	
70	101	
60	261	
117	237	
113	281	
109	28	
60	264	
123	125	
61	250	
60	266	
118	223	
113	282	
109	21	
61	253	
117	230	
56	20	
61	257	
61	258	
114	269	
62	247	
62	248	
115	257	
53	59	
103	91	
54	40	
124	101	
114	261	
105	69	
105	67	
107	42	
64	226	
65	210	
70	156	
123	173	
70	158	
56	58	
117	284	
56	55	
126	138	
72	134	
127	123	
122	182	
62	295	
63	280	
123	172	
122	185	
117	287	
125	148	
68	226	
63	286	
54	77	
127	120	
68	229	
63	289	
69	215	
74	115	
58	29	
125	141	
75	101	
53	86	
119	256	
108	80	
58	25	
124	158	
53	82	
52	97	
71	150	
75	107	
58	21	
129	112	
58	20	
65	269	
71	153	
70	169	
129	114	
72	144	
55	58	
63	291	
55	56	
125	159	
64	280	
74	121	
64	282	
54	66	
69	223	
108	99	
54	65	
74	123	
53	79	
119	268	
124	165	
75	113	
64	289	
70	173	
65	274	
124	166	
53	73	
70	174	
126	140	
52	87	
71	161	
70	136	
66	222	
119	242	
123	157	
65	239	
118	259	
66	224	
118	256	
57	64	
118	257	
121	178	
62	271	
56	77	
108	68	
117	261	
61	289	
122	165	
56	74	
63	261	
125	126	
63	262	
107	79	
115	284	
121	171	
116	272	
73	108	
126	113	
59	36	
64	254	
54	93	
118	249	
64	256	
54	91	
124	138	
58	47	
124	139	
114	299	
125	123	
107	75	
70	142	
125	120	
106	89	
70	144	
128	109	
123	168	
119	254	
124	151	
72	120	
71	137	
61	298	
122	171	
63	270	
72	127	
108	73	
126	122	
69	200	
68	216	
120	195	
54	88	
126	125	
68	219	
54	86	
121	182	
73	119	
69	206	
119	244	
70	150	
59	22	
58	37	
120	192	
65	254	
115	291	
125	132	
119	249	
107	84	
124	148	
58	33	
76	126	
76	127	
72	170	
129	148	
77	115	
129	147	
127	168	
78	101	
73	161	
68	263	
127	167	
56	94	
73	167	
69	252	
73	168	
69	254	
66	291	
59	53	
71	193	
58	67	
126	171	
76	135	
71	194	
66	297	
76	138	
71	197	
72	183	
58	61	
57	76	
129	157	
77	126	
73	170	
128	163	
57	70	
129	150	
78	119	
56	82	
55	97	
55	96	
74	165	
126	186	
79	107	
74	166	
55	94	
55	92	
75	153	
59	47	
125	193	
76	141	
75	157	
76	143	
58	56	
58	55	
129	120	
66	265	
124	180	
129	121	
118	297	
71	165	
72	150	
128	131	
72	158	
128	135	
73	143	
127	148	
118	293	
73	145	
68	248	
126	152	
68	249	
73	149	
74	137	
129	119	
69	239	
75	123	
70	182	
119	277	
70	184	
126	150	
125	164	
65	289	
76	113	
119	293	
71	173	
71	174	
71	175	
129	138	
71	178	
72	163	
57	97	
58	80	
127	157	
127	155	
73	153	
68	255	
68	257	
74	141	
69	243	
74	144	
69	246	
127	152	
126	168	
74	149	
66	280	
70	197	
66	282	
65	299	
275	129	
265	289	
270	187	
266	279	
271	176	
266	277	
270	181	
256	89	
276	111	
275	125	
258	61	
257	70	
256	86	
257	71	
268	240	
271	169	
258	78	
276	123	
275	132	
270	191	
256	99	
258	73	
180	306	
270	195	
258	72	
269	244	
273	150	
259	58	
277	106	
256	90	
277	109	
268	253	
195	3	
270	168	
265	269	
267	241	
258	48	
264	277	
274	115	
257	57	
263	284	
272	139	
262	299	
256	64	
269	212	
264	271	
267	234	
259	26	
267	231	
259	24	
267	238	
262	297	
272	135	
255	71	
276	104	
276	103	
271	160	
266	268	
194	1	
276	107	
271	164	
265	272	
256	79	
257	61	
257	62	
269	226	
258	51	
257	68	
270	173	
258	50	
269	221	
268	236	
255	85	
273	134	
255	86	
264	284	
273	139	
267	245	
254	95	
266	259	
193	8	
263	291	
259	39	
259	93	
198	8	
259	99	
276	154	
269	276	
269	279	
275	161	
268	281	
269	271	
278	142	
199	9	
278	140	
277	156	
279	125	
274	188	
279	129	
275	171	
274	187	
273	192	
274	181	
183	306	
268	296	
276	137	
258	89	
271	194	
258	87	
259	71	
271	197	
266	298	
274	159	
274	158	
266	293	
276	132	
266	291	
278	109	
268	269	
278	102	
272	176	
268	266	
272	179	
277	119	
272	191	
276	148	
267	292	
258	97	
276	140	
275	158	
269	265	
273	177	
279	102	
269	268	
274	166	
274	165	
267	289	
277	128	
273	171	
273	170	
269	261	
279	100	
186	309	
277	189	
180	31	
190	219	
185	312	
279	152	
278	167	
180	24	
181	13	
279	170	
192	209	
277	199	
191	214	
190	229	
186	314	
277	194	
191	217	
279	169	
190	226	
190	225	
190	223	
180	35	
279	164	
277	165	
180	10	
276	171	
276	170	
269	295	
269	290	
183	312	
277	159	
274	193	
184	300	
274	190	
279	131	
278	160	
278	162	
190	209	
276	180	
180	16	
180	13	
180	14	
184	311	
185	13	
194	211	
189	311	
181	62	
180	75	
181	60	
191	245	
184	20	
190	255	
271	5	
193	217	
189	306	
193	234	
185	23	
194	221	
193	237	
194	220	
192	242	
192	246	
185	21	
184	37	
192	245	
272	6	
190	264	
272	7	
190	263	
183	45	
272	1	
194	213	
193	228	
182	53	
195	201	
270	4	
192	218	
191	226	
279	179	
190	230	
191	221	
181	32	
180	46	
181	31	
279	175	
181	35	
184	19	
193	211	
192	226	
193	216	
279	190	
193	213	
183	27	
191	234	
192	221	
184	14	
182	34	
191	232	
191	230	
279	188	
182	30	
198	207	
194	250	
186	46	
193	269	
184	67	
192	273	
191	288	
198	203	
193	262	
185	55	
275	3	
193	261	
198	201	
193	260	
188	15	
191	282	
183	72	
181	98	
181	99	
181	96	
188	11	
198	217	
185	67	
192	285	
184	76	
193	274	
189	11	
184	70	
196	233	
191	298	
189	14	
191	297	
191	296	
189	13	
195	242	
260	300	
260	304	
195	244	
180	95	
193	243	
193	242	
185	35	
184	44	
191	268	
192	252	
184	45	
191	266	
192	255	
182	68	
273	4	
195	217	
190	274	
183	51	
273	7	
190	279	
195	219	
191	262	
182	60	
181	90	
181	91	
186	36	
193	258	
185	49	
181	92	
192	264	
196	218	
193	252	
192	266	
184	58	
191	272	
191	270	
274	2	
183	67	
195	221	
190	280	
195	220	
181	85	
182	70	
187	16	
183	60	
182	74	
186	86	
186	87	
194	293	
199	239	
185	94	
197	259	
199	231	
186	83	
196	268	
189	45	
188	52	
187	68	
196	264	
278	5	
187	82	
186	98	
199	245	
199	244	
187	86	
264	309	
187	83	
198	255	
263	313	
197	269	
263	312	
264	303	
199	242	
197	267	
188	61	
189	50	
279	2	
188	67	
195	289	
186	64	
199	213	
198	229	
199	212	
194	271	
193	287	
194	277	
187	51	
185	73	
189	28	
184	87	
193	282	
261	304	
188	35	
196	248	
192	291	
196	247	
260	313	
188	30	
260	312	
199	209	
196	241	
195	256	
188	31	
185	89	
199	222	
195	270	
187	61	
185	84	
184	98	
193	295	
197	241	
184	92	
189	37	
197	243	
189	34	
196	258	
195	269	
270	221	
199	277	
261	22	
260	38	
271	209	
198	283	
266	305	
271	201	
270	234	
262	27	
262	28	
199	281	
260	48	
199	287	
272	206	
198	290	
189	99	
189	96	
260	40	
270	229	
266	314	
271	216	
270	203	
264	311	
197	271	
260	13	
260	11	
195	297	
265	310	
261	15	
199	262	
197	282	
260	21	
197	287	
189	78	
260	22	
197	280	
275	208	
10	103	
10	105	
280	104	
263	46	
263	44	
263	45	
270	263	
270	262	
280	101	
260	75	
272	237	
274	211	
260	79	
261	63	
261	60	
260	76	
272	236	
10	110	
265	10	
281	102	
263	53	
270	275	
11	101	
276	206	
264	42	
263	58	
271	264	
264	40	
275	210	
261	78	
11	108	
262	63	
265	25	
274	222	
273	238	
260	87	
272	243	
271	258	
263	49	
272	245	
265	20	
10	123	
262	34	
270	247	
270	240	
262	33	
199	297	
260	53	
268	301	
273	206	
270	239	
267	314	
267	313	
270	255	
264	20	
270	257	
274	204	
269	303	
263	28	
271	234	
264	17	
269	11	
10	147	
264	71	
271	293	
271	292	
271	299	
272	283	
269	16	
12	120	
281	136	
272	280	
263	89	
268	20	
262	93	
268	23	
281	130	
267	37	
278	208	
283	105	
266	47	
266	46	
273	260	
14	108	
282	113	
271	289	
11	140	
273	262	
10	159	
11	145	
280	159	
11	146	
282	134	
272	294	
11	149	
264	84	
284	109	
275	253	
280	158	
263	93	
276	242	
267	48	
280	155	
273	277	
273	276	
14	116	
14	117	
10	160	
282	127	
264	79	
15	104	
10	163	
269	17	
277	226	
10	164	
273	275	
265	66	
15	107	
278	215	
282	129	
278	214	
281	113	
281	111	
281	110	
270	286	
263	68	
272	260	
277	200	
271	274	
261	89	
267	14	
262	70	
270	283	
273	246	
260	96	
12	109	
260	97	
274	234	
265	39	
271	269	
276	209	
272	256	
265	32	
276	225	
264	60	
270	297	
263	77	
11	126	
281	125	
12	111	
267	24	
262	83	
275	231	
12	115	
280	134	
270	294	
12	118	
13	105	
262	80	
272	265	
272	262	
265	45	
265	43	
273	250	
11	130	
277	264	
276	279	
12	161	
12	162	
287	108	
278	252	
277	266	
12	166	
280	187	
267	77	
269	51	
276	273	
284	136	
267	72	
284	134	
284	133	
267	76	
265	99	
283	147	
16	129	
11	188	
277	273	
17	114	
11	189	
269	65	
12	174	
282	178	
287	117	
18	102	
12	177	
280	197	
286	122	
285	136	
275	296	
286	127	
18	108	
287	110	
13	168	
281	184	
268	76	
190	309	
276	284	
281	183	
280	190	
284	146	
275	290	
15	141	
285	132	
16	130	
16	131	
16	135	
16	137	
12	141	
278	230	
11	159	
12	146	
268	42	
13	131	
274	279	
13	133	
276	254	
280	167	
281	150	
14	122	
14	123	
273	288	
278	228	
274	271	
285	102	
284	117	
275	261	
284	115	
272	298	
277	238	
277	237	
15	116	
10	175	
272	295	
15	117	
11	160	
279	211	
284	110	
279	210	
266	60	
281	168	
276	269	
11	166	
281	165	
269	46	
282	153	
14	131	
13	149	
284	124	
284	122	
275	273	
10	180	
284	128	
14	138	
267	62	
275	270	
265	85	
283	131	
282	147	
16	111	
266	73	
279	220	
288	130	
18	131	
289	120	
14	180	
14	184	
15	171	
14	189	
15	177	
16	162	
16	165	
16	166	
279	276	
284	173	
279	274	
18	140	
287	157	
17	158	
18	144	
289	130	
19	130	
193	312	
18	147	
19	131	
287	150	
286	163	
15	188	
286	160	
284	183	
283	198	
16	176	
284	180	
288	137	
11	197	
282	185	
288	110	
17	124	
281	199	
269	75	
269	76	
191	307	
18	110	
288	114	
283	173	
288	113	
276	294	
276	292	
19	103	
14	162	
191	304	
14	164	
276	295	
19	107	
14	169	
268	80	
288	104	
284	152	
16	149	
282	193	
13	180	
13	181	
282	197	
13	185	
285	158	
192	301	
13	189	
286	148	
282	191	
14	175	
287	130	
191	314	
19	118	
279	269	
289	101	
289	100	
279	266	
17	142	
289	104	
283	178	
18	174	
288	179	
288	177	
287	181	
19	168	
288	172	
287	187	
289	157	
195	312	
289	158	
288	186	
288	184	
289	174	
289	173	
287	193	
287	199	
197	307	
287	197	
196	312	
197	300	
289	168	
289	165	
18	150	
17	166	
10	3	
194	310	
287	161	
286	179	
16	180	
194	308	
285	187	
289	134	
16	187	
288	164	
18	165	
18	167	
288	160	
190	20	
195	308	
16	197	
289	144	
190	19	
289	149	
285	192	
190	78	
194	26	
193	37	
191	57	
193	30	
191	78	
195	23	
193	47	
193	43	
198	304	
289	186	
19	184	
288	191	
190	51	
13	3	
289	179	
19	190	
199	300	
289	195	
281	5	
191	54	
198	312	
192	39	
193	20	
197	31	
15	9	
196	48	
192	91	
196	46	
192	95	
196	43	
285	8	
194	67	
285	0	
194	65	
193	71	
192	85	
196	58	
197	47	
14	6	
196	54	
14	0	
195	69	
195	61	
192	99	
198	27	
193	86	
194	71	
270	309	
17	0	
197	11	
194	49	
195	34	
195	38	
190	94	
283	6	
194	40	
194	46	
283	0	
192	63	
191	79	
16	9	
193	53	
197	24	
191	97	
197	23	
195	46	
284	8	
194	57	
194	54	
197	16	
197	75	
197	76	
197	78	
273	307	
195	98	
197	71	
197	70	
199	46	
272	314	
18	7	
195	93	
18	3	
198	56	
18	0	
272	313	
196	95	
196	96	
273	310	
199	57	
289	2	
198	65	
198	66	
10	200	
199	53	
197	53	
196	68	
194	83	
195	73	
199	22	
271	305	
197	62	
288	1	
19	6	
19	0	
199	39	
194	99	
271	314	
199	30	
271	311	
194	92	
194	93	
272	19	
280	227	
281	211	
11	211	
272	18	
12	200	
271	26	
12	205	
12	206	
270	37	
281	209	
199	85	
199	88	
199	87	
272	29	
11	225	
281	225	
11	226	
12	212	
11	229	
272	27	
12	219	
271	30	
13	205	
282	204	
10	241	
198	81	
197	95	
10	209	
270	19	
199	68	
270	15	
270	16	
198	96	
199	81	
281	203	
271	17	
271	18	
270	20	
290	109	
12	240	
282	243	
274	36	
272	55	
290	102	
281	252	
285	208	
13	238	
271	62	
270	78	
290	100	
14	228	
283	221	
274	29	
275	16	
270	75	
11	260	
270	73	
21	102	
21	105	
282	255	
282	254	
21	109	
11	269	
291	109	
281	268	
285	215	
12	257	
280	272	
286	201	
13	247	
283	239	
14	233	
285	212	
284	227	
20	121	
275	23	
275	24	
275	21	
10	286	
16	213	
281	234	
273	29	
11	235	
11	236	
273	27	
272	33	
280	245	
270	55	
271	45	
13	219	
278	300	
10	251	
281	229	
10	252	
282	216	
281	244	
273	37	
282	231	
272	45	
271	58	
281	240	
272	47	
284	201	
13	227	
284	200	
14	213	
272	41	
284	204	
20	100	
282	226	
278	310	
14	219	
15	206	
10	265	
15	208	
270	63	
16	237	
279	16	
279	17	
16	239	
291	138	
17	224	
283	272	
17	227	
12	286	
283	270	
274	77	
24	100	
19	201	
286	237	
279	12	
19	202	
18	219	
13	278	
291	134	
279	11	
284	255	
14	267	
19	209	
290	141	
15	256	
275	56	
293	104	
293	108	
282	295	
275	70	
21	148	
282	294	
279	28	
17	235	
292	132	
287	233	
292	139	
12	296	
275	75	
282	296	
274	89	
288	221	
23	123	
273	92	
19	211	
286	241	
285	257	
23	127	
24	112	
292	130	
278	37	
24	114	
24	116	
277	44	
15	261	
20	161	
286	240	
277	47	
25	104	
16	252	
16	253	
288	214	
284	264	
21	155	
293	119	
284	263	
293	118	
289	203	
284	261	
292	100	
282	260	
291	115	
21	119	
11	279	
287	206	
287	205	
17	206	
287	204	
13	254	
290	129	
274	50	
290	128	
285	229	
271	85	
276	27	
272	70	
283	249	
15	230	
272	73	
15	231	
284	238	
285	221	
284	237	
276	28	
270	97	
11	283	
276	20	
276	21	
292	113	
291	128	
274	65	
16	229	
11	288	
281	286	
22	113	
17	214	
288	202	
22	114	
17	215	
13	260	
275	51	
18	202	
278	13	
23	102	
22	118	
272	89	
286	221	
12	279	
290	135	
291	125	
18	207	
278	18	
273	77	
286	224	
276	37	
285	234	
284	249	
271	98	
20	146	
284	242	
284	241	
276	31	
275	48	
271	91	
293	151	
288	252	
17	269	
18	253	
22	169	
18	254	
287	261	
24	146	
20	190	
19	249	
295	125	
278	60	
20	193	
294	139	
294	138	
16	280	
291	172	
290	188	
285	289	
15	299	
286	270	
289	234	
293	148	
288	249	
27	110	
21	185	
17	271	
284	290	
294	136	
277	71	
298	104	
28	102	
297	118	
17	279	
298	107	
293	165	
23	166	
298	105	
293	164	
19	252	
28	109	
285	296	
295	133	
26	131	
286	284	
25	148	
290	198	
296	123	
286	281	
294	144	
289	245	
294	143	
295	132	
27	124	
27	126	
283	290	
279	38	
287	244	
288	234	
275	83	
287	248	
286	255	
279	31	
274	90	
291	152	
15	270	
25	111	
284	276	
26	100	
278	40	
21	160	
278	41	
26	102	
20	177	
294	111	
294	110	
21	163	
289	216	
16	269	
22	159	
288	243	
291	165	
296	107	
292	150	
14	298	
295	113	
290	172	
284	289	
15	283	
20	184	
16	270	
15	287	
25	128	
16	275	
293	136	
283	295	
294	126	
284	286	
16	279	
276	75	
17	264	
276	76	
293	194	
23	195	
24	180	
18	297	
289	285	
23	197	
289	284	
28	139	
294	182	
19	289	
295	168	
25	178	
297	141	
297	140	
27	151	
26	167	
295	163	
28	146	
19	290	
28	148	
298	149	
24	197	
297	154	
296	169	
298	141	
297	152	
26	176	
27	164	
295	175	
294	189	
18	271	
18	272	
27	129	
23	172	
288	273	
292	188	
287	288	
28	116	
18	278	
296	139	
296	137	
297	121	
298	111	
29	109	
25	152	
25	156	
26	143	
291	192	
26	147	
277	91	
17	292	
17	294	
295	143	
295	142	
28	123	
293	184	
22	199	
298	124	
23	185	
19	270	
299	114	
28	128	
19	272	
289	271	
288	287	
297	134	
296	148	
24	176	
287	291	
279	89	
295	157	
26	154	
296	143	
289	267	
289	265	
294	164	
299	104	
299	109	
295	151	
298	179	
299	167	
298	171	
297	182	
27	198	
29	170	
296	191	
28	189	
299	175	
299	174	
298	189	
297	199	
298	182	
299	172	
297	191	
297	195	
20	8	
298	159	
29	144	
29	147	
295	188	
296	176	
27	175	
29	157	
297	176	
296	186	
26	194	
297	174	
27	183	
296	188	
297	171	
28	170	
295	193	
299	149	
299	148	
292	1	
21	4	
299	181	
290	7	
298	191	
291	5	
22	8	
10	303	
280	302	
295	7	
295	6	
281	303	
11	302	
296	6	
11	306	
296	4	
24	9	
27	1	
26	6	
294	0	
283	302	
283	300	
28	1	
14	312	
284	302	
297	7	
297	8	
297	0	
10	15	
13	303	
29	5	
291	217	
17	300	
12	18	
17	301	
22	202	
292	202	
290	223	
10	38	
290	227	
11	21	
291	210	
10	36	
281	23	
280	31	
20	237	
21	222	
291	227	
21	226	
22	210	
22	212	
280	50	
291	229	
290	236	
283	11	
282	27	
282	25	
23	203	
283	15	
18	306	
290	239	
290	237	
20	242	
20	245	
15	309	
13	25	
20	209	
290	208	
12	31	
290	207	
285	305	
284	312	
280	16	
10	54	
284	313	
10	50	
21	203	
286	306	
286	305	
16	306	
291	208	
21	209	
11	35	
291	200	
290	216	
10	46	
10	43	
285	310	
10	40	
20	222	
20	224	
280	24	
22	243	
292	242	
13	43	
23	231	
290	269	
291	250	
282	59	
24	224	
291	254	
284	31	
294	217	
20	270	
295	200	
24	229	
10	75	
282	57	
282	55	
21	260	
20	276	
31	101	
25	218	
14	28	
15	10	
292	239	
293	229	
14	22	
22	253	
292	254	
292	253	
12	49	
13	32	
286	20	
22	258	
12	46	
283	55	
23	245	
291	263	
283	54	
12	41	
283	59	
296	208	
24	234	
291	266	
11	53	
295	213	
282	64	
25	222	
25	223	
295	217	
290	275	
25	226	
25	227	
20	286	
282	66	
31	111	
26	212	
286	12	
281	71	
285	29	
286	10	
27	200	
21	275	
22	260	
21	276	
22	261	
280	89	
31	118	
22	223	
293	210	
18	311	
280	60	
282	36	
23	216	
290	249	
23	219	
19	307	
10	96	
281	48	
20	253	
282	33	
20	255	
20	257	
280	58	
293	206	
292	234	
21	249	
293	222	
280	72	
12	69	
292	235	
283	33	
22	238	
12	66	
23	226	
24	212	
283	36	
24	214	
25	200	
24	218	
11	71	
30	103	
15	26	
281	59	
20	264	
20	265	
15	24	
289	300	
21	250	
25	207	
280	66	
21	251	
280	63	
20	268	
280	64	
289	304	
281	53	
13	49	
14	33	
294	200	
27	226	
22	286	
293	271	
289	19	
32	129	
23	275	
288	29	
28	219	
13	83	
12	99	
291	296	
17	39	
288	27	
29	205	
18	21	
24	267	
284	75	
34	109	
12	91	
17	30	
288	25	
25	258	
31	143	
26	244	
26	247	
15	53	
27	233	
282	92	
286	49	
287	34	
287	31	
22	296	
298	225	
28	222	
23	281	
298	224	
28	224	
13	78	
294	272	
286	63	
28	226	
294	270	
297	233	
283	99	
18	12	
24	275	
288	39	
34	116	
12	85	
284	87	
34	117	
292	294	
289	26	
25	265	
35	107	
288	31	
16	33	
284	80	
16	32	
11	91	
295	259	
283	94	
31	155	
31	156	
27	242	
299	204	
26	259	
299	203	
32	143	
287	44	
32	144	
32	145	
299	208	
292	267	
14	96	
32	106	
14	94	
27	209	
285	45	
19	31	
18	45	
24	242	
18	43	
24	246	
30	130	
290	283	
287	15	
30	131	
24	248	
16	69	
30	133	
17	52	
25	237	
290	284	
293	248	
31	125	
286	22	
27	212	
19	27	
15	70	
297	218	
19	26	
292	276	
28	203	
14	83	
293	266	
285	57	
286	41	
33	103	
13	98	
14	81	
13	97	
28	207	
23	268	
18	34	
17	49	
13	92	
291	287	
292	271	
17	44	
282	85	
24	259	
288	11	
290	293	
17	42	
30	143	
26	232	
31	132	
15	69	
15	66	
281	98	
14	77	
298	258	
286	90	
33	157	
19	52	
35	131	
29	248	
19	51	
35	132	
30	193	
31	180	
35	138	
31	181	
35	139	
30	199	
297	262	
36	126	
289	51	
27	272	
296	275	
36	129	
31	188	
27	273	
26	289	
295	282	
286	89	
27	276	
15	97	
37	118	
28	262	
28	263	
295	283	
15	93	
29	250	
38	107	
299	251	
19	47	
33	167	
298	266	
19	46	
287	91	
299	255	
299	254	
26	292	
296	285	
289	61	
26	295	
296	282	
289	64	
289	65	
37	122	
31	197	
32	181	
26	298	
27	282	
289	63	
297	270	
16	74	
299	249	
37	127	
287	83	
27	288	
288	72	
15	84	
23	291	
285	85	
24	280	
294	282	
299	222	
285	88	
19	76	
284	94	
284	95	
34	126	
297	241	
34	127	
18	87	
298	232	
284	98	
30	171	
293	290	
34	129	
284	96	
17	99	
296	250	
287	57	
288	47	
289	31	
284	90	
288	48	
296	254	
295	269	
36	107	
27	251	
294	276	
32	151	
32	152	
299	214	
27	255	
32	156	
299	219	
287	53	
32	157	
286	82	
33	145	
19	69	
28	246	
33	148	
294	292	
19	65	
33	149	
286	84	
24	297	
296	268	
25	282	
24	298	
297	259	
30	182	
18	75	
35	125	
35	127	
26	271	
25	288	
18	70	
288	52	
30	188	
295	276	
31	174	
36	115	
17	81	
27	262	
299	226	
37	107	
295	272	
34	182	
29	285	
29	288	
19	99	
34	189	
36	161	
19	93	
19	92	
19	90	
289	92	
289	98	
289	96	
37	159	
39	130	
34	195	
29	296	
35	180	
35	181	
35	185	
35	188	
19	82	
36	175	
37	167	
38	159	
28	276	
34	161	
299	262	
28	279	
39	107	
298	272	
289	79	
34	169	
35	154	
36	141	
36	142	
289	72	
288	88	
36	148	
27	295	
27	297	
299	258	
296	291	
29	272	
29	273	
29	274	
35	162	
299	271	
289	81	
37	142	
37	147	
39	120	
38	136	
39	121	
37	193	
39	172	
38	195	
30	5	
30	2	
30	0	
36	186	
37	174	
38	160	
37	177	
37	179	
39	151	
39	158	
39	159	
37	184	
38	172	
37	189	
38	173	
39	163	
32	1	
39	192	
39	199	
32	8	
21	301	
291	305	
290	314	
34	6	
34	1	
36	8	
20	301	
20	304	
150	292	
147	26	
311	175	
93	19	
305	285	
305	286	
147	29	
143	73	
93	15	
314	137	
309	238	
313	146	
157	207	
144	57	
308	248	
3	309	
162	105	
91	36	
304	292	
154	240	
234	2	
144	51	
307	256	
160	129	
144	50	
98	311	
312	152	
311	168	
311	184	
220	305	
98	314	
306	286	
148	21	
147	37	
161	134	
99	300	
151	293	
144	70	
149	11	
143	83	
161	131	
148	25	
146	46	
92	19	
163	109	
310	194	
99	308	
155	240	
92	13	
305	291	
152	279	
235	3	
145	52	
309	243	
153	260	
145	53	
313	159	
309	244	
235	9	
145	58	
312	168	
308	253	
91	22	
91	20	
312	164	
144	63	
156	226	
143	76	
144	61	
2	305	
144	66	
2	302	
160	113	
150	273	
306	251	
142	65	
155	213	
94	27	
306	253	
311	153	
314	119	
142	69	
155	216	
310	164	
305	266	
93	37	
314	116	
146	11	
140	86	
146	12	
155	210	
141	76	
141	77	
141	74	
140	80	
92	45	
312	139	
140	81	
308	226	
307	236	
92	40	
313	120	
0	18	
303	281	
0	19	
91	54	
4	310	
0	17	
312	132	
0	14	
97	301	
151	258	
143	49	
151	255	
144	32	
311	146	
155	222	
150	281	
94	14	
150	287	
155	227	
147	18	
146	24	
141	83	
309	227	
153	248	
305	271	
140	97	
309	229	
141	82	
304	289	
146	28	
309	223	
147	10	
141	86	
142	70	
145	32	
145	33	
313	135	
146	20	
141	80	
91	45	
307	248	
152	258	
156	205	
97	311	
160	118	
312	145	
144	45	
151	266	
152	250	
311	157	
238	6	
238	5	
166	101	
94	47	
149	44	
95	30	
160	171	
147	63	
146	79	
147	61	
164	125	
6	312	
93	54	
1	28	
145	86	
314	176	
159	225	
309	270	
1	27	
145	80	
312	198	
307	299	
96	14	
222	302	
144	99	
312	193	
91	70	
96	10	
312	195	
312	196	
307	297	
149	50	
0	30	
90	82	
161	171	
94	36	
156	277	
160	182	
94	32	
6	304	
165	122	
165	121	
154	297	
155	280	
160	184	
165	124	
5	312	
145	99	
92	55	
158	246	
314	186	
92	51	
91	67	
308	298	
91	66	
223	309	
149	47	
162	155	
149	48	
162	154	
308	294	
161	169	
222	313	
166	109	
145	95	
158	241	
308	292	
148	33	
8	313	
156	240	
0	62	
99	310	
144	80	
94	68	
306	293	
148	36	
146	57	
164	105	
159	209	
236	0	
236	1	
98	13	
92	88	
1	48	
1	49	
164	101	
2	30	
158	217	
236	3	
159	200	
309	251	
92	81	
144	74	
92	80	
312	176	
148	28	
91	95	
151	295	
149	13	
144	72	
1	40	
91	92	
307	273	
0	54	
152	284	
149	16	
311	189	
0	55	
0	52	
0	53	
156	252	
95	44	
8	300	
165	106	
156	257	
149	33	
144	92	
95	41	
156	255	
94	56	
156	254	
94	55	
3	18	
154	276	
164	115	
93	68	
3	13	
93	66	
314	167	
165	103	
3	10	
309	264	
314	164	
153	282	
97	15	
163	128	
146	65	
97	13	
144	84	
1	34	
152	291	
1	32	
152	297	
163	120	
145	73	
312	183	
312	185	
167	132	
226	308	
96	61	
168	120	
167	136	
158	280	
95	75	
157	295	
95	74	
149	85	
99	29	
94	88	
231	200	
99	27	
230	214	
3	46	
226	304	
226	303	
148	93	
94	80	
2	58	
93	95	
2	56	
168	119	
163	177	
97	49	
159	269	
1	68	
163	172	
162	188	
157	289	
96	59	
168	111	
167	127	
157	287	
97	40	
0	79	
159	260	
96	55	
163	174	
158	275	
158	274	
168	114	
232	203	
231	217	
0	72	
231	216	
227	301	
167	140	
166	156	
95	65	
232	206	
99	19	
94	78	
99	17	
226	311	
4	21	
231	214	
99	12	
164	173	
159	274	
164	172	
158	289	
230	223	
98	21	
2	44	
97	36	
92	95	
9	308	
97	35	
230	220	
1	58	
159	277	
96	49	
1	56	
168	123	
96	48	
92	91	
163	181	
149	89	
1	54	
1	51	
169	112	
168	127	
168	126	
96	43	
158	285	
166	124	
162	172	
5	40	
95	93	
95	92	
159	249	
95	91	
3	68	
166	121	
158	259	
3	64	
309	296	
2	78	
158	256	
224	307	
3	60	
146	97	
314	191	
3	61	
7	18	
239	9	
163	150	
97	65	
2	70	
2	71	
162	163	
163	154	
97	62	
6	26	
157	268	
5	38	
167	120	
149	73	
95	87	
0	92	
95	86	
149	74	
165	145	
5	30	
148	81	
95	81	
99	37	
3	57	
99	34	
161	190	
148	82	
98	49	
4	40	
164	153	
158	269	
163	167	
3	52	
168	107	
159	256	
147	90	
97	57	
98	40	
97	55	
6	19	
167	117	
162	176	
97	52	
224	310	
6	14	
159	250	
5	29	
0	88	
167	119	
163	162	
225	11	
224	28	
167	175	
5	68	
6	53	
232	239	
6	51	
232	238	
5	64	
232	237	
167	177	
224	20	
230	258	
223	39	
9	15	
224	24	
9	16	
3	89	
99	65	
229	309	
222	41	
98	77	
223	31	
7	39	
3	82	
165	195	
98	75	
98	74	
223	30	
222	46	
8	22	
3	81	
233	217	
229	301	
8	20	
168	156	
233	215	
2	91	
229	303	
6	46	
168	171	
226	11	
6	40	
224	30	
231	254	
166	194	
4	65	
99	59	
224	34	
166	196	
240	103	
98	69	
312	6	
312	5	
240	101	
2	89	
98	67	
169	157	
98	66	
235	208	
98	65	
235	207	
223	43	
2	88	
98	63	
2	83	
98	61	
97	77	
233	225	
97	74	
1	95	
6	34	
1	93	
169	154	
221	65	
6	76	
7	60	
310	0	
231	227	
310	4	
232	217	
165	178	
4	98	
222	28	
4	99	
4	95	
165	179	
222	21	
221	38	
222	20	
163	199	
222	25	
221	39	
230	231	
8	42	
227	309	
164	181	
6	67	
168	137	
159	280	
224	17	
232	223	
5	79	
167	163	
6	61	
5	75	
6	60	
4	89	
223	25	
223	22	
165	187	
231	230	
5	72	
4	85	
99	79	
99	78	
9	24	
166	174	
230	241	
3	97	
164	197	
159	298	
8	36	
222	36	
99	70	
230	243	
8	32	
233	205	
168	144	
220	55	
7	43	
221	43	
243	104	
7	82	
242	119	
243	101	
226	43	
233	265	
6	91	
242	115	
237	216	
224	66	
241	120	
235	236	
240	134	
223	75	
231	282	
228	14	
226	37	
234	243	
160	8	
169	182	
240	132	
221	99	
227	25	
169	187	
238	216	
238	213	
243	118	
238	219	
244	100	
5	98	
241	138	
237	223	
229	16	
225	61	
9	47	
9	45	
235	246	
223	86	
229	11	
236	235	
223	84	
169	196	
226	48	
7	67	
234	258	
227	33	
235	242	
225	33	
225	31	
225	32	
226	21	
168	185	
236	207	
224	41	
313	8	
167	193	
236	208	
232	251	
231	267	
224	44	
222	66	
234	228	
235	212	
241	102	
230	278	
8	89	
236	201	
8	88	
234	222	
233	238	
9	70	
169	161	
234	220	
235	210	
225	44	
160	2	
242	107	
225	42	
160	1	
160	7	
160	4	
160	5	
242	101	
237	201	
223	69	
241	115	
231	275	
224	54	
241	118	
227	17	
240	122	
169	179	
236	213	
235	228	
226	25	
221	82	
226	23	
8	73	
234	238	
227	13	
226	27	
169	176	
226	28	
234	292	
239	232	
303	306	
229	48	
164	6	
164	7	
164	5	
237	258	
241	164	
246	103	
236	268	
234	289	
234	288	
239	228	
245	110	
236	261	
240	174	
228	51	
165	8	
245	131	
244	144	
229	59	
243	151	
303	314	
242	169	
238	254	
165	3	
9	88	
246	113	
247	103	
241	177	
8	99	
244	139	
228	60	
245	122	
241	171	
236	272	
227	77	
245	125	
8	91	
238	227	
234	270	
225	77	
225	75	
226	60	
234	274	
233	287	
226	64	
234	271	
224	85	
229	24	
237	232	
243	122	
224	89	
232	298	
224	88	
238	220	
235	259	
223	93	
236	242	
240	156	
240	155	
241	146	
244	107	
240	150	
234	267	
162	0	
240	154	
227	47	
235	253	
233	297	
234	281	
243	134	
234	285	
226	75	
225	81	
302	309	
241	158	
238	234	
238	233	
238	232	
229	30	
228	43	
163	1	
240	166	
229	33	
163	5	
226	68	
245	105	
244	119	
301	28	
302	11	
244	174	
310	224	
249	119	
249	118	
152	309	
301	20	
238	284	
242	199	
247	138	
249	111	
239	270	
301	21	
242	192	
246	149	
152	300	
237	290	
242	195	
242	193	
306	303	
306	305	
151	310	
302	23	
249	125	
302	27	
303	10	
245	173	
300	46	
243	193	
249	124	
239	283	
301	34	
243	197	
300	49	
249	121	
152	312	
246	158	
311	219	
306	314	
245	167	
246	151	
247	140	
227	90	
248	108	
166	8	
150	310	
304	312	
247	117	
237	277	
229	68	
304	311	
238	267	
239	250	
300	17	
247	111	
228	78	
241	185	
241	188	
229	64	
237	272	
244	149	
235	292	
246	123	
246	122	
246	121	
241	180	
301	17	
305	314	
249	109	
244	167	
244	166	
305	310	
248	114	
238	273	
243	170	
248	118	
238	277	
243	174	
241	197	
241	196	
228	88	
247	126	
242	185	
237	286	
237	284	
236	290	
228	81	
305	308	
245	144	
310	209	
151	302	
310	203	
245	149	
305	306	
310	265	
249	159	
302	53	
246	192	
309	312	
314	213	
313	222	
304	26	
312	235	
300	75	
304	20	
245	199	
311	248	
246	182	
160	206	
246	189	
304	25	
304	22	
303	50	
310	278	
310	273	
303	54	
303	53	
160	224	
249	164	
306	16	
151	27	
249	166	
306	18	
300	81	
313	236	
249	160	
306	11	
156	305	
160	218	
161	208	
311	254	
247	181	
301	49	
244	195	
302	38	
244	199	
239	290	
308	305	
301	46	
301	44	
239	292	
153	311	
300	53	
300	52	
311	226	
303	13	
307	312	
247	151	
247	150	
245	192	
245	191	
249	147	
155	304	
154	310	
301	53	
314	200	
150	18	
309	302	
308	312	
247	169	
248	153	
311	236	
302	39	
246	178	
303	29	
303	83	
308	22	
304	71	
152	40	
302	91	
164	202	
307	30	
314	254	
307	35	
307	34	
163	212	
313	267	
306	40	
305	56	
162	227	
313	263	
150	66	
313	260	
303	79	
161	234	
304	67	
152	57	
312	291	
161	254	
304	81	
165	200	
151	67	
160	262	
314	266	
164	218	
314	267	
164	217	
160	260	
307	45	
163	222	
150	72	
159	313	
151	60	
309	15	
313	272	
162	236	
150	70	
150	71	
154	26	
312	284	
160	234	
152	25	
311	271	
307	19	
151	39	
303	65	
310	285	
248	189	
151	32	
314	239	
300	99	
306	29	
301	88	
301	87	
247	196	
312	256	
305	39	
248	184	
313	243	
312	253	
303	58	
312	254	
311	264	
162	202	
302	86	
160	249	
161	232	
310	295	
304	60	
301	97	
163	209	
302	80	
314	249	
310	292	
152	32	
314	243	
249	189	
307	25	
151	46	
307	24	
307	23	
313	256	
150	50	
304	59	
301	93	
240	8	
248	196	
150	54	
313	253	
150	55	
157	311	
312	263	
304	54	
304	52	
240	0	
312	260	
153	75	
166	224	
158	17	
308	68	
171	122	
165	239	
153	73	
171	121	
172	111	
167	212	
161	287	
171	126	
167	210	
166	226	
164	249	
307	77	
152	84	
152	82	
307	74	
153	71	
157	29	
152	85	
156	32	
164	241	
156	31	
314	290	
306	89	
314	291	
172	103	
305	91	
171	118	
305	90	
162	269	
172	108	
159	11	
171	134	
153	87	
170	149	
159	10	
172	123	
309	67	
152	94	
307	88	
157	33	
308	70	
152	93	
152	98	
309	60	
155	59	
164	251	
157	32	
173	100	
167	216	
154	68	
154	65	
155	55	
172	119	
162	278	
155	54	
160	278	
152	67	
171	106	
166	207	
154	42	
170	119	
307	54	
152	60	
308	43	
152	63	
160	271	
150	85	
314	272	
163	233	
313	284	
163	237	
314	271	
309	28	
154	35	
309	26	
153	49	
161	256	
304	89	
155	21	
171	113	
153	64	
160	288	
308	57	
171	111	
153	62	
171	110	
160	286	
166	218	
161	275	
244	2	
151	88	
170	120	
165	220	
307	63	
166	210	
152	76	
164	239	
162	259	
156	25	
151	83	
309	38	
171	108	
309	37	
162	257	
155	31	
150	90	
154	48	
172	152	
171	168	
309	96	
176	106	
309	94	
159	46	
159	47	
171	160	
175	117	
165	277	
157	69	
158	50	
165	274	
170	178	
166	263	
171	161	
248	0	
164	288	
157	65	
156	79	
173	131	
159	39	
163	295	
156	70	
172	163	
167	264	
172	162	
167	263	
159	56	
172	164	
158	63	
158	62	
177	100	
249	0	
166	274	
165	289	
169	235	
164	294	
164	293	
157	75	
170	182	
165	281	
173	144	
233	304	
233	303	
174	131	
174	130	
156	81	
233	306	
173	145	
171	146	
159	22	
154	82	
158	39	
166	244	
171	149	
166	249	
154	84	
309	76	
170	153	
308	80	
231	300	
166	240	
165	256	
164	263	
156	52	
173	116	
165	251	
157	43	
307	94	
246	7	
307	92	
173	111	
168	210	
246	1	
173	114	
246	0	
308	99	
159	37	
167	245	
159	38	
167	244	
171	159	
308	94	
164	279	
171	151	
309	80	
247	0	
164	271	
247	5	
247	2	
169	217	
172	138	
163	286	
155	77	
168	226	
173	123	
156	60	
178	121	
168	281	
159	86	
230	30	
173	182	
167	299	
230	34	
236	306	
158	96	
241	204	
158	97	
240	219	
159	84	
241	208	
241	207	
177	131	
236	307	
240	211	
235	312	
169	267	
174	166	
176	141	
158	91	
169	262	
178	115	
169	266	
174	163	
231	15	
173	178	
230	41	
231	30	
168	295	
242	209	
230	45	
241	215	
176	155	
241	213	
237	305	
237	304	
177	141	
169	279	
236	313	
175	167	
236	311	
231	23	
168	289	
169	271	
179	115	
159	67	
167	278	
172	175	
158	72	
165	291	
169	247	
234	305	
158	70	
165	293	
174	148	
168	256	
173	157	
169	242	
156	92	
168	270	
172	188	
171	196	
167	280	
175	142	
174	157	
169	251	
168	266	
230	15	
173	164	
168	269	
168	268	
178	165	
231	60	
235	17	
177	179	
239	314	
234	24	
176	189	
242	236	
242	235	
235	11	
176	183	
232	40	
231	57	
175	193	
231	58	
236	11	
243	234	
178	173	
244	223	
244	221	
231	73	
230	89	
243	230	
178	170	
245	209	
241	252	
240	268	
234	32	
232	51	
179	155	
232	50	
232	55	
245	204	
250	101	
238	303	
178	141	
242	216	
177	156	
231	41	
178	147	
230	58	
178	145	
230	50	
176	169	
232	26	
175	172	
233	14	
176	162	
241	221	
231	34	
178	153	
242	228	
177	167	
179	142	
178	156	
233	27	
177	163	
241	230	
240	246	
238	309	
231	44	
174	191	
175	181	
231	47	
169	296	
236	44	
248	207	
250	140	
237	32	
253	101	
248	201	
242	276	
235	56	
248	205	
243	262	
241	284	
251	122	
251	128	
234	62	
247	211	
241	286	
237	25	
250	132	
238	13	
251	120	
232	87	
244	266	
243	272	
234	79	
247	227	
235	61	
235	62	
253	116	
236	51	
253	113	
234	71	
234	72	
246	235	
242	284	
239	16	
251	139	
241	297	
250	148	
238	22	
250	145	
310	305	
231	80	
230	99	
234	45	
235	34	
230	94	
242	257	
177	196	
233	52	
241	267	
177	191	
241	265	
244	227	
240	270	
231	79	
179	165	
250	113	
179	169	
236	37	
179	186	
179	185	
179	184	
237	20	
234	58	
234	55	
252	103	
246	215	
250	129	
246	212	
247	202	
247	200	
240	281	
179	177	
240	286	
246	211	
250	125	
250	124	
237	16	
245	280	
254	135	
236	87	
237	74	
253	145	
248	246	
251	169	
247	252	
252	156	
247	257	
235	91	
250	177	
246	262	
255	117	
256	101	
238	51	
239	41	
251	165	
251	164	
238	58	
249	247	
237	82	
256	120	
238	71	
314	306	
250	194	
255	133	
236	91	
314	303	
175	5	
314	305	
256	119	
251	178	
256	118	
248	251	
239	58	
250	188	
246	273	
245	289	
237	79	
256	117	
249	214	
243	288	
254	119	
237	53	
243	282	
248	222	
254	111	
252	131	
246	248	
242	292	
246	240	
172	5	
250	152	
244	269	
311	304	
250	159	
172	7	
238	34	
249	224	
245	272	
255	111	
250	170	
244	287	
235	86	
247	249	
235	84	
249	223	
312	308	
244	281	
312	309	
235	87	
253	135	
312	304	
239	35	
246	257	
312	307	
235	82	
234	96	
245	267	
173	4	
255	109	
238	44	
173	2	
254	178	
312	14	
253	189	
311	25	
259	113	
248	287	
259	118	
311	29	
259	116	
311	26	
253	181	
310	32	
253	185	
310	37	
238	98	
252	193	
252	192	
255	175	
256	161	
254	183	
249	284	
249	283	
254	187	
249	288	
248	293	
163	301	
258	132	
257	148	
258	131	
239	99	
163	304	
258	135	
257	145	
256	159	
257	142	
256	158	
255	143	
237	92	
254	156	
238	82	
255	146	
255	145	
258	107	
257	115	
239	65	
251	188	
257	118	
239	69	
252	176	
256	124	
256	123	
251	181	
255	138	
238	79	
252	171	
247	270	
255	151	
177	8	
255	156	
177	6	
254	161	
311	18	
249	264	
253	170	
252	186	
257	126	
252	184	
252	183	
310	26	
238	85	
257	120	
171	201	
170	214	
256	195	
313	47	
259	158	
312	53	
170	210	
311	61	
161	12	
257	178	
160	21	
170	227	
172	200	
167	300	
162	12	
311	79	
162	16	
312	66	
162	14	
311	72	
310	88	
161	20	
259	162	
160	38	
171	208	
166	307	
257	188	
258	171	
257	186	
312	31	
249	299	
164	307	
259	138	
249	290	
256	168	
256	165	
257	156	
255	198	
313	38	
255	190	
259	147	
259	146	
164	314	
312	41	
164	312	
311	55	
255	192	
160	11	
258	152	
311	54	
164	310	
311	51	
257	162	
313	28	
258	151	
160	10	
170	259	
313	87	
172	230	
163	39	
170	253	
162	44	
170	250	
169	308	
171	241	
162	46	
313	83	
169	302	
174	200	
161	56	
162	40	
259	197	
168	311	
160	61	
172	223	
168	312	
171	258	
163	49	
180	104	
252	4	
175	203	
252	5	
170	261	
171	252	
314	80	
173	228	
165	18	
161	61	
173	226	
162	52	
161	68	
172	235	
164	27	
165	16	
160	75	
313	65	
314	55	
313	68	
161	36	
311	89	
163	10	
313	63	
170	233	
313	60	
312	76	
310	99	
259	170	
161	34	
258	189	
172	207	
160	40	
258	181	
164	10	
314	61	
164	14	
312	84	
163	21	
313	74	
162	35	
170	243	
313	71	
258	196	
311	98	
311	97	
161	44	
167	314	
258	193	
160	51	
168	301	
177	213	
168	19	
176	227	
180	137	
168	13	
163	72	
180	134	
174	244	
174	243	
167	26	
180	131	
182	109	
161	92	
174	240	
182	122	
169	14	
171	298	
182	121	
171	297	
172	288	
173	270	
164	77	
178	210	
181	130	
162	97	
240	306	
176	236	
167	33	
240	304	
167	37	
173	265	
177	219	
181	106	
314	93	
314	98	
163	50	
170	273	
162	64	
174	229	
170	279	
181	102	
180	118	
170	276	
171	260	
174	224	
166	16	
173	237	
161	73	
161	79	
166	17	
160	82	
173	231	
173	230	
314	89	
166	11	
166	12	
161	71	
177	203	
171	276	
176	216	
171	275	
172	265	
167	18	
163	62	
162	78	
180	124	
171	273	
174	238	
175	222	
166	23	
160	98	
173	245	
183	140	
178	246	
165	96	
183	144	
177	250	
168	57	
169	41	
181	164	
181	163	
175	279	
167	65	
185	113	
174	289	
168	53	
168	52	
183	137	
166	74	
179	226	
243	313	
187	107	
178	251	
178	257	
244	300	
243	314	
182	169	
178	254	
182	160	
181	175	
169	53	
169	56	
187	104	
168	61	
174	299	
185	122	
186	112	
176	272	
176	271	
243	309	
174	297	
167	73	
179	236	
166	87	
177	236	
164	86	
182	134	
165	71	
173	283	
172	299	
165	74	
172	291	
172	290	
181	145	
163	96	
169	22	
174	268	
174	267	
256	9	
167	42	
163	90	
175	255	
174	269	
178	217	
179	200	
165	68	
178	216	
178	214	
183	134	
176	252	
181	158	
169	34	
181	156	
177	241	
181	155	
257	9	
181	150	
175	264	
179	212	
179	211	
173	284	
173	289	
187	139	
178	283	
183	187	
179	272	
169	83	
183	181	
178	282	
187	137	
182	196	
186	141	
246	300	
185	155	
186	146	
169	81	
246	304	
189	106	
189	109	
189	108	
240	48	
241	35	
242	20	
169	96	
187	143	
188	133	
183	190	
252	206	
187	146	
185	168	
251	215	
184	179	
179	279	
240	12	
184	151	
178	266	
186	128	
187	111	
182	170	
181	186	
186	127	
186	126	
188	100	
169	68	
181	189	
182	173	
177	273	
175	295	
181	183	
175	299	
168	73	
166	95	
184	142	
244	309	
185	130	
167	82	
241	10	
177	288	
179	263	
184	160	
183	176	
176	297	
176	296	
167	99	
169	70	
181	192	
185	142	
249	314	
260	101	
250	260	
188	162	
240	71	
241	60	
244	26	
251	248	
250	253	
254	209	
250	251	
186	181	
250	256	
242	60	
241	73	
255	211	
254	227	
188	172	
252	247	
240	81	
245	23	
253	235	
241	70	
252	241	
186	196	
251	255	
245	20	
187	183	
250	265	
254	219	
260	108	
260	106	
243	43	
251	250	
242	59	
248	308	
241	43	
248	307	
189	130	
241	47	
240	54	
240	55	
251	224	
250	239	
185	179	
187	152	
252	210	
187	150	
179	289	
242	24	
179	288	
241	37	
241	38	
179	286	
242	27	
242	41	
189	146	
189	145	
248	311	
187	165	
241	50	
252	229	
187	169	
252	228	
251	232	
186	179	
179	298	
243	22	
242	92	
189	197	
246	47	
181	6	
260	143	
247	35	
181	0	
253	268	
263	107	
257	219	
252	278	
253	260	
243	71	
250	296	
261	123	
255	252	
255	251	
260	153	
247	47	
254	261	
258	217	
253	275	
254	265	
251	299	
252	288	
262	127	
258	212	
249	19	
244	79	
260	149	
247	39	
248	24	
252	281	
248	29	
244	72	
257	220	
189	176	
246	28	
254	238	
247	13	
255	221	
252	257	
187	197	
246	24	
254	231	
240	97	
256	209	
261	107	
256	208	
243	57	
243	58	
252	255	
245	30	
255	216	
260	113	
250	273	
251	262	
261	101	
242	81	
247	26	
250	291	
245	46	
241	90	
245	44	
188	192	
180	8	
188	198	
189	181	
262	103	
261	117	
243	69	
253	250	
188	190	
244	57	
260	126	
261	114	
266	110	
255	286	
248	62	
255	284	
254	299	
256	272	
261	170	
259	235	
254	292	
254	291	
255	282	
260	180	
254	296	
263	146	
248	59	
249	46	
257	252	
249	45	
266	121	
248	70	
265	134	
260	193	
248	74	
255	299	
247	80	
246	94	
247	82	
247	83	
264	146	
262	169	
249	59	
264	141	
262	160	
249	54	
267	101	
266	116	
248	68	
255	262	
246	69	
260	160	
265	106	
256	250	
247	57	
183	0	
264	111	
264	110	
246	61	
264	116	
254	276	
259	215	
263	129	
245	71	
244	86	
263	124	
263	122	
243	95	
260	159	
249	21	
182	8	
243	94	
182	9	
248	38	
260	171	
266	103	
264	122	
263	138	
254	282	
258	237	
264	127	
247	62	
265	110	
255	270	
264	125	
259	226	
249	39	
257	247	
245	83	
258	230	
257	246	
263	133	
262	149	
258	234	
263	132	
253	292	
248	47	
244	94	
257	242	
266	151	
264	175	
268	125	
262	199	
269	115	
269	114	
249	86	
262	193	
172	302	
262	191	
172	300	
268	120	
266	169	
266	168	
265	173	
265	172	
264	186	
264	181	
258	298	
268	135	
264	185	
258	299	
267	146	
267	149	
263	190	
248	82	
248	87	
261	193	
265	149	
247	90	
248	80	
265	142	
263	164	
263	167	
263	166	
261	188	
257	270	
249	68	
249	83	
264	167	
259	266	
263	179	
268	119	
269	102	
266	137	
262	186	
258	271	
262	185	
267	125	
257	285	
171	309	
180	219	
267	186	
176	303	
266	192	
266	191	
170	29	
268	168	
170	28	
269	159	
175	311	
269	158	
171	15	
267	197	
268	180	
176	314	
176	312	
181	210	
269	168	
268	174	
269	162	
266	178	
174	307	
264	192	
268	148	
264	190	
268	146	
264	196	
259	297	
174	304	
259	295	
266	185	
267	174	
175	306	
268	157	
267	169	
175	10	
181	247	
170	72	
175	14	
170	73	
183	220	
182	235	
173	38	
261	9	
269	197	
184	209	
172	44	
261	1	
269	195	
269	193	
174	37	
170	80	
181	258	
183	232	
182	246	
180	269	
181	253	
180	268	
181	251	
173	48	
173	46	
174	31	
172	52	
180	260	
185	200	
184	215	
171	67	
185	206	
185	203	
183	200	
268	191	
182	215	
182	213	
180	233	
269	174	
180	232	
172	23	
268	189	
171	30	
174	12	
174	18	
172	38	
172	39	
269	188	
171	46	
180	241	
268	196	
269	180	
260	9	
183	208	
260	8	
183	205	
265	4	
193	102	
187	219	
187	218	
175	54	
173	76	
265	1	
181	287	
173	70	
171	99	
184	248	
186	222	
173	71	
185	236	
177	20	
171	96	
175	65	
187	228	
175	62	
189	202	
193	116	
176	50	
192	120	
186	237	
174	70	
174	71	
188	210	
175	61	
181	299	
177	37	
190	142	
178	25	
190	147	
172	98	
173	83	
184	252	
185	242	
185	241	
176	47	
176	48	
174	46	
175	36	
170	92	
181	264	
263	4	
186	203	
191	100	
180	276	
190	114	
184	221	
175	27	
176	16	
184	223	
170	89	
187	207	
175	43	
175	41	
183	254	
183	252	
181	274	
174	51	
177	15	
181	270	
185	226	
180	284	
173	61	
184	231	
176	24	
184	236	
177	12	
176	26	
175	97	
253	306	
184	293	
176	86	
194	132	
176	83	
253	308	
192	154	
192	153	
187	254	
196	109	
188	241	
175	91	
186	262	
196	101	
186	267	
186	264	
195	111	
176	76	
189	225	
177	66	
184	288	
188	257	
176	90	
193	154	
189	246	
254	303	
188	250	
179	56	
253	313	
253	312	
188	251	
190	188	
196	112	
191	177	
179	53	
191	174	
179	52	
178	68	
185	282	
195	120	
176	87	
194	135	
190	183	
177	76	
183	284	
192	139	
188	224	
176	60	
182	298	
183	281	
182	297	
193	125	
176	62	
251	309	
192	130	
173	97	
251	306	
175	71	
187	235	
182	294	
190	156	
190	155	
173	92	
177	47	
251	305	
191	144	
190	159	
173	94	
194	105	
194	104	
266	5	
185	253	
177	43	
175	86	
193	134	
192	148	
175	85	
184	281	
189	221	
192	143	
252	303	
186	257	
175	82	
179	37	
252	305	
174	97	
186	252	
195	106	
185	266	
191	155	
178	48	
191	152	
267	2	
267	3	
177	52	
194	114	
194	113	
185	264	
190	161	
185	262	
177	54	
252	10	
199	118	
251	27	
189	277	
250	31	
179	88	
251	21	
199	110	
197	131	
196	147	
192	190	
256	307	
197	132	
256	300	
178	90	
178	91	
256	303	
256	302	
199	126	
198	134	
262	209	
188	292	
250	48	
193	197	
251	33	
188	296	
188	295	
197	141	
188	290	
197	144	
260	225	
195	165	
252	16	
196	153	
179	90	
256	313	
252	19	
256	312	
189	253	
188	269	
254	312	
193	167	
254	311	
254	314	
188	261	
187	274	
197	118	
190	198	
190	197	
186	289	
186	288	
187	270	
190	192	
189	249	
194	147	
189	248	
177	83	
195	134	
178	71	
188	279	
250	29	
189	268	
194	166	
187	287	
250	21	
187	285	
251	10	
193	175	
188	274	
192	188	
187	280	
186	296	
191	194	
178	86	
196	139	
192	181	
255	305	
194	159	
260	202	
255	303	
177	93	
189	258	
178	83	
260	262	
199	158	
265	200	
270	106	
263	227	
263	226	
263	224	
264	215	
264	214	
263	229	
196	182	
196	186	
265	214	
260	273	
260	272	
251	78	
252	69	
270	115	
266	200	
255	27	
256	15	
251	74	
264	223	
199	163	
262	246	
254	38	
254	35	
262	243	
255	20	
250	84	
197	189	
197	187	
261	254	
270	109	
254	30	
252	59	
253	49	
189	294	
253	20	
189	298	
262	219	
198	143	
250	59	
194	191	
250	57	
198	147	
196	169	
261	227	
253	18	
196	166	
262	217	
258	302	
262	216	
262	214	
253	16	
261	224	
261	223	
260	250	
251	59	
252	44	
260	253	
264	209	
259	302	
197	164	
254	13	
196	177	
254	18	
250	61	
196	171	
252	37	
253	22	
261	236	
258	22	
252	98	
252	95	
253	86	
271	131	
258	25	
265	241	
263	262	
272	116	
254	69	
255	53	
266	228	
261	287	
262	270	
261	284	
262	273	
254	64	
262	272	
254	65	
267	213	
192	5	
253	91	
192	6	
258	37	
254	80	
266	244	
265	250	
265	254	
192	3	
192	1	
255	63	
272	128	
255	68	
254	74	
263	270	
267	226	
272	124	
255	60	
260	282	
253	61	
265	226	
198	188	
257	12	
252	70	
254	48	
262	255	
255	30	
254	46	
255	34	
250	93	
250	94	
261	269	
197	193	
271	108	
262	251	
197	190	
252	86	
264	249	
265	233	
253	75	
257	20	
256	37	
256	38	
272	108	
198	190	
190	0	
255	47	
262	260	
266	216	
261	275	
254	50	
262	263	
200	132	
77	155	
201	120	
79	132	
79	133	
75	180	
69	297	
76	173	
59	99	
76	176	
76	177	
59	96	
77	164	
200	141	
200	146	
200	145	
79	146	
75	197	
201	124	
76	184	
202	111	
67	293	
77	135	
200	114	
77	139	
73	185	
79	110	
79	111	
79	114	
129	160	
126	199	
75	160	
127	186	
76	152	
77	141	
128	186	
73	195	
68	296	
74	182	
205	116	
200	174	
200	179	
78	189	
204	125	
200	172	
202	148	
123	7	
123	6	
78	190	
78	191	
201	171	
206	111	
205	127	
200	185	
78	197	
200	183	
204	139	
205	122	
205	121	
203	141	
202	155	
202	153	
78	162	
204	100	
79	156	
70	9	
76	197	
202	121	
70	2	
200	165	
205	103	
123	3	
79	161	
205	102	
202	138	
203	120	
202	136	
201	145	
200	159	
202	134	
206	142	
127	8	
205	156	
205	155	
203	177	
72	5	
203	175	
72	0	
111	307	
201	198	
202	189	
208	128	
203	186	
203	185	
71	2	
205	136	
79	191	
110	309	
204	148	
202	162	
207	108	
202	164	
206	134	
206	131	
111	305	
206	136	
201	195	
205	142	
73	8	
126	7	
126	2	
208	109	
207	114	
207	172	
208	161	
60	313	
120	203	
206	185	
110	18	
209	143	
120	201	
110	10	
121	205	
75	5	
208	171	
207	187	
116	301	
61	311	
121	202	
61	314	
116	302	
111	16	
209	159	
110	27	
111	12	
209	152	
129	5	
207	153	
206	160	
113	307	
203	198	
208	137	
209	126	
207	166	
60	304	
205	183	
60	309	
114	302	
114	306	
207	157	
76	6	
209	130	
114	17	
121	239	
121	238	
123	213	
121	233	
121	231	
113	22	
79	5	
120	241	
79	0	
200	7	
118	304	
209	184	
123	220	
115	12	
65	303	
121	249	
120	257	
114	24	
122	230	
121	246	
114	22	
119	309	
120	251	
119	308	
209	199	
120	256	
78	2	
124	201	
209	192	
123	214	
209	190	
123	219	
121	219	
110	41	
208	183	
207	198	
122	205	
116	314	
60	20	
111	25	
120	220	
63	307	
209	163	
122	212	
118	303	
121	225	
117	310	
120	234	
112	24	
63	313	
111	31	
61	39	
132	107	
123	256	
111	92	
61	33	
61	32	
72	210	
61	31	
114	51	
113	67	
127	205	
122	264	
60	43	
131	119	
122	263	
204	5	
132	102	
72	217	
117	15	
124	239	
120	289	
131	112	
68	308	
113	63	
111	82	
116	24	
124	238	
117	14	
70	241	
124	236	
125	220	
116	28	
61	29	
132	119	
123	261	
115	54	
70	248	
128	208	
61	24	
124	250	
71	234	
132	112	
131	128	
126	228	
71	238	
118	19	
132	114	
205	1	
112	87	
118	12	
68	313	
113	75	
74	200	
113	76	
116	34	
124	249	
70	252	
112	82	
63	30	
122	246	
65	313	
122	245	
123	235	
70	215	
61	58	
123	232	
113	47	
60	69	
113	44	
120	268	
122	243	
122	240	
125	204	
110	79	
63	23	
111	67	
119	314	
114	48	
124	230	
123	246	
110	96	
111	81	
66	312	
115	36	
121	266	
114	41	
113	57	
71	215	
72	200	
131	103	
61	40	
67	304	
126	209	
122	251	
130	114	
72	206	
111	79	
67	309	
131	101	
130	116	
125	217	
112	67	
203	3	
116	14	
116	15	
124	226	
112	60	
63	52	
123	296	
115	89	
115	86	
128	236	
62	66	
116	71	
115	87	
71	264	
76	206	
124	284	
76	207	
66	15	
132	142	
73	241	
128	233	
115	85	
72	258	
66	12	
115	83	
65	25	
125	268	
125	267	
126	257	
74	237	
64	33	
207	5	
75	223	
63	47	
207	3	
118	41	
75	225	
80	125	
76	210	
75	226	
125	264	
81	111	
129	233	
116	84	
116	82	
135	120	
62	53	
71	277	
62	50	
61	64	
115	90	
72	267	
65	19	
77	208	
115	95	
125	279	
73	258	
208	5	
131	161	
135	118	
136	108	
119	42	
63	39	
74	248	
70	292	
80	132	
208	0	
136	100	
126	260	
70	296	
130	174	
125	275	
71	281	
80	138	
71	240	
62	89	
133	113	
70	257	
124	263	
71	243	
116	55	
116	52	
71	245	
123	276	
61	98	
121	297	
61	96	
72	234	
67	20	
66	35	
122	286	
114	79	
132	125	
122	284	
65	48	
65	46	
112	96	
125	245	
118	22	
131	135	
64	57	
126	233	
125	249	
124	256	
74	217	
116	46	
70	262	
64	51	
75	204	
117	34	
112	93	
115	77	
75	208	
80	108	
116	65	
134	113	
117	50	
71	255	
124	272	
62	73	
71	257	
71	259	
72	244	
115	74	
73	231	
133	120	
117	48	
113	92	
126	247	
65	32	
114	82	
131	144	
118	37	
119	21	
134	106	
125	250	
70	272	
118	31	
70	275	
75	217	
72	290	
68	36	
139	105	
139	104	
129	263	
81	148	
72	293	
139	109	
72	294	
128	272	
138	111	
67	42	
134	161	
128	277	
83	127	
78	228	
79	212	
66	54	
131	197	
127	282	
119	73	
65	69	
84	116	
75	260	
65	66	
127	286	
119	78	
65	64	
69	19	
69	16	
64	75	
69	15	
126	294	
75	269	
119	70	
117	99	
69	12	
68	27	
81	156	
82	141	
129	275	
62	97	
68	21	
139	119	
129	279	
82	148	
138	124	
128	284	
132	197	
138	129	
133	188	
73	296	
134	171	
138	126	
75	270	
80	170	
201	206	
65	54	
132	194	
85	115	
75	275	
76	260	
75	276	
64	65	
63	79	
63	78	
201	205	
136	144	
64	61	
136	143	
76	267	
69	43	
70	299	
81	125	
135	131	
125	291	
82	111	
117	83	
82	112	
77	213	
68	53	
116	97	
82	114	
132	167	
128	251	
82	116	
133	155	
133	152	
73	266	
78	208	
74	251	
131	174	
130	189	
131	173	
209	0	
74	254	
65	88	
127	264	
65	87	
127	262	
131	177	
80	140	
136	117	
80	141	
69	39	
130	181	
124	298	
80	144	
65	81	
129	238	
125	281	
80	145	
135	128	
130	185	
69	33	
71	295	
81	136	
72	280	
68	44	
71	298	
77	225	
67	58	
77	227	
73	270	
138	102	
73	272	
78	213	
72	288	
138	100	
72	289	
138	107	
129	250	
83	115	
83	117	
66	65	
119	60	
66	62	
65	78	
84	107	
75	253	
64	89	
125	295	
69	29	
117	87	
130	192	
81	140	
64	85	
136	122	
131	180	
63	98	
77	274	
69	65	
87	115	
82	175	
78	261	
87	117	
69	60	
88	104	
135	194	
68	74	
67	89	
84	152	
83	169	
84	154	
204	205	
79	256	
66	98	
84	159	
202	224	
66	93	
137	168	
66	91	
86	132	
76	292	
203	211	
86	133	
85	149	
76	293	
86	135	
76	295	
200	247	
201	237	
81	198	
201	236	
81	199	
78	270	
205	204	
82	187	
69	51	
204	218	
83	173	
210	107	
200	266	
79	260	
200	265	
83	176	
83	177	
83	178	
203	227	
79	264	
205	201	
89	106	
85	150	
139	154	
85	152	
65	99	
86	140	
65	98	
203	225	
86	141	
65	97	
65	95	
86	145	
87	133	
201	248	
76	268	
200	231	
82	152	
76	269	
81	169	
82	154	
83	141	
83	143	
68	94	
68	93	
79	231	
139	124	
134	183	
134	182	
129	282	
79	234	
74	293	
134	180	
84	136	
79	237	
79	238	
201	218	
137	147	
128	291	
75	284	
128	290	
201	210	
86	115	
87	100	
76	276	
82	160	
87	101	
134	198	
77	263	
87	103	
69	74	
134	195	
77	267	
78	251	
83	151	
82	167	
129	290	
67	98	
78	258	
134	193	
79	244	
84	144	
137	155	
202	215	
67	91	
75	292	
138	143	
137	159	
202	216	
86	122	
75	299	
136	167	
86	126	
87	112	
77	273	
201	224	
200	295	
200	294	
79	290	
201	284	
210	139	
204	245	
79	297	
85	181	
205	233	
210	131	
200	291	
139	187	
130	3	
130	4	
130	8	
204	241	
86	175	
130	6	
86	176	
86	178	
211	117	
202	260	
212	106	
87	166	
88	151	
212	104	
69	98	
206	232	
205	248	
210	145	
139	196	
89	149	
85	192	
85	199	
139	192	
86	186	
86	187	
206	227	
201	286	
87	176	
207	218	
205	216	
87	137	
205	215	
210	113	
211	103	
200	277	
83	186	
206	201	
83	187	
89	115	
205	212	
138	172	
203	232	
137	187	
202	247	
137	180	
86	159	
137	183	
88	130	
88	133	
200	284	
205	224	
83	194	
211	113	
88	137	
89	122	
205	228	
201	271	
84	185	
79	289	
85	175	
86	164	
87	153	
89	170	
216	105	
210	178	
210	170	
204	287	
216	102	
213	138	
204	282	
209	221	
208	236	
209	225	
204	284	
214	123	
203	299	
212	145	
213	134	
208	235	
213	131	
207	248	
206	276	
88	199	
89	185	
217	104	
212	163	
211	179	
204	299	
210	181	
210	188	
206	273	
206	272	
205	287	
208	241	
210	151	
214	107	
210	155	
208	217	
86	193	
207	225	
87	184	
212	122	
87	186	
202	288	
203	270	
211	153	
210	168	
210	167	
211	151	
206	252	
88	179	
212	140	
207	241	
215	100	
209	217	
133	0	
211	150	
210	166	
208	228	
208	225	
204	274	
209	214	
203	289	
208	229	
208	220	
207	236	
207	235	
211	149	
202	292	
213	123	
208	224	
87	199	
203	281	
216	147	
122	306	
122	303	
137	6	
217	130	
207	290	
137	0	
209	264	
82	7	
219	108	
208	275	
82	3	
213	177	
209	262	
208	278	
219	100	
217	145	
217	144	
217	143	
208	291	
208	290	
216	155	
209	276	
214	178	
208	285	
212	199	
213	182	
81	3	
214	170	
209	271	
206	287	
120	303	
214	144	
209	245	
209	242	
214	148	
212	167	
135	7	
213	155	
208	256	
213	154	
121	305	
217	125	
216	131	
120	313	
211	194	
211	193	
206	293	
121	300	
216	132	
209	256	
214	154	
136	3	
209	254	
83	2	
215	141	
212	179	
218	107	
217	178	
218	160	
218	166	
218	164	
130	209	
71	304	
219	149	
125	306	
219	142	
121	20	
71	313	
85	4	
126	303	
131	206	
130	217	
216	193	
123	310	
217	158	
216	167	
139	0	
219	121	
209	281	
208	296	
213	194	
213	193	
123	308	
213	199	
123	307	
219	123	
208	299	
218	138	
217	164	
217	169	
120	12	
70	308	
216	178	
216	176	
215	182	
215	184	
214	191	
219	190	
120	65	
134	202	
211	4	
123	28	
128	311	
124	17	
122	37	
89	8	
131	233	
89	4	
123	23	
89	3	
74	313	
89	2	
219	187	
120	59	
75	300	
134	213	
133	226	
132	230	
120	72	
132	235	
124	27	
131	245	
88	9	
88	8	
134	206	
122	40	
121	54	
211	5	
219	195	
88	2	
88	0	
127	308	
217	198	
218	187	
132	200	
131	216	
217	191	
72	311	
131	213	
71	11	
70	26	
217	195	
217	193	
122	14	
126	311	
131	210	
120	39	
130	220	
120	53	
128	303	
132	216	
218	192	
210	6	
219	180	
218	196	
210	7	
70	18	
70	15	
123	10	
123	14	
74	307	
121	39	
219	177	
126	34	
72	28	
125	47	
134	240	
133	255	
81	225	
121	97	
81	228	
134	243	
126	36	
131	279	
132	263	
125	45	
83	202	
83	203	
71	31	
137	208	
71	30	
214	0	
130	289	
123	66	
141	112	
130	288	
131	271	
130	287	
141	117	
124	54	
141	116	
130	281	
140	126	
80	247	
123	60	
80	248	
126	42	
82	221	
200	301	
142	117	
143	101	
138	202	
132	276	
83	210	
132	275	
215	7	
71	21	
143	103	
133	263	
136	226	
141	125	
79	303	
131	283	
123	74	
136	224	
123	75	
84	206	
130	292	
127	23	
121	98	
80	254	
81	240	
122	89	
122	86	
81	242	
121	70	
126	11	
80	217	
133	234	
81	203	
73	32	
121	74	
72	47	
133	239	
76	309	
131	258	
131	252	
123	42	
132	240	
140	109	
121	67	
74	16	
212	1	
123	40	
73	27	
76	312	
126	27	
82	200	
81	217	
125	31	
72	31	
77	307	
132	258	
125	35	
82	208	
70	57	
140	118	
213	6	
136	202	
140	116	
132	250	
124	43	
136	206	
136	205	
80	231	
123	50	
122	65	
126	77	
74	41	
134	284	
126	76	
73	53	
134	289	
135	272	
71	79	
83	245	
76	19	
143	138	
134	282	
83	247	
134	280	
143	136	
139	220	
133	295	
83	249	
129	34	
84	235	
129	32	
128	48	
71	70	
70	86	
125	81	
75	25	
129	36	
85	224	
75	24	
125	80	
80	284	
74	39	
127	58	
127	59	
128	40	
86	213	
140	167	
135	268	
134	297	
127	72	
144	136	
126	86	
73	44	
127	76	
92	105	
140	183	
125	97	
72	50	
143	148	
203	309	
144	131	
125	98	
134	291	
203	308	
138	247	
142	152	
75	18	
146	107	
80	292	
203	302	
138	241	
142	154	
70	71	
80	296	
218	4	
128	54	
85	238	
75	10	
146	100	
86	223	
74	24	
74	23	
128	55	
92	111	
218	7	
139	204	
144	101	
126	54	
138	218	
126	57	
134	265	
82	235	
78	13	
72	88	
138	213	
82	237	
82	238	
132	285	
77	23	
79	311	
216	0	
128	28	
136	237	
136	236	
129	16	
76	32	
137	223	
85	203	
80	262	
127	37	
127	34	
127	35	
122	99	
74	56	
140	147	
128	25	
80	268	
136	231	
122	98	
144	115	
134	273	
138	229	
127	54	
73	62	
144	116	
145	100	
82	247	
138	223	
143	122	
82	248	
138	222	
77	14	
126	62	
139	210	
133	284	
84	223	
70	99	
132	295	
138	220	
129	27	
85	211	
142	132	
132	292	
141	148	
201	300	
90	115	
70	91	
135	254	
200	314	
135	253	
127	46	
91	103	
135	258	
87	235	
87	236	
82	295	
144	168	
201	19	
78	39	
128	93	
79	22	
145	157	
88	224	
78	37	
145	155	
148	119	
149	103	
148	118	
83	287	
78	33	
88	228	
0	103	
149	101	
93	128	
200	27	
89	214	
145	150	
0	100	
142	185	
77	41	
76	57	
142	184	
90	163	
85	265	
200	25	
148	113	
147	129	
86	252	
148	112	
137	288	
86	253	
136	294	
86	255	
136	293	
86	256	
75	64	
147	122	
141	197	
91	158	
92	144	
145	165	
93	131	
87	248	
78	29	
149	119	
93	132	
78	26	
202	18	
202	19	
144	173	
148	129	
139	273	
149	112	
139	272	
143	187	
89	224	
148	127	
149	118	
84	286	
77	34	
85	271	
77	33	
147	137	
137	296	
95	115	
76	45	
90	176	
148	125	
76	42	
148	124	
90	178	
90	179	
74	69	
206	305	
74	68	
211	203	
146	149	
142	190	
2	103	
127	83	
92	113	
81	289	
79	47	
204	308	
135	290	
79	46	
144	145	
83	262	
1	110	
138	255	
84	250	
139	244	
138	259	
141	178	
141	177	
147	107	
137	266	
81	290	
203	310	
90	147	
75	88	
86	235	
141	176	
146	117	
128	66	
91	137	
75	82	
74	98	
74	97	
144	159	
74	95	
79	35	
210	201	
82	286	
88	212	
93	112	
145	144	
79	30	
88	216	
83	275	
139	251	
0	114	
84	264	
77	56	
144	152	
77	54	
142	175	
129	67	
137	276	
90	150	
200	10	
77	50	
142	179	
85	255	
138	263	
200	12	
136	284	
86	244	
136	281	
82	290	
141	186	
87	232	
147	110	
86	249	
136	285	
203	34	
211	240	
146	186	
211	246	
94	152	
79	63	
203	36	
149	146	
89	256	
78	77	
0	147	
89	258	
209	305	
0	145	
214	209	
210	252	
95	145	
202	44	
213	215	
0	140	
77	85	
91	192	
86	293	
200	69	
77	81	
148	157	
96	136	
148	156	
97	121	
201	52	
92	181	
87	284	
203	28	
92	184	
97	125	
148	150	
212	226	
200	62	
3	100	
212	225	
203	42	
89	261	
203	43	
93	177	
203	48	
204	32	
89	263	
79	53	
211	255	
0	139	
215	202	
202	52	
0	137	
220	100	
149	156	
99	108	
78	65	
78	63	
220	105	
0	133	
77	78	
215	205	
213	226	
209	310	
213	224	
200	74	
149	151	
146	189	
97	134	
75	98	
92	194	
87	295	
146	187	
211	247	
147	178	
98	121	
75	95	
205	13	
200	72	
98	122	
87	299	
212	235	
205	12	
92	156	
3	130	
87	258	
210	235	
2	145	
145	173	
1	159	
89	230	
145	178	
94	130	
93	148	
144	183	
78	99	
143	198	
94	134	
79	82	
200	49	
5	109	
79	81	
201	34	
90	181	
85	282	
78	94	
84	299	
202	22	
5	104	
143	192	
0	162	
85	285	
138	291	
96	110	
129	99	
207	307	
5	100	
96	112	
200	45	
4	113	
138	294	
91	175	
87	260	
147	140	
211	216	
92	161	
91	178	
212	205	
3	123	
211	218	
146	171	
202	38	
93	152	
203	23	
1	149	
203	21	
145	189	
139	296	
201	46	
139	294	
79	71	
95	130	
1	140	
85	292	
144	197	
145	181	
77	98	
202	33	
77	97	
148	143	
78	80	
208	304	
200	55	
212	218	
148	141	
91	181	
139	292	
144	191	
3	117	
92	170	
211	226	
92	173	
97	116	
2	126	
94	190	
3	152	
220	139	
204	60	
89	296	
222	113	
7	104	
95	180	
216	229	
6	118	
2	160	
210	293	
214	249	
215	233	
202	83	
201	99	
210	291	
207	25	
220	138	
5	129	
96	171	
211	281	
208	15	
207	28	
201	93	
201	94	
0	183	
0	181	
97	162	
220	130	
140	0	
217	208	
140	1	
98	152	
4	130	
212	269	
148	192	
222	108	
217	209	
216	238	
216	237	
99	144	
99	145	
79	99	
212	285	
217	225	
6	108	
95	192	
204	75	
215	246	
220	144	
203	81	
6	104	
1	163	
95	196	
96	181	
95	197	
209	10	
203	85	
6	101	
5	117	
1	160	
216	231	
203	83	
206	43	
213	267	
206	44	
141	7	
97	173	
96	189	
97	174	
215	241	
97	175	
141	6	
98	160	
222	117	
218	201	
3	136	
223	106	
218	207	
218	204	
205	56	
98	125	
88	285	
216	205	
210	279	
89	272	
88	288	
216	202	
221	108	
94	173	
89	274	
7	126	
147	190	
204	41	
99	117	
220	112	
215	213	
202	63	
7	123	
202	64	
89	279	
6	137	
221	100	
220	116	
203	51	
1	194	
215	216	
210	275	
95	166	
1	192	
206	12	
5	147	
213	236	
205	29	
6	130	
148	174	
97	140	
5	143	
206	17	
96	158	
213	238	
206	15	
97	146	
4	150	
3	165	
93	194	
212	246	
200	82	
93	195	
89	280	
203	66	
221	114	
216	215	
211	274	
99	122	
203	64	
211	279	
204	54	
7	116	
94	185	
89	286	
2	173	
220	123	
99	129	
220	120	
216	211	
6	123	
220	125	
207	18	
96	163	
149	171	
214	231	
149	170	
96	165	
214	230	
0	190	
96	169	
147	196	
147	194	
97	158	
221	109	
147	198	
212	258	
89	290	
213	241	
3	195	
3	192	
223	141	
217	258	
205	91	
222	155	
8	130	
216	262	
215	278	
7	141	
226	106	
216	266	
226	104	
206	76	
5	164	
5	163	
214	288	
213	295	
98	195	
5	160	
9	117	
99	181	
9	115	
4	173	
223	138	
223	137	
206	72	
8	127	
145	0	
222	163	
99	189	
145	2	
7	135	
226	113	
6	149	
226	111	
216	271	
217	262	
6	142	
225	121	
219	238	
6	141	
224	136	
215	285	
220	183	
207	76	
9	109	
214	299	
205	97	
223	145	
9	106	
9	105	
99	192	
9	104	
99	194	
205	99	
8	118	
206	84	
4	160	
91	6	
217	233	
8	159	
217	232	
217	231	
208	39	
91	2	
209	27	
142	6	
203	90	
7	164	
209	20	
209	21	
215	259	
6	177	
216	242	
7	160	
96	196	
214	265	
214	264	
206	57	
96	198	
223	118	
218	219	
214	262	
220	151	
215	251	
224	106	
98	172	
217	228	
218	212	
209	19	
218	211	
224	100	
223	115	
204	94	
209	33	
99	167	
204	98	
222	146	
220	165	
208	42	
143	5	
216	255	
97	191	
207	51	
6	164	
215	264	
5	175	
98	181	
214	278	
206	69	
224	117	
219	218	
5	172	
98	184	
206	60	
222	138	
98	186	
99	171	
206	61	
8	177	
228	126	
229	110	
132	309	
223	184	
222	199	
217	291	
208	99	
226	144	
132	303	
217	295	
217	294	
132	301	
147	5	
225	159	
226	143	
6	192	
226	141	
226	140	
228	118	
219	262	
224	160	
224	166	
147	0	
229	105	
92	0	
227	148	
223	190	
8	166	
218	297	
8	165	
133	303	
226	156	
8	160	
132	312	
7	172	
6	181	
224	174	
229	115	
5	192	
91	8	
9	145	
222	175	
221	189	
9	182	
8	198	
228	102	
221	184	
208	77	
130	308	
226	124	
208	75	
8	193	
216	282	
216	289	
208	78	
227	110	
220	195	
220	194	
224	140	
206	90	
219	240	
206	91	
206	94	
145	9	
222	186	
223	172	
226	136	
221	195	
221	194	
8	182	
226	133	
221	192	
8	180	
207	94	
221	191	
216	290	
208	82	
207	98	
228	107	
93	1	
207	91	
219	257	
207	92	
207	90	
219	254	
2	4	
81	300	
131	13	
131	14	
81	304	
229	153	
227	176	
227	170	
226	185	
225	190	
9	199	
130	39	
136	309	
228	173	
130	30	
95	4	
136	302	
95	1	
141	200	
226	192	
226	191	
141	203	
131	18	
300	104	
131	16	
300	106	
226	190	
140	212	
135	313	
131	19	
228	147	
226	168	
149	1	
226	166	
227	155	
149	6	
224	188	
80	302	
80	308	
130	19	
97	3	
80	309	
130	16	
226	179	
227	162	
130	11	
226	173	
225	189	
2	9	
219	299	
2	6	
80	314	
229	138	
130	69	
143	217	
140	250	
132	41	
229	198	
221	7	
303	106	
302	116	
229	190	
5	7	
84	312	
302	114	
141	232	
141	239	
99	8	
132	35	
90	203	
99	4	
300	138	
90	206	
140	247	
141	230	
90	207	
144	214	
300	152	
139	312	
132	52	
144	217	
132	53	
145	201	
145	200	
131	66	
132	51	
304	101	
303	118	
139	311	
143	226	
135	16	
4	7	
142	233	
4	2	
133	30	
301	132	
300	148	
300	149	
90	217	
86	302	
132	47	
98	5	
132	48	
98	4	
228	187	
131	30	
131	35	
7	4	
7	5	
229	174	
142	205	
81	17	
83	303	
81	14	
142	206	
80	26	
140	226	
80	25	
141	215	
80	21	
131	26	
140	224	
131	42	
131	46	
132	31	
143	209	
138	300	
130	51	
137	314	
302	105	
142	219	
83	313	
6	2	
228	193	
141	223	
133	13	
141	226	
137	310	
301	116	
300	121	
136	38	
87	313	
300	184	
144	245	
132	80	
144	244	
145	235	
92	215	
83	14	
133	70	
132	86	
88	301	
83	13	
305	121	
93	201	
92	217	
143	255	
135	45	
88	307	
82	23	
131	93	
81	37	
81	35	
152	103	
303	140	
151	118	
151	117	
90	241	
303	143	
301	168	
135	40	
142	265	
80	43	
132	79	
150	126	
90	247	
302	151	
224	1	
224	2	
91	235	
150	129	
151	113	
91	236	
306	103	
133	65	
301	163	
210	302	
132	93	
136	47	
88	310	
306	122	
300	197	
150	145	
146	230	
82	19	
225	9	
135	55	
304	145	
148	204	
94	201	
93	218	
93	219	
89	304	
94	204	
89	306	
94	206	
94	207	
133	79	
302	169	
142	278	
153	101	
148	202	
143	260	
80	33	
147	216	
90	256	
138	14	
140	297	
146	222	
307	101	
145	237	
307	103	
151	124	
306	114	
91	205	
304	118	
91	206	
84	23	
305	103	
91	207	
0	209	
0	208	
145	212	
305	100	
145	210	
144	226	
83	32	
303	126	
303	128	
143	230	
303	122	
144	220	
130	88	
303	120	
302	136	
81	52	
222	8	
150	102	
90	227	
132	58	
84	15	
132	70	
91	216	
87	301	
300	172	
144	233	
137	16	
145	223	
83	24	
305	111	
92	207	
130	94	
130	95	
142	257	
303	133	
81	46	
302	146	
133	58	
80	58	
303	132	
302	144	
151	100	
140	276	
145	217	
146	200	
80	52	
133	50	
132	66	
223	6	
141	264	
151	103	
9	2	
140	278	
133	53	
300	167	
155	113	
144	289	
146	263	
1	212	
94	230	
148	239	
154	121	
309	119	
143	296	
304	174	
81	79	
81	77	
309	110	
90	284	
308	127	
212	305	
152	144	
134	97	
143	295	
136	70	
135	86	
96	211	
90	286	
143	294	
148	235	
91	271	
80	89	
308	123	
147	249	
96	214	
80	87	
96	215	
138	48	
146	255	
91	277	
212	304	
139	35	
134	94	
152	142	
146	259	
84	38	
306	146	
97	205	
84	36	
306	148	
93	250	
84	34	
1	205	
154	139	
83	48	
83	47	
150	187	
151	171	
0	216	
138	64	
155	127	
144	294	
0	214	
94	243	
93	259	
94	244	
83	41	
213	308	
136	84	
149	232	
82	56	
150	181	
94	246	
137	74	
137	71	
82	53	
213	303	
147	259	
152	157	
213	301	
81	65	
136	81	
90	298	
80	78	
146	267	
91	287	
308	130	
156	104	
146	264	
97	214	
92	273	
85	12	
84	28	
139	44	
146	268	
2	224	
145	253	
154	107	
145	250	
301	192	
1	236	
146	241	
145	257	
92	237	
150	154	
145	255	
93	223	
0	249	
305	145	
0	248	
154	101	
0	247	
154	100	
89	311	
304	155	
0	246	
136	56	
89	314	
308	108	
0	240	
308	105	
141	298	
87	22	
148	214	
87	21	
81	95	
3	207	
152	127	
147	228	
152	126	
81	92	
307	111	
150	148	
91	253	
86	32	
3	203	
85	47	
307	113	
302	172	
141	290	
141	297	
134	72	
133	88	
300	199	
133	86	
92	242	
306	125	
133	87	
150	163	
154	119	
149	219	
1	224	
84	52	
138	41	
155	105	
138	42	
305	156	
154	112	
0	236	
148	227	
135	77	
149	211	
82	79	
87	18	
136	68	
308	119	
82	75	
304	163	
136	66	
139	28	
142	295	
95	213	
151	149	
152	133	
90	274	
303	176	
81	85	
135	76	
153	121	
85	39	
307	123	
150	158	
86	20	
211	302	
150	157	
138	35	
80	94	
80	92	
216	303	
2	244	
216	301	
211	19	
149	267	
5	208	
149	265	
5	207	
154	169	
5	204	
149	260	
148	276	
308	169	
211	11	
4	218	
157	129	
154	163	
153	178	
154	162	
97	240	
149	262	
309	152	
4	211	
157	123	
147	283	
86	54	
147	282	
86	53	
210	22	
152	187	
306	189	
157	127	
153	170	
307	174	
139	77	
85	64	
307	191	
2	234	
99	221	
98	238	
1	246	
94	283	
94	284	
88	29	
155	162	
83	86	
212	12	
88	23	
96	260	
210	37	
148	286	
158	124	
82	90	
159	113	
86	44	
86	43	
221	209	
156	149	
86	42	
152	191	
156	148	
97	258	
137	88	
155	137	
2	267	
93	262	
306	175	
98	204	
93	263	
137	87	
151	184	
138	76	
89	49	
146	284	
98	207	
94	250	
149	246	
136	96	
304	198	
7	200	
149	245	
149	244	
214	303	
154	142	
6	213	
5	229	
1	272	
155	133	
309	136	
95	243	
6	210	
0	285	
88	54	
213	314	
0	283	
309	132	
304	191	
91	292	
87	65	
148	257	
96	234	
153	154	
157	102	
229	5	
91	297	
92	282	
229	8	
148	250	
98	210	
229	6	
86	70	
220	208	
98	213	
92	289	
98	215	
215	306	
155	145	
89	39	
99	201	
85	81	
306	183	
1	265	
137	91	
99	205	
88	48	
154	153	
99	208	
88	47	
306	180	
215	305	
1	261	
95	252	
138	80	
95	254	
153	164	
309	142	
157	119	
5	211	
148	268	
154	150	
87	52	
152	172	
87	50	
307	166	
3	236	
139	62	
3	235	
157	116	
85	77	
92	297	
307	164	
2	247	
92	298	
2	289	
221	244	
99	256	
222	234	
157	174	
214	24	
157	173	
99	259	
212	46	
89	67	
6	238	
7	221	
89	64	
96	291	
89	62	
221	241	
220	257	
1	292	
156	181	
211	54	
5	247	
159	144	
88	75	
158	159	
224	202	
87	89	
224	201	
88	72	
224	208	
155	191	
155	190	
224	205	
219	306	
98	271	
309	190	
222	226	
214	17	
158	150	
4	252	
87	80	
3	267	
86	95	
210	65	
157	169	
2	279	
7	218	
99	265	
221	255	
223	230	
214	37	
2	274	
7	215	
214	36	
6	229	
1	288	
225	207	
212	57	
156	190	
230	104	
7	210	
230	103	
213	45	
6	223	
225	209	
213	43	
5	238	
0	297	
225	208	
88	65	
212	50	
211	66	
0	294	
224	213	
225	203	
159	158	
212	52	
98	281	
302	2	
98	284	
210	72	
223	227	
223	226	
219	311	
211	62	
86	83	
215	17	
210	76	
98	289	
213	16	
99	230	
213	14	
155	179	
220	238	
157	152	
156	168	
7	246	
156	166	
157	150	
212	24	
94	297	
149	289	
99	239	
212	22	
89	87	
220	230	
211	39	
95	284	
155	176	
212	26	
220	234	
212	27	
210	48	
153	196	
89	80	
148	296	
5	266	
97	260	
88	94	
309	171	
159	125	
88	92	
148	299	
217	306	
157	145	
98	252	
4	273	
8	229	
153	192	
148	293	
157	148	
307	197	
4	270	
8	222	
156	178	
156	177	
149	299	
7	231	
155	181	
149	298	
95	297	
155	185	
154	192	
96	284	
309	186	
97	270	
300	8	
212	31	
159	137	
96	289	
5	252	
212	30	
154	193	
87	95	
308	194	
218	301	
210	52	
4	265	
308	195	
4	263	
218	306	
3	275	
305	2	
222	274	
221	288	
233	103	
223	261	
221	283	
226	223	
231	121	
226	222	
212	88	
213	78	
226	227	
221	286	
214	63	
221	285	
213	77	
216	39	
216	37	
211	96	
6	272	
230	132	
225	233	
224	249	
9	239	
215	45	
5	281	
4	296	
150	4	
9	235	
158	199	
219	18	
227	226	
232	123	
216	50	
227	229	
8	240	
213	86	
218	24	
218	25	
227	223	
219	14	
231	136	
219	12	
219	13	
230	141	
217	35	
5	278	
216	49	
217	33	
230	146	
217	39	
230	143	
228	208	
224	251	
5	271	
159	190	
228	205	
223	264	
9	225	
159	194	
231	109	
221	269	
9	261	
158	181	
215	33	
9	260	
230	117	
225	217	
220	279	
230	118	
6	296	
6	295	
212	64	
230	112	
230	111	
225	212	
230	110	
223	232	
222	248	
210	83	
223	237	
9	257	
9	256	
99	283	
304	6	
227	203	
232	108	
215	44	
214	57	
227	206	
226	213	
212	79	
226	212	
226	211	
221	270	
8	260	
232	100	
7	273	
7	272	
214	50	
211	85	
6	283	
230	124	
230	122	
223	244	
5	291	
223	249	
159	171	
99	294	
216	23	
215	39	
210	98	
233	142	
228	242	
215	92	
215	98	
215	96	
8	297	
233	144	
226	267	
308	9	
226	265	
227	254	
226	269	
225	276	
230	173	
230	172	
226	263	
228	239	
229	227	
224	286	
228	252	
216	91	
8	285	
227	263	
8	284	
236	118	
232	161	
237	101	
226	277	
227	261	
7	297	
309	3	
7	295	
7	290	
236	114	
231	173	
234	133	
235	123	
217	74	
224	298	
217	75	
225	281	
217	72	
216	88	
233	121	
227	238	
214	89	
215	70	
219	28	
215	71	
222	299	
218	38	
218	36	
213	95	
222	293	
219	23	
213	98	
227	231	
152	3	
229	208	
218	32	
215	69	
224	261	
228	217	
217	41	
224	263	
233	131	
227	247	
223	290	
219	38	
214	97	
234	120	
228	235	
232	149	
228	234	
219	32	
219	30	
227	244	
214	96	
226	259	
219	34	
232	141	
219	35	
217	54	
235	107	
233	129	
233	128	
233	126	
216	68	
225	260	
229	216	
229	270	
142	309	
238	129	
237	136	
238	124	
233	180	
238	121	
218	93	
232	191	
227	291	
227	290	
301	200	
239	121	
233	196	
229	281	
229	285	
239	124	
237	145	
143	303	
301	216	
235	169	
301	218	
302	203	
301	213	
219	93	
228	266	
238	104	
233	163	
238	109	
229	252	
237	113	
236	128	
237	117	
219	68	
226	282	
225	298	
140	303	
231	184	
236	124	
217	81	
217	80	
235	132	
230	191	
230	190	
234	160	
229	263	
234	161	
228	278	
232	183	
231	199	
227	284	
226	299	
233	170	
235	148	
232	180	
236	136	
227	280	
217	92	
217	90	
235	145	
300	201	
300	260	
141	15	
91	305	
141	12	
150	211	
145	312	
303	229	
303	226	
304	212	
239	152	
236	185	
237	173	
145	305	
145	304	
236	184	
300	256	
305	212	
239	165	
239	164	
305	215	
304	226	
92	307	
238	174	
303	238	
303	233	
146	306	
237	186	
305	209	
305	206	
146	302	
234	193	
144	302	
239	133	
229	293	
234	191	
229	291	
159	8	
302	211	
301	227	
159	1	
301	229	
302	210	
235	172	
236	162	
90	305	
300	231	
304	208	
140	18	
239	148	
140	11	
303	214	
303	216	
239	141	
303	213	
236	177	
302	222	
236	176	
236	179	
237	163	
300	246	
235	182	
235	187	
91	302	
300	244	
142	42	
239	199	
231	7	
143	30	
143	31	
303	269	
149	300	
313	101	
308	203	
308	204	
303	264	
140	62	
153	211	
144	18	
150	247	
311	126	
142	37	
311	128	
310	137	
300	297	
143	26	
306	240	
155	202	
310	151	
305	252	
155	205	
310	154	
305	255	
310	150	
305	251	
141	65	
304	260	
154	214	
304	261	
153	229	
154	213	
309	203	
141	64	
308	213	
145	11	
152	239	
302	284	
144	29	
151	243	
301	296	
302	280	
143	32	
311	139	
307	224	
302	283	
151	247	
306	233	
301	292	
151	246	
96	309	
306	236	
141	36	
310	123	
300	283	
305	220	
304	237	
93	301	
152	209	
304	233	
302	259	
140	46	
237	193	
302	256	
302	258	
91	12	
301	268	
91	11	
90	26	
151	210	
142	17	
146	311	
311	105	
311	106	
146	313	
310	117	
151	211	
300	278	
150	240	
141	47	
305	234	
141	46	
305	237	
304	246	
142	36	
148	306	
93	314	
153	202	
0	310	
303	254	
303	255	
153	207	
304	240	
303	256	
307	207	
94	307	
303	252	
94	308	
90	19	
94	309	
306	219	
140	52	
148	300	
306	215	
151	220	
306	217	
306	218	
300	289	
