129	204	
70	259	
116	56	
71	241	
63	36	
129	207	
124	266	
70	256	
125	252	
64	26	
125	256	
63	38	
131	141	
113	95	
119	11	
74	201	
60	65	
132	121	
61	52	
131	136	
122	280	
60	67	
131	139	
122	283	
73	212	
114	75	
121	298	
68	314	
73	211	
123	271	
127	227	
74	209	
61	57	
122	288	
115	66	
116	50	
74	204	
69	305	
206	1	
115	67	
124	261	
124	260	
129	201	
124	274	
63	22	
71	233	
207	1	
117	53	
129	218	
135	103	
63	20	
207	7	
131	151	
72	221	
131	154	
64	12	
113	97	
114	81	
127	230	
113	98	
73	206	
68	307	
122	291	
126	248	
127	234	
114	86	
132	133	
119	29	
72	216	
123	281	
115	76	
124	270	
129	212	
73	208	
134	125	
129	228	
116	79	
70	233	
117	66	
208	1	
130	177	
63	16	
67	310	
131	166	
127	251	
131	157	
131	156	
127	241	
131	159	
119	35	
114	97	
67	308	
114	98	
67	306	
60	41	
128	234	
132	149	
61	36	
127	249	
133	132	
62	22	
128	237	
116	74	
133	138	
129	223	
124	282	
60	49	
71	210	
134	135	
116	88	
130	183	
117	77	
117	78	
131	170	
67	301	
119	50	
71	217	
127	260	
126	275	
118	69	
132	161	
209	5	
131	168	
131	169	
119	48	
115	92	
133	142	
128	243	
115	94	
128	247	
61	20	
129	235	
133	149	
81	127	
116	12	
123	239	
110	89	
63	73	
111	76	
130	110	
72	279	
130	112	
73	261	
65	56	
120	271	
77	219	
78	200	
113	50	
125	214	
121	260	
120	276	
81	129	
71	289	
64	68	
120	266	
121	250	
74	245	
120	269	
113	46	
61	90	
65	47	
80	136	
115	20	
62	88	
67	29	
68	12	
110	81	
75	230	
67	25	
115	25	
70	290	
61	99	
82	100	
124	232	
81	114	
124	231	
123	247	
64	52	
62	79	
123	249	
116	26	
80	129	
70	289	
81	110	
111	87	
125	221	
65	42	
120	282	
126	210	
120	285	
77	205	
126	212	
77	203	
73	249	
60	99	
125	218	
126	202	
113	54	
67	10	
203	6	
130	119	
126	204	
60	95	
114	42	
73	246	
121	267	
121	269	
115	31	
114	47	
67	18	
75	224	
70	283	
114	49	
70	280	
62	71	
75	222	
62	70	
67	11	
115	35	
116	20	
123	243	
74	236	
67	13	
64	41	
111	95	
70	277	
124	244	
71	262	
120	290	
76	200	
117	23	
112	83	
72	257	
60	90	
113	70	
65	33	
126	220	
112	88	
118	14	
114	50	
74	220	
61	74	
131	115	
126	215	
126	217	
60	85	
132	105	
115	40	
75	214	
127	207	
127	209	
70	270	
75	211	
61	77	
116	43	
71	252	
64	31	
116	48	
125	242	
117	33	
75	206	
72	246	
112	97	
112	98	
72	242	
130	148	
126	226	
73	226	
60	78	
121	288	
122	274	
114	67	
122	275	
133	102	
62	55	
114	69	
133	103	
123	266	
116	41	
62	51	
201	221	
200	237	
200	236	
135	179	
82	151	
136	162	
84	131	
202	210	
83	146	
202	217	
137	156	
75	273	
74	289	
138	133	
202	209	
128	298	
84	122	
79	223	
73	299	
67	60	
80	179	
68	55	
81	164	
129	285	
68	51	
129	287	
81	160	
80	176	
67	69	
68	52	
201	230	
82	145	
64	97	
201	231	
69	32	
68	48	
64	91	
135	189	
136	173	
81	157	
68	47	
201	233	
200	249	
81	154	
64	92	
78	237	
66	71	
65	82	
202	225	
78	232	
79	219	
74	278	
67	54	
66	69	
139	131	
83	129	
79	214	
134	192	
83	128	
134	194	
67	59	
76	251	
81	151	
129	299	
75	265	
200	242	
80	165	
135	197	
69	25	
201	243	
82	132	
69	26	
63	96	
201	245	
82	130	
76	244	
136	189	
78	227	
65	75	
73	281	
69	28	
82	135	
78	220	
203	223	
77	237	
84	106	
66	56	
73	278	
204	202	
139	141	
83	119	
65	68	
67	49	
63	92	
139	145	
76	243	
139	148	
135	191	
68	35	
135	192	
67	44	
80	154	
75	252	
63	90	
74	269	
200	254	
63	89	
76	238	
136	196	
76	235	
71	294	
63	84	
201	258	
201	257	
73	274	
83	112	
66	51	
77	229	
66	50	
137	188	
65	60	
82	124	
78	210	
82	125	
204	211	
203	229	
138	168	
66	43	
76	231	
204	219	
200	261	
200	263	
74	258	
83	184	
130	194	
82	195	
69	87	
135	134	
79	276	
85	160	
84	173	
131	184	
130	199	
136	124	
131	185	
136	126	
127	270	
137	113	
131	188	
89	110	
84	170	
137	104	
132	163	
137	103	
68	90	
128	259	
129	246	
85	158	
129	245	
87	129	
82	188	
200	202	
135	144	
82	186	
88	112	
82	184	
69	75	
87	123	
136	131	
77	284	
69	77	
78	279	
126	295	
79	261	
137	121	
78	275	
88	116	
132	174	
128	261	
127	277	
85	144	
133	162	
128	263	
132	178	
79	258	
68	88	
128	266	
128	269	
117	90	
69	70	
135	153	
77	279	
118	90	
136	141	
77	272	
69	67	
82	172	
69	66	
88	108	
84	151	
127	291	
119	83	
118	99	
82	179	
85	134	
127	285	
75	295	
127	288	
137	127	
66	97	
79	248	
77	270	
87	111	
86	125	
129	266	
134	164	
68	72	
85	136	
81	180	
135	164	
135	163	
78	252	
77	268	
135	166	
77	265	
82	164	
201	212	
77	264	
69	53	
82	161	
202	200	
83	159	
79	241	
83	154	
202	204	
137	146	
87	109	
82	169	
132	196	
127	297	
138	120	
132	195	
127	296	
138	123	
138	122	
133	181	
79	239	
132	199	
75	280	
128	289	
68	65	
75	289	
86	114	
135	160	
68	64	
135	161	
202	173	
202	175	
202	177	
79	198	
208	104	
71	3	
79	193	
79	194	
200	192	
200	191	
205	134	
110	304	
200	195	
206	137	
203	171	
207	127	
208	114	
207	129	
79	186	
208	116	
208	115	
126	8	
204	158	
205	144	
111	302	
206	133	
111	304	
206	135	
202	191	
202	194	
208	121	
112	304	
112	306	
112	308	
79	178	
203	188	
79	172	
209	114	
204	167	
209	107	
205	158	
78	172	
207	146	
77	189	
78	171	
77	187	
208	131	
203	192	
203	195	
78	179	
208	139	
205	162	
204	178	
209	118	
122	9	
201	147	
202	135	
203	115	
74	3	
204	101	
204	103	
204	102	
204	106	
204	108	
122	4	
74	5	
123	4	
202	144	
202	147	
204	110	
123	0	
206	105	
201	164	
206	108	
202	158	
202	157	
203	138	
204	126	
204	129	
200	175	
201	162	
201	161	
206	117	
207	106	
203	151	
72	2	
72	1	
204	141	
203	156	
203	149	
200	181	
206	110	
206	113	
207	199	
78	5	
111	34	
111	35	
78	6	
209	179	
112	15	
208	181	
62	307	
77	2	
208	198	
111	43	
208	199	
111	44	
209	185	
112	30	
120	240	
77	5	
112	35	
112	26	
120	235	
113	12	
112	28	
113	18	
121	227	
122	216	
118	301	
209	191	
111	50	
111	51	
110	67	
123	216	
111	53	
119	303	
76	4	
61	302	
61	300	
120	252	
60	314	
120	254	
113	26	
122	220	
76	1	
118	312	
110	75	
119	310	
124	212	
110	78	
111	64	
124	216	
125	200	
124	215	
202	2	
130	100	
60	305	
130	103	
121	241	
121	245	
75	6	
110	70	
75	0	
110	72	
129	6	
70	214	
209	131	
204	190	
66	309	
208	146	
66	306	
204	193	
209	127	
61	12	
61	11	
70	202	
110	17	
209	141	
209	139	
206	174	
60	15	
207	163	
208	164	
111	11	
111	15	
209	156	
115	311	
115	310	
63	312	
111	23	
208	179	
112	11	
62	314	
120	215	
63	308	
63	306	
121	208	
116	309	
206	199	
207	185	
61	282	
119	243	
106	94	
106	95	
60	296	
119	247	
106	98	
70	135	
67	215	
125	134	
54	67	
115	295	
72	110	
58	18	
116	284	
71	124	
64	240	
55	45	
55	48	
117	263	
116	278	
122	164	
55	44	
54	59	
70	130	
51	97	
122	166	
117	266	
60	291	
127	109	
64	246	
51	98	
127	108	
64	243	
51	93	
64	244	
64	241	
51	94	
124	157	
64	239	
62	264	
53	69	
67	202	
66	219	
116	293	
109	70	
121	193	
55	35	
116	288	
63	243	
55	31	
63	241	
54	49	
122	174	
52	72	
64	235	
56	28	
128	105	
64	231	
124	164	
129	105	
119	264	
65	218	
71	101	
119	266	
52	68	
129	109	
60	272	
124	167	
70	113	
70	110	
60	271	
52	64	
108	91	
61	268	
61	267	
62	251	
66	205	
71	105	
126	146	
53	57	
53	56	
117	281	
108	88	
62	249	
126	136	
50	82	
127	125	
117	286	
55	21	
117	289	
118	273	
122	187	
123	171	
51	74	
52	61	
51	76	
129	101	
118	277	
123	175	
118	278	
65	206	
125	160	
51	68	
60	260	
62	240	
70	109	
109	92	
122	192	
128	120	
109	87	
122	197	
117	298	
62	232	
127	137	
117	297	
118	281	
123	183	
59	313	
51	66	
64	213	
118	287	
55	16	
50	75	
119	274	
63	224	
51	62	
55	18	
105	68	
118	219	
106	53	
119	202	
124	103	
70	177	
114	266	
107	41	
59	49	
55	91	
108	32	
108	22	
69	224	
121	132	
68	236	
111	293	
74	120	
122	120	
108	28	
72	149	
56	72	
116	236	
112	282	
121	137	
104	74	
109	17	
112	283	
75	114	
117	226	
112	285	
57	61	
112	288	
75	110	
69	227	
118	212	
112	287	
113	285	
105	78	
114	270	
58	48	
106	64	
57	59	
118	229	
119	213	
114	275	
70	166	
119	218	
73	131	
115	260	
55	81	
120	162	
72	143	
115	264	
121	150	
67	242	
108	43	
71	158	
66	259	
115	258	
56	65	
68	228	
103	97	
69	210	
55	74	
121	147	
73	122	
72	139	
58	41	
105	71	
74	116	
105	73	
56	66	
64	274	
57	53	
122	138	
71	144	
53	95	
123	138	
65	259	
57	48	
107	61	
119	227	
115	272	
106	79	
62	297	
59	27	
73	121	
120	173	
107	65	
125	115	
59	23	
66	248	
55	68	
115	268	
74	102	
63	278	
56	53	
104	91	
117	240	
122	142	
121	157	
62	288	
67	229	
117	245	
117	244	
70	153	
57	43	
57	46	
74	104	
69	205	
123	147	
71	134	
106	84	
59	11	
71	132	
114	295	
66	230	
52	95	
65	244	
58	23	
124	136	
54	76	
108	60	
55	62	
125	127	
59	13	
120	185	
115	289	
126	104	
108	55	
121	162	
117	250	
73	105	
109	43	
68	203	
116	267	
73	101	
122	154	
64	259	
57	32	
57	35	
122	156	
57	34	
117	259	
105	96	
63	269	
56	46	
59	88	
72	190	
67	292	
59	83	
201	103	
73	187	
68	288	
127	192	
127	194	
67	297	
72	197	
79	106	
74	163	
128	174	
69	265	
74	162	
69	263	
129	165	
58	95	
75	155	
75	156	
200	125	
77	122	
67	283	
201	113	
77	121	
78	117	
59	78	
78	110	
202	107	
67	287	
57	91	
128	181	
69	258	
128	185	
75	148	
66	293	
58	82	
129	176	
57	95	
129	177	
74	158	
57	96	
76	129	
76	125	
78	105	
68	265	
73	165	
201	129	
77	117	
73	160	
67	278	
59	67	
202	118	
68	260	
65	290	
69	247	
128	195	
57	82	
73	158	
73	156	
71	180	
75	135	
58	73	
71	177	
67	260	
200	149	
71	176	
59	54	
76	115	
201	134	
75	128	
71	171	
75	129	
66	273	
59	50	
70	188	
73	154	
68	252	
72	167	
73	152	
68	253	
67	266	
59	57	
202	126	
74	134	
64	294	
69	235	
202	119	
129	190	
74	132	
69	233	
74	133	
203	105	
74	130	
203	108	
69	232	
64	291	
56	83	
76	111	
71	170	
74	138	
64	296	
70	180	
75	121	
200	144	
124	186	
78	164	
124	188	
119	289	
125	175	
77	174	
126	162	
79	155	
127	150	
78	167	
127	142	
75	196	
119	284	
119	298	
77	169	
119	299	
125	182	
76	178	
125	186	
79	145	
79	142	
79	139	
74	198	
74	197	
74	194	
79	136	
74	195	
69	296	
119	290	
76	175	
124	190	
119	296	
75	187	
74	193	
69	291	
69	292	
127	171	
75	173	
128	153	
129	140	
77	150	
128	158	
78	131	
200	105	
76	159	
76	157	
78	138	
68	297	
127	183	
127	182	
73	194	
128	160	
75	162	
128	161	
75	161	
69	275	
79	116	
78	129	
129	158	
64	8	
119	9	
64	2	
63	2	
63	5	
63	7	
100	23	
101	12	
62	5	
62	8	
62	2	
110	204	
110	206	
106	308	
100	38	
101	15	
101	17	
110	211	
69	198	
69	199	
61	9	
110	217	
106	306	
100	307	
68	0	
52	302	
101	302	
101	308	
116	1	
100	313	
66	4	
66	6	
118	0	
104	37	
105	22	
100	82	
101	71	
101	73	
102	63	
115	203	
102	58	
115	208	
51	11	
51	10	
103	49	
55	300	
54	312	
105	38	
100	97	
105	39	
106	23	
114	232	
55	305	
120	122	
114	239	
120	121	
102	74	
110	273	
120	116	
120	119	
104	40	
116	208	
112	254	
122	107	
114	241	
114	245	
115	231	
107	24	
107	17	
69	5	
115	226	
120	128	
116	215	
103	65	
53	313	
103	69	
116	218	
69	9	
122	105	
117	206	
69	8	
104	58	
123	105	
106	40	
114	250	
118	209	
102	90	
120	141	
120	143	
116	222	
121	120	
111	280	
120	138	
116	226	
117	210	
111	284	
116	227	
112	273	
111	289	
112	272	
111	288	
123	101	
117	218	
105	52	
118	202	
105	53	
111	218	
52	44	
107	305	
60	253	
60	250	
107	309	
59	306	
62	231	
54	23	
100	47	
54	22	
61	240	
61	241	
62	228	
102	12	
110	221	
102	16	
110	226	
106	310	
59	300	
58	314	
50	66	
107	313	
51	49	
113	201	
60	240	
112	218	
113	206	
108	309	
102	20	
62	217	
61	229	
51	43	
50	59	
108	310	
100	61	
101	50	
100	68	
52	28	
61	219	
50	40	
57	302	
51	30	
50	43	
50	44	
60	221	
104	27	
105	11	
51	27	
104	28	
104	29	
50	39	
113	224	
114	211	
109	312	
105	19	
113	228	
114	208	
101	58	
109	308	
114	209	
110	252	
103	32	
103	34	
110	258	
50	35	
140	232	
300	125	
133	11	
132	27	
83	300	
82	313	
302	101	
140	239	
301	118	
4	3	
142	210	
227	194	
130	42	
82	309	
229	170	
229	175	
131	47	
3	4	
3	5	
132	33	
81	313	
300	131	
301	120	
3	0	
3	1	
133	24	
133	25	
300	139	
134	10	
82	303	
3	8	
301	126	
302	111	
142	211	
228	190	
142	216	
130	50	
130	54	
97	4	
229	180	
228	198	
97	5	
97	0	
132	42	
300	147	
80	313	
141	241	
133	35	
141	243	
134	20	
142	230	
142	232	
81	305	
130	61	
143	215	
139	300	
130	65	
96	9	
96	8	
144	200	
130	68	
80	310	
144	202	
144	205	
229	197	
140	260	
144	219	
1	8	
80	305	
80	303	
142	240	
141	259	
142	243	
142	242	
130	70	
143	222	
135	13	
143	224	
130	74	
95	3	
9	195	
303	119	
9	194	
139	310	
9	196	
144	211	
131	63	
1	3	
86	306	
229	137	
225	180	
134	307	
90	219	
86	305	
224	199	
81	21	
225	186	
80	36	
225	185	
85	311	
81	15	
227	151	
80	28	
80	29	
91	201	
133	313	
90	214	
81	19	
228	144	
133	314	
90	208	
135	304	
135	308	
225	199	
228	153	
228	155	
134	310	
85	301	
228	158	
229	156	
141	204	
226	196	
5	8	
84	304	
84	305	
84	300	
84	301	
228	160	
130	22	
131	11	
131	25	
229	165	
132	10	
132	15	
5	3	
136	311	
141	213	
141	209	
131	20	
228	177	
150	156	
146	240	
138	33	
146	243	
211	305	
133	95	
138	36	
150	159	
84	26	
301	195	
307	121	
211	309	
307	126	
302	185	
134	85	
302	183	
147	234	
135	70	
139	27	
93	228	
89	310	
147	236	
134	88	
93	226	
147	239	
308	112	
148	222	
307	129	
149	200	
94	208	
90	251	
89	309	
82	46	
82	45	
308	106	
303	165	
143	277	
82	40	
135	69	
153	116	
143	276	
81	55	
154	103	
136	54	
308	109	
226	6	
154	102	
149	203	
153	118	
94	205	
154	105	
305	142	
226	8	
210	311	
136	58	
83	37	
91	241	
305	146	
154	108	
144	268	
91	242	
83	31	
305	147	
211	312	
155	108	
88	312	
84	16	
151	154	
307	134	
303	180	
151	158	
134	96	
308	120	
143	291	
135	82	
308	126	
88	313	
143	292	
135	75	
144	270	
136	61	
153	128	
143	287	
309	107	
136	65	
143	289	
149	214	
144	273	
144	276	
136	67	
154	116	
144	275	
83	27	
309	108	
91	233	
227	6	
90	246	
144	279	
305	158	
145	265	
156	103	
306	156	
138	55	
307	141	
146	265	
150	179	
151	166	
139	42	
83	18	
156	106	
139	43	
156	109	
91	225	
92	210	
88	308	
151	169	
93	208	
307	147	
213	305	
213	304	
136	80	
308	135	
153	135	
148	236	
90	231	
135	88	
90	230	
154	122	
144	282	
309	116	
90	239	
136	79	
137	63	
137	65	
151	160	
305	166	
155	116	
146	260	
83	11	
82	27	
229	0	
87	305	
307	151	
156	113	
145	289	
139	50	
146	275	
138	68	
87	304	
8	5	
139	53	
91	215	
213	310	
213	312	
152	167	
80	47	
307	158	
147	269	
152	168	
308	146	
148	247	
90	220	
81	27	
81	29	
154	131	
144	291	
136	85	
305	171	
145	280	
81	25	
149	236	
304	186	
8	1	
144	298	
82	18	
8	3	
138	60	
146	270	
138	61	
305	179	
82	16	
98	206	
3	211	
144	228	
93	266	
305	107	
140	274	
145	214	
223	2	
2	223	
3	210	
92	275	
2	225	
150	119	
95	242	
94	258	
146	207	
142	250	
133	57	
134	41	
82	93	
95	240	
3	216	
134	43	
146	208	
86	46	
301	159	
135	20	
83	71	
82	87	
142	247	
0	245	
130	82	
304	110	
304	111	
90	291	
136	12	
84	63	
144	223	
131	73	
304	112	
1	237	
92	272	
91	288	
144	225	
97	211	
88	16	
83	75	
96	224	
136	19	
131	78	
83	77	
132	74	
145	224	
301	160	
144	239	
97	209	
86	31	
300	174	
300	175	
150	127	
306	106	
94	247	
147	202	
81	98	
151	116	
141	276	
147	201	
93	258	
302	156	
224	6	
302	154	
224	8	
302	155	
82	76	
82	78	
302	148	
0	231	
143	246	
135	37	
95	221	
136	23	
135	39	
131	84	
92	260	
136	28	
132	71	
150	121	
0	238	
306	112	
301	171	
85	33	
300	188	
85	35	
2	202	
146	223	
307	100	
133	74	
80	90	
94	236	
142	272	
134	64	
152	113	
225	2	
153	100	
80	99	
302	165	
152	106	
142	266	
134	59	
135	43	
82	65	
142	269	
95	214	
135	46	
86	19	
144	240	
136	33	
94	227	
96	208	
0	229	
83	59	
304	135	
140	290	
144	247	
300	183	
137	23	
132	82	
91	261	
83	56	
1	211	
137	25	
132	96	
151	131	
301	180	
210	307	
145	247	
138	24	
92	247	
1	207	
141	293	
146	234	
1	206	
306	128	
147	220	
85	21	
1	208	
134	71	
139	13	
94	224	
134	74	
86	17	
81	75	
301	189	
135	60	
94	220	
93	236	
86	10	
139	19	
81	72	
308	101	
134	69	
82	57	
144	250	
90	260	
94	218	
82	50	
144	252	
136	43	
144	254	
136	45	
91	256	
153	109	
305	130	
132	92	
210	301	
82	58	
216	209	
212	252	
3	134	
93	189	
212	251	
204	45	
204	46	
205	31	
93	185	
5	110	
147	199	
95	165	
4	123	
4	122	
99	118	
206	24	
200	99	
94	175	
213	249	
207	10	
78	96	
0	169	
0	168	
149	166	
214	229	
210	272	
95	158	
78	91	
0	164	
97	137	
202	67	
98	120	
211	261	
203	54	
1	155	
204	40	
96	147	
79	86	
216	207	
1	156	
221	105	
203	58	
2	139	
212	262	
94	160	
98	114	
93	174	
222	106	
204	59	
98	112	
98	113	
205	46	
94	167	
201	91	
4	112	
148	199	
206	35	
206	36	
206	37	
0	156	
96	134	
86	294	
207	11	
202	70	
96	132	
86	292	
0	157	
220	122	
210	285	
78	82	
1	148	
216	212	
221	110	
220	126	
210	289	
2	133	
215	229	
87	282	
204	50	
1	146	
217	202	
212	261	
204	52	
203	68	
79	74	
93	166	
88	268	
217	214	
222	116	
213	260	
98	106	
88	266	
212	275	
205	52	
88	264	
93	161	
205	59	
4	106	
218	208	
4	101	
141	3	
141	4	
213	269	
4	102	
94	153	
207	32	
90	198	
86	283	
214	247	
96	124	
206	39	
149	188	
85	298	
215	232	
78	70	
215	235	
90	195	
215	234	
95	133	
77	87	
215	236	
216	220	
211	282	
216	223	
208	14	
220	137	
97	113	
96	129	
97	114	
79	62	
203	77	
97	112	
96	128	
221	125	
211	285	
218	210	
3	103	
92	165	
205	66	
3	109	
89	249	
205	69	
219	204	
214	263	
206	54	
77	83	
76	99	
224	102	
89	244	
94	141	
88	258	
206	58	
219	207	
207	33	
86	273	
95	127	
85	287	
214	259	
203	80	
215	245	
95	122	
220	147	
78	60	
91	179	
216	234	
203	84	
87	265	
216	233	
208	27	
97	103	
97	100	
87	261	
217	224	
204	74	
4	163	
9	103	
9	102	
5	155	
212	216	
200	50	
200	51	
5	151	
147	159	
6	136	
138	297	
200	47	
138	296	
6	138	
1	197	
138	299	
148	139	
143	199	
139	284	
202	21	
201	38	
98	165	
210	231	
202	24	
1	199	
98	161	
6	139	
146	162	
145	177	
97	176	
3	167	
146	174	
204	11	
147	161	
211	237	
4	153	
99	142	
146	178	
147	162	
3	166	
5	146	
5	145	
213	214	
201	51	
4	157	
149	132	
213	208	
201	44	
149	133	
0	195	
95	188	
3	160	
145	183	
3	162	
210	244	
6	129	
1	188	
1	187	
97	167	
97	165	
210	248	
4	141	
204	21	
99	136	
211	245	
146	188	
212	232	
94	191	
213	221	
200	76	
99	137	
209	313	
200	78	
99	138	
148	158	
1	174	
201	56	
149	147	
1	171	
214	208	
202	46	
146	180	
202	47	
2	166	
210	255	
210	258	
3	146	
89	284	
212	241	
147	183	
146	199	
98	138	
93	197	
88	298	
204	34	
212	242	
3	141	
99	121	
200	81	
4	138	
148	175	
89	288	
205	28	
214	220	
200	88	
99	126	
149	162	
214	222	
201	74	
6	103	
0	177	
6	102	
214	213	
209	314	
214	217	
220	103	
95	167	
203	40	
220	104	
215	207	
203	45	
97	142	
204	30	
228	105	
146	1	
146	3	
218	268	
146	5	
224	157	
130	312	
225	144	
130	305	
208	73	
221	183	
226	126	
221	188	
8	157	
228	100	
227	116	
227	119	
223	175	
9	139	
4	198	
229	101	
223	176	
219	263	
224	165	
4	193	
225	151	
219	268	
208	90	
208	93	
147	8	
131	300	
7	155	
90	1	
208	86	
208	88	
216	295	
222	181	
217	282	
209	74	
227	121	
221	196	
8	144	
99	183	
226	139	
8	147	
222	184	
98	194	
222	187	
227	127	
223	170	
228	113	
4	185	
224	170	
219	270	
228	129	
5	170	
9	122	
8	138	
99	175	
219	275	
3	196	
219	274	
99	173	
219	276	
229	118	
219	278	
225	164	
148	1	
208	94	
208	96	
6	154	
209	83	
98	183	
7	145	
218	282	
3	190	
97	198	
99	168	
224	181	
99	169	
219	284	
8	126	
99	165	
9	113	
98	179	
225	175	
9	119	
209	97	
218	290	
3	181	
98	174	
223	191	
223	193	
218	294	
2	196	
97	186	
223	195	
218	223	
218	224	
212	299	
205	77	
213	285	
214	274	
206	65	
224	113	
223	129	
224	108	
0	3	
208	32	
94	6	
220	158	
208	36	
208	38	
9	185	
209	24	
204	86	
223	131	
222	148	
9	177	
9	179	
206	73	
213	299	
213	298	
206	75	
94	4	
94	0	
207	55	
7	196	
207	58	
220	166	
215	267	
9	172	
221	154	
217	241	
8	185	
222	143	
209	36	
218	230	
209	37	
9	170	
144	8	
205	94	
223	144	
223	146	
9	165	
93	8	
214	294	
224	133	
214	293	
224	135	
93	5	
220	173	
215	274	
226	101	
215	279	
222	150	
208	58	
222	152	
216	269	
217	254	
92	5	
223	152	
218	253	
145	5	
92	6	
218	255	
145	7	
218	258	
223	156	
224	143	
224	145	
207	81	
207	82	
206	98	
220	191	
225	132	
226	110	
220	187	
226	116	
209	52	
226	115	
222	161	
226	117	
9	153	
8	169	
9	152	
222	165	
218	250	
217	265	
222	167	
121	75	
126	17	
121	77	
81	200	
140	113	
130	275	
141	101	
141	103	
123	54	
135	219	
123	56	
81	207	
124	38	
124	39	
75	313	
133	236	
75	310	
125	29	
120	89	
121	73	
71	16	
134	235	
122	73	
130	284	
80	203	
135	224	
130	283	
130	286	
122	77	
140	129	
141	115	
131	266	
124	44	
131	268	
132	255	
133	241	
125	32	
120	92	
126	21	
120	98	
134	245	
134	248	
127	24	
121	99	
122	84	
128	10	
74	309	
127	29	
141	120	
131	280	
136	219	
132	261	
142	104	
142	106	
137	206	
126	31	
134	242	
121	95	
200	300	
134	259	
134	258	
122	95	
128	20	
135	244	
136	230	
141	131	
129	11	
141	136	
124	71	
123	87	
89	1	
137	220	
129	13	
142	122	
129	14	
136	239	
132	273	
124	66	
138	203	
125	58	
143	108	
126	45	
126	46	
82	232	
73	39	
74	22	
122	20	
122	21	
122	22	
121	38	
122	24	
83	222	
70	76	
130	232	
130	235	
83	220	
82	236	
83	221	
74	26	
130	237	
122	28	
79	306	
84	203	
72	41	
83	219	
131	215	
70	69	
83	216	
73	31	
218	182	
218	186	
79	309	
218	185	
74	12	
219	183	
218	199	
133	206	
218	198	
121	44	
121	45	
81	233	
73	23	
81	232	
82	229	
78	314	
70	62	
82	227	
82	228	
130	245	
122	39	
130	247	
131	231	
130	239	
131	223	
123	16	
71	46	
123	17	
83	209	
132	211	
120	52	
210	3	
132	219	
80	241	
128	306	
211	3	
134	201	
219	196	
133	219	
129	307	
72	29	
134	205	
121	59	
78	302	
82	214	
77	313	
123	26	
123	29	
70	47	
132	225	
80	230	
133	213	
211	1	
133	215	
120	67	
72	22	
121	63	
81	215	
121	65	
134	219	
140	102	
135	202	
76	311	
82	207	
122	56	
212	7	
140	106	
122	57	
135	206	
131	254	
71	22	
132	232	
72	13	
80	221	
120	74	
72	15	
133	224	
71	28	
129	311	
72	11	
140	194	
75	50	
92	115	
88	200	
141	183	
128	75	
86	229	
145	139	
146	126	
142	171	
137	272	
147	112	
76	43	
137	273	
88	208	
200	11	
143	161	
87	219	
200	13	
85	233	
137	268	
85	234	
203	312	
78	10	
72	85	
85	230	
71	94	
83	259	
72	81	
86	225	
204	305	
87	210	
139	247	
127	81	
74	61	
140	191	
126	99	
72	87	
204	309	
77	29	
86	220	
145	147	
128	83	
74	55	
210	209	
74	51	
147	121	
141	196	
146	137	
86	216	
81	276	
147	123	
129	75	
129	76	
142	183	
137	284	
84	240	
129	78	
92	109	
148	110	
137	286	
75	43	
200	22	
75	46	
138	272	
82	268	
200	24	
85	222	
148	103	
143	162	
84	239	
72	71	
85	220	
84	237	
71	83	
84	232	
71	86	
139	253	
76	26	
204	313	
81	274	
73	63	
139	258	
205	301	
127	94	
127	95	
81	270	
77	16	
72	75	
210	202	
82	254	
210	218	
128	94	
91	108	
82	252	
75	31	
74	47	
70	90	
211	204	
128	96	
129	80	
129	81	
86	208	
129	83	
91	104	
74	43	
146	147	
73	58	
129	87	
76	23	
137	295	
137	298	
82	256	
200	34	
83	241	
138	274	
201	10	
139	260	
138	276	
144	162	
139	263	
143	177	
71	72	
144	164	
84	221	
90	118	
86	204	
72	68	
205	310	
149	109	
139	269	
90	117	
84	229	
74	33	
82	241	
75	20	
212	201	
82	240	
81	253	
147	145	
129	96	
70	87	
207	308	
148	130	
147	146	
83	234	
76	11	
147	149	
74	38	
75	23	
200	46	
149	110	
139	270	
84	216	
71	66	
72	52	
200	39	
83	228	
71	62	
70	78	
149	113	
139	275	
201	27	
144	177	
73	42	
139	277	
73	41	
73	43	
210	222	
84	218	
80	261	
72	56	
145	166	
90	102	
139	209	
134	268	
139	208	
93	143	
88	241	
140	154	
88	242	
123	92	
88	240	
95	121	
136	245	
124	82	
136	247	
93	149	
76	82	
142	133	
129	25	
88	248	
76	84	
0	123	
141	139	
125	60	
125	61	
77	69	
137	229	
95	113	
84	289	
142	127	
95	111	
94	127	
94	128	
89	229	
126	51	
87	253	
78	59	
216	3	
143	118	
86	267	
1	116	
126	55	
96	105	
86	265	
216	6	
127	41	
144	118	
145	102	
75	83	
127	56	
76	70	
92	148	
75	85	
217	8	
83	290	
201	310	
75	81	
89	226	
140	169	
128	47	
201	314	
129	33	
77	61	
202	303	
88	239	
84	282	
75	87	
137	244	
124	96	
95	106	
78	41	
85	267	
143	120	
125	76	
90	160	
134	270	
79	32	
1	105	
126	65	
92	140	
86	257	
144	114	
0	118	
127	52	
85	268	
78	47	
74	90	
139	217	
75	72	
128	51	
140	176	
140	179	
92	132	
87	233	
141	162	
146	105	
94	115	
136	268	
137	251	
83	289	
129	46	
89	212	
93	125	
137	247	
125	82	
90	155	
73	91	
133	294	
125	86	
94	106	
84	266	
78	38	
73	96	
127	61	
139	226	
134	285	
0	107	
73	95	
86	242	
82	287	
140	186	
141	170	
82	285	
74	79	
136	273	
92	123	
146	112	
135	288	
79	14	
87	222	
129	51	
81	298	
76	54	
141	175	
75	69	
83	277	
75	65	
129	58	
203	311	
142	165	
76	51	
77	35	
90	143	
142	156	
125	93	
85	245	
72	93	
84	257	
203	307	
79	11	
92	120	
79	10	
144	135	
77	39	
126	89	
135	283	
207	231	
207	233	
88	164	
88	165	
208	221	
203	280	
209	210	
208	226	
204	272	
214	104	
213	119	
204	269	
87	177	
205	258	
205	257	
211	142	
211	144	
211	157	
207	242	
211	159	
203	291	
213	133	
89	147	
203	296	
209	216	
204	275	
215	103	
88	150	
205	266	
133	2	
134	3	
79	291	
213	141	
212	156	
207	259	
204	291	
85	180	
84	196	
209	236	
79	293	
85	178	
214	125	
204	288	
210	172	
215	116	
210	174	
87	154	
87	155	
206	263	
206	268	
207	252	
88	135	
89	120	
78	296	
212	166	
207	267	
88	134	
83	190	
87	147	
78	291	
212	168	
213	153	
213	156	
89	126	
214	145	
204	297	
215	120	
209	237	
86	150	
209	239	
85	164	
215	124	
205	284	
79	278	
215	126	
69	93	
217	100	
211	178	
200	278	
81	1	
211	107	
211	109	
202	254	
137	196	
81	8	
204	224	
204	226	
139	167	
204	227	
210	117	
211	114	
201	275	
88	198	
80	8	
138	194	
203	254	
138	196	
89	187	
203	256	
138	195	
204	231	
138	189	
203	249	
200	280	
139	176	
205	220	
88	191	
211	110	
210	126	
200	288	
89	175	
202	271	
201	289	
201	288	
202	272	
207	216	
88	185	
207	215	
202	276	
203	263	
213	102	
212	118	
207	219	
203	265	
139	191	
87	191	
210	130	
87	197	
87	195	
88	178	
212	124	
201	299	
212	126	
208	213	
212	129	
208	214	
202	289	
209	202	
208	218	
213	108	
139	194	
204	257	
204	256	
210	142	
204	259	
87	187	
211	132	
201	291	
217	159	
219	132	
219	134	
214	193	
219	133	
214	192	
219	136	
219	135	
214	199	
215	183	
209	299	
216	161	
216	163	
139	2	
139	6	
139	9	
120	13	
218	156	
219	144	
215	190	
125	300	
215	194	
216	180	
215	196	
216	179	
121	10	
219	152	
130	210	
216	183	
215	199	
216	186	
216	187	
217	176	
82	2	
121	22	
219	165	
121	24	
122	10	
122	11	
121	29	
126	301	
217	181	
126	308	
126	307	
216	198	
131	209	
131	208	
217	189	
217	188	
207	276	
208	263	
207	279	
72	312	
218	108	
136	6	
214	157	
214	156	
209	249	
215	131	
120	301	
215	133	
214	149	
216	122	
206	282	
120	308	
216	124	
216	123	
217	110	
211	185	
211	186	
207	273	
218	111	
71	310	
217	126	
87	9	
218	112	
218	117	
218	116	
218	119	
209	267	
71	314	
71	312	
214	167	
215	143	
120	312	
121	307	
212	182	
212	181	
213	180	
212	196	
213	183	
217	139	
218	125	
213	184	
209	274	
218	129	
219	118	
71	303	
71	301	
209	279	
216	142	
86	0	
207	296	
70	304	
214	185	
214	188	
85	3	
138	4	
138	6	
138	8	
213	190	
239	259	
239	258	
227	94	
310	201	
228	82	
241	191	
228	83	
227	99	
310	205	
236	297	
241	198	
247	123	
151	307	
229	67	
247	119	
238	266	
166	2	
244	151	
166	3	
300	19	
245	153	
167	3	
245	152	
306	300	
310	213	
228	93	
311	203	
246	143	
151	311	
151	313	
229	82	
247	130	
229	84	
229	86	
229	77	
300	21	
247	128	
243	171	
242	186	
237	287	
249	102	
244	161	
300	28	
249	103	
301	14	
311	210	
168	0	
310	229	
310	228	
246	155	
247	142	
307	301	
247	144	
152	311	
312	203	
247	145	
300	40	
247	137	
247	136	
237	296	
229	89	
247	139	
300	34	
248	126	
244	172	
238	289	
245	160	
302	14	
311	221	
169	0	
311	223	
9	96	
312	213	
312	211	
308	301	
312	217	
169	8	
247	148	
229	99	
248	134	
238	294	
243	192	
239	280	
244	180	
238	297	
300	48	
239	284	
249	123	
249	127	
302	22	
244	188	
234	273	
240	161	
244	117	
301	312	
235	268	
241	150	
235	267	
163	4	
241	155	
228	48	
301	308	
301	307	
242	134	
237	235	
229	28	
238	225	
243	123	
243	128	
238	229	
234	272	
244	124	
234	284	
245	114	
245	117	
241	160	
227	69	
228	53	
236	265	
164	0	
246	106	
236	258	
224	94	
242	142	
237	243	
229	36	
224	96	
237	245	
224	97	
238	231	
233	295	
225	86	
238	235	
226	73	
233	299	
238	239	
244	135	
239	236	
226	89	
235	282	
245	121	
244	137	
239	238	
228	62	
227	78	
236	271	
245	129	
241	174	
228	68	
236	269	
229	45	
225	91	
229	49	
243	142	
243	141	
303	301	
242	159	
243	146	
234	290	
240	190	
227	82	
245	130	
235	290	
245	134	
240	195	
245	136	
229	61	
242	170	
246	129	
303	310	
238	251	
304	301	
243	154	
243	156	
239	241	
226	93	
165	9	
161	222	
312	264	
153	19	
312	261	
311	278	
248	192	
305	43	
313	255	
158	305	
301	91	
301	90	
305	38	
300	97	
150	47	
301	84	
313	247	
150	49	
310	280	
301	85	
152	20	
306	28	
152	21	
314	238	
152	24	
302	78	
308	19	
312	274	
154	14	
312	272	
311	288	
150	60	
305	55	
158	313	
306	42	
158	307	
248	197	
240	9	
150	58	
163	207	
151	43	
160	241	
308	10	
307	26	
303	71	
310	293	
307	27	
160	245	
161	231	
311	280	
310	296	
161	244	
162	230	
312	285	
309	17	
305	60	
312	286	
154	27	
162	235	
155	12	
155	17	
150	77	
305	69	
164	201	
163	216	
159	301	
306	44	
249	197	
152	42	
307	37	
303	80	
164	208	
303	82	
153	30	
307	38	
161	240	
152	47	
152	48	
309	11	
304	70	
304	84	
304	87	
154	36	
163	230	
155	24	
313	288	
306	63	
150	86	
155	28	
150	88	
151	62	
314	265	
307	40	
151	64	
313	279	
307	42	
242	1	
307	43	
306	59	
242	4	
170	103	
170	102	
242	7	
303	95	
170	106	
152	59	
308	35	
309	22	
246	170	
311	232	
303	24	
311	235	
311	233	
304	12	
246	177	
247	163	
312	222	
300	61	
247	168	
313	204	
153	310	
300	55	
313	209	
300	59	
239	294	
154	302	
239	296	
245	182	
245	184	
154	309	
310	242	
310	256	
246	185	
246	187	
247	172	
150	21	
313	215	
150	15	
150	17	
314	201	
155	302	
314	209	
302	46	
310	269	
246	193	
161	201	
156	302	
311	257	
304	31	
156	306	
156	309	
305	24	
300	83	
300	84	
150	23	
305	17	
249	150	
249	153	
248	169	
249	152	
313	229	
314	218	
302	52	
301	67	
151	17	
310	266	
303	41	
302	57	
156	311	
160	228	
304	43	
311	269	
162	201	
161	216	
313	240	
305	31	
162	205	
150	41	
305	35	
248	182	
301	71	
314	222	
302	61	
249	167	
306	19	
314	228	
152	14	
310	276	
0	68	
97	31	
95	57	
162	178	
95	58	
2	43	
168	106	
220	17	
159	252	
168	108	
93	82	
163	166	
97	38	
9	306	
1	55	
168	109	
159	255	
314	197	
97	29	
93	72	
155	296	
147	87	
3	23	
160	194	
8	310	
166	122	
147	89	
95	53	
95	52	
148	75	
161	184	
149	62	
0	57	
1	41	
167	124	
158	270	
168	110	
8	302	
163	171	
8	305	
221	12	
169	100	
98	12	
169	107	
230	201	
165	142	
94	51	
2	25	
147	96	
166	131	
156	291	
225	309	
161	191	
156	292	
166	135	
156	297	
149	72	
93	69	
7	313	
162	181	
0	45	
162	195	
0	46	
0	47	
96	25	
91	84	
162	196	
162	199	
163	182	
167	139	
220	36	
0	43	
90	95	
221	24	
97	17	
222	12	
169	118	
164	167	
94	40	
93	51	
148	92	
230	218	
231	201	
231	204	
226	307	
166	145	
231	207	
166	149	
168	131	
163	192	
91	73	
163	194	
0	32	
220	48	
90	84	
158	299	
92	63	
168	138	
91	78	
92	64	
96	15	
96	18	
230	225	
222	16	
166	151	
231	210	
5	314	
165	168	
166	157	
149	93	
90	80	
166	159	
312	182	
148	38	
161	147	
312	180	
2	82	
149	24	
5	48	
162	133	
96	85	
152	292	
144	85	
158	220	
149	28	
8	12	
3	71	
153	281	
162	136	
157	237	
152	296	
313	175	
3	74	
157	239	
152	298	
312	189	
309	263	
308	279	
146	61	
7	26	
158	228	
146	62	
314	160	
159	211	
154	270	
145	79	
314	161	
146	54	
4	54	
95	90	
154	266	
154	265	
160	151	
99	44	
309	258	
164	107	
148	30	
221	300	
143	90	
1	90	
4	56	
143	93	
306	296	
160	159	
161	143	
221	303	
156	243	
155	259	
148	48	
96	78	
7	10	
148	49	
161	155	
156	256	
97	64	
162	141	
162	144	
313	181	
307	298	
0	97	
1	81	
162	143	
96	73	
162	146	
158	231	
149	39	
145	82	
7	17	
163	132	
2	77	
162	147	
7	19	
312	199	
162	149	
313	184	
6	29	
2	72	
97	66	
1	89	
163	135	
164	122	
313	187	
314	171	
308	288	
98	51	
314	172	
308	289	
164	113	
237	1	
146	67	
99	36	
146	69	
159	217	
3	56	
154	278	
148	40	
237	9	
221	311	
0	94	
222	312	
166	108	
97	51	
156	267	
308	290	
222	314	
1	76	
149	46	
6	10	
96	63	
0	86	
149	49	
1	72	
162	156	
3	50	
154	291	
314	184	
309	285	
2	62	
146	83	
2	63	
2	64	
154	292	
314	183	
309	284	
164	124	
98	39	
93	98	
3	49	
160	170	
238	0	
147	65	
155	274	
98	38	
147	66	
98	37	
165	118	
5	25	
160	176	
155	277	
238	7	
155	279	
95	73	
9	312	
96	57	
223	311	
157	267	
0	75	
157	269	
97	48	
98	31	
309	293	
98	34	
97	44	
159	242	
164	144	
97	46	
97	45	
164	135	
164	134	
98	28	
94	71	
314	189	
99	15	
309	287	
154	296	
309	288	
4	27	
160	186	
5	12	
165	129	
160	188	
161	172	
161	174	
148	66	
95	60	
239	2	
166	114	
167	101	
233	246	
221	80	
168	186	
220	98	
8	50	
220	99	
221	83	
221	84	
6	78	
7	63	
230	281	
240	120	
227	14	
169	177	
8	58	
227	16	
222	75	
8	52	
230	286	
241	101	
240	117	
4	97	
223	55	
9	39	
313	7	
236	209	
4	94	
167	191	
224	45	
220	90	
6	75	
167	195	
233	244	
220	94	
221	95	
6	66	
226	38	
7	52	
235	233	
222	83	
228	10	
222	85	
8	47	
236	221	
235	237	
222	87	
8	41	
228	13	
98	93	
99	80	
241	121	
236	222	
235	238	
237	200	
241	114	
236	215	
231	274	
224	52	
231	276	
9	23	
242	103	
99	76	
314	5	
5	77	
5	78	
233	251	
232	269	
237	209	
225	45	
5	74	
168	192	
160	3	
98	81	
243	109	
234	253	
227	30	
300	301	
169	198	
7	41	
240	142	
300	306	
3	95	
98	89	
240	144	
240	146	
241	133	
236	233	
228	26	
229	10	
228	17	
237	211	
4	76	
231	285	
224	63	
223	79	
8	27	
241	127	
8	29	
9	13	
224	69	
6	52	
5	69	
5	62	
5	63	
243	106	
244	103	
243	119	
244	105	
7	33	
244	104	
227	43	
6	44	
239	209	
234	268	
7	30	
162	3	
99	60	
301	300	
3	85	
99	61	
301	304	
241	141	
97	87	
228	36	
8	21	
228	37	
301	303	
229	12	
232	281	
4	66	
236	239	
224	75	
8	17	
4	60	
242	125	
237	226	
232	285	
4	61	
237	229	
226	51	
233	201	
8	93	
310	8	
233	207	
169	131	
159	294	
9	87	
8	96	
165	176	
165	177	
166	163	
231	226	
232	212	
167	152	
166	167	
167	156	
232	215	
228	300	
228	314	
8	81	
168	153	
232	228	
168	152	
233	216	
169	140	
221	53	
168	159	
311	5	
8	80	
168	158	
230	250	
222	38	
166	173	
165	188	
166	175	
223	27	
9	69	
223	29	
231	238	
228	310	
167	164	
224	18	
167	166	
220	74	
225	15	
167	179	
221	60	
229	310	
168	165	
220	78	
229	313	
169	151	
312	0	
234	216	
234	215	
9	61	
9	59	
166	181	
166	183	
9	58	
166	185	
6	94	
231	247	
166	187	
232	233	
224	27	
6	92	
233	221	
233	235	
220	85	
220	86	
8	60	
225	28	
233	236	
221	72	
8	62	
168	176	
226	17	
8	69	
235	215	
8	64	
236	200	
9	48	
5	92	
312	9	
5	93	
9	44	
223	47	
232	241	
231	259	
224	35	
224	37	
220	83	
5	97	
232	248	
233	232	
229	299	
301	239	
237	157	
303	202	
239	130	
143	313	
234	190	
239	136	
234	195	
301	240	
145	309	
236	189	
239	140	
238	156	
239	144	
235	190	
239	147	
141	19	
145	314	
305	204	
300	263	
310	108	
236	193	
310	106	
236	192	
151	203	
146	305	
146	308	
302	242	
301	258	
303	221	
237	175	
238	166	
304	213	
239	157	
150	222	
310	115	
300	276	
310	119	
237	190	
237	191	
147	300	
301	266	
302	255	
147	305	
303	230	
238	172	
303	231	
238	175	
303	237	
140	36	
142	10	
305	213	
239	169	
142	11	
141	27	
305	211	
300	270	
234	152	
229	256	
300	200	
236	133	
218	84	
219	61	
232	171	
226	289	
219	66	
227	276	
238	102	
232	178	
156	0	
238	108	
156	1	
228	267	
239	104	
235	150	
157	0	
234	168	
157	4	
157	8	
218	94	
301	205	
237	130	
141	314	
141	307	
219	77	
232	185	
228	270	
219	79	
227	289	
237	128	
233	171	
300	221	
235	162	
234	178	
229	279	
300	228	
301	210	
219	90	
236	148	
219	83	
236	147	
232	190	
236	149	
219	87	
142	305	
232	198	
91	301	
228	286	
228	285	
233	187	
239	114	
300	232	
236	164	
233	190	
233	192	
239	123	
90	301	
142	68	
311	152	
310	168	
233	6	
156	203	
161	105	
233	8	
144	41	
143	58	
311	156	
307	241	
306	258	
152	253	
161	108	
156	209	
90	39	
312	147	
144	46	
307	246	
140	92	
303	295	
152	259	
91	21	
313	133	
152	249	
145	27	
95	313	
309	211	
309	216	
154	221	
309	217	
96	305	
96	306	
310	161	
311	151	
305	265	
310	165	
160	128	
156	213	
142	79	
90	21	
156	212	
155	228	
90	20	
161	114	
90	23	
156	214	
311	169	
234	3	
307	255	
162	101	
157	202	
156	218	
306	269	
162	106	
145	42	
313	143	
153	245	
145	36	
95	304	
0	312	
308	237	
95	303	
153	249	
309	225	
147	11	
1	302	
147	12	
305	274	
1	301	
311	161	
160	125	
143	62	
310	176	
150	299	
148	15	
156	223	
312	161	
152	271	
148	19	
151	286	
157	211	
157	214	
306	279	
161	128	
156	229	
145	51	
94	313	
90	17	
158	202	
162	116	
313	151	
163	103	
158	204	
90	14	
314	141	
235	7	
308	255	
146	41	
158	205	
308	256	
314	133	
145	48	
304	294	
141	94	
154	243	
0	306	
310	183	
160	135	
306	274	
143	72	
307	272	
93	310	
162	120	
144	71	
161	135	
149	14	
156	238	
162	121	
151	297	
157	224	
162	126	
313	163	
312	179	
153	272	
152	288	
145	63	
308	262	
145	64	
309	253	
236	2	
154	260	
93	311	
309	250	
146	42	
146	43	
314	145	
154	253	
146	44	
313	158	
147	31	
146	47	
310	192	
155	241	
93	308	
142	97	
155	246	
161	132	
142	99	
306	283	
0	24	
99	312	
150	235	
143	12	
143	13	
311	115	
90	74	
1	15	
151	225	
307	203	
1	16	
5	311	
151	227	
147	312	
143	18	
302	260	
91	64	
302	265	
5	306	
147	307	
5	308	
239	170	
140	44	
304	231	
303	245	
90	70	
95	10	
304	234	
304	239	
150	230	
300	298	
151	230	
142	39	
90	61	
307	210	
90	60	
143	25	
90	63	
310	139	
150	249	
91	57	
311	129	
143	28	
152	222	
144	13	
99	306	
144	14	
303	261	
152	223	
90	68	
312	118	
91	55	
302	275	
313	100	
148	302	
152	219	
312	109	
239	181	
140	55	
92	34	
140	56	
238	199	
93	20	
230	9	
239	185	
148	309	
304	245	
310	134	
93	28	
150	241	
150	255	
305	248	
312	120	
311	136	
150	258	
301	297	
151	244	
144	21	
307	226	
91	47	
152	234	
308	214	
91	44	
308	207	
231	0	
153	213	
304	253	
313	107	
231	4	
239	197	
142	41	
150	250	
93	17	
232	8	
160	106	
232	9	
143	43	
306	242	
302	291	
143	47	
312	130	
306	247	
3	308	
307	237	
303	280	
92	21	
92	20	
145	21	
90	47	
152	245	
307	238	
90	48	
303	274	
145	18	
92	14	
303	278	
153	228	
309	204	
141	67	
97	300	
232	3	
141	68	
310	153	
232	7	
143	40	
4	242	
87	70	
222	214	
85	96	
3	251	
223	203	
157	158	
0	291	
309	182	
96	270	
87	75	
159	131	
88	62	
87	77	
4	244	
95	281	
87	72	
158	148	
309	187	
154	194	
4	245	
0	287	
88	59	
155	170	
0	284	
87	69	
7	207	
98	240	
156	162	
2	260	
1	275	
6	216	
217	312	
1	278	
156	167	
222	210	
89	46	
4	231	
157	166	
93	297	
214	19	
158	151	
99	220	
93	295	
3	243	
98	233	
97	249	
86	71	
218	314	
93	293	
223	216	
301	1	
223	218	
99	229	
210	69	
158	157	
224	204	
99	227	
211	55	
3	248	
86	79	
0	276	
212	33	
84	91	
6	203	
84	90	
212	37	
156	170	
88	44	
212	38	
93	290	
220	247	
155	187	
221	233	
214	10	
221	236	
96	258	
89	35	
3	234	
99	213	
210	71	
222	236	
94	270	
223	225	
3	232	
85	75	
210	78	
159	150	
0	271	
158	168	
95	262	
99	216	
94	275	
302	1	
224	217	
220	260	
0	265	
159	147	
88	34	
5	209	
96	242	
95	259	
213	30	
0	262	
212	47	
155	194	
212	48	
221	240	
87	48	
155	199	
98	220	
97	236	
1	257	
92	296	
213	36	
85	72	
2	243	
89	28	
221	247	
89	23	
221	249	
2	239	
94	260	
215	22	
94	261	
93	274	
99	200	
93	273	
159	160	
158	176	
210	87	
2	236	
98	212	
211	73	
211	75	
94	267	
159	166	
94	264	
224	228	
159	168	
220	270	
225	202	
224	218	
89	10	
91	291	
88	20	
96	230	
302	8	
220	267	
0	252	
156	191	
87	37	
1	247	
221	253	
221	256	
1	249	
157	180	
213	48	
97	224	
92	283	
85	60	
84	76	
0	258	
1	242	
89	11	
222	244	
89	14	
96	236	
89	13	
99	278	
138	78	
4	285	
146	286	
99	274	
148	261	
152	178	
6	261	
5	277	
148	262	
4	288	
148	267	
210	18	
6	257	
154	140	
6	259	
7	242	
214	308	
136	99	
8	233	
3	292	
8	232	
3	294	
7	245	
97	298	
150	195	
7	247	
138	74	
150	198	
156	122	
151	181	
146	282	
151	195	
139	72	
146	298	
157	121	
156	137	
8	226	
151	199	
157	124	
308	161	
4	271	
98	277	
148	272	
139	79	
309	154	
210	28	
99	269	
6	246	
153	168	
96	299	
154	151	
7	232	
149	255	
309	145	
309	148	
7	238	
305	197	
8	224	
137	97	
220	205	
137	99	
156	131	
146	294	
97	285	
7	235	
157	131	
138	98	
138	99	
307	185	
99	254	
221	208	
216	309	
98	268	
8	217	
98	267	
87	97	
154	170	
309	165	
158	129	
153	188	
158	128	
159	104	
89	63	
211	15	
1	293	
2	280	
96	287	
309	156	
159	108	
6	233	
215	313	
220	214	
221	201	
220	216	
3	271	
306	196	
1	297	
156	142	
97	277	
3	268	
3	263	
99	241	
307	199	
3	262	
2	278	
217	309	
308	181	
210	43	
3	264	
307	198	
5	243	
210	45	
95	294	
308	185	
154	181	
148	298	
87	82	
309	174	
6	224	
159	115	
88	68	
6	226	
1	285	
154	175	
309	167	
155	161	
220	226	
156	150	
212	19	
3	260	
7	212	
221	213	
6	227	
97	263	
96	279	
224	271	
229	214	
223	289	
229	215	
224	277	
230	162	
225	262	
230	163	
226	251	
7	284	
218	35	
152	9	
8	270	
7	281	
218	39	
214	82	
6	299	
232	130	
222	290	
213	99	
219	25	
232	132	
8	276	
228	224	
8	275	
216	72	
224	282	
217	62	
234	128	
234	127	
230	170	
308	3	
231	161	
308	5	
230	167	
153	4	
214	90	
232	140	
6	286	
231	158	
232	142	
6	288	
153	9	
214	95	
215	81	
8	268	
8	262	
228	232	
8	264	
7	279	
216	83	
224	293	
216	84	
9	248	
216	86	
8	259	
217	71	
230	180	
229	238	
235	120	
229	237	
5	299	
235	129	
230	187	
218	65	
236	106	
219	41	
219	42	
236	108	
231	167	
6	274	
7	261	
7	260	
215	91	
154	6	
9	240	
228	246	
4	295	
229	244	
9	237	
235	130	
234	146	
225	290	
9	232	
8	248	
4	290	
216	99	
98	299	
234	147	
235	134	
226	280	
6	273	
5	282	
231	174	
219	50	
89	98	
236	116	
226	276	
226	279	
219	54	
219	55	
232	164	
6	265	
8	243	
155	1	
9	230	
155	5	
7	257	
155	7	
210	92	
216	25	
220	280	
225	223	
220	282	
212	73	
159	179	
220	272	
213	50	
231	100	
226	204	
231	107	
226	208	
222	268	
222	269	
223	256	
9	298	
216	33	
224	244	
225	230	
217	21	
211	97	
217	23	
218	10	
220	283	
221	272	
230	127	
213	64	
220	289	
231	115	
214	53	
9	290	
227	204	
215	40	
214	56	
233	102	
222	278	
233	105	
305	8	
233	104	
215	58	
233	106	
224	250	
223	269	
151	5	
230	142	
225	243	
226	220	
217	28	
225	238	
230	136	
212	89	
218	15	
221	282	
220	298	
231	124	
221	284	
9	283	
8	299	
232	114	
306	0	
234	100	
216	51	
215	67	
229	203	
224	262	
306	5	
216	55	
223	279	
216	56	
306	9	
234	108	
230	151	
234	107	
230	150	
234	109	
226	231	
8	280	
225	246	
212	98	
231	131	
8	281	
214	70	
226	237	
222	282	
9	272	
221	297	
8	287	
232	124	
214	75	
223	272	
222	288	
214	79	
247	17	
260	124	
250	284	
260	127	
250	287	
243	63	
251	273	
243	64	
262	101	
251	277	
251	276	
257	201	
257	204	
252	263	
252	265	
257	205	
240	95	
241	80	
241	82	
240	98	
241	83	
188	189	
189	173	
260	121	
242	72	
241	88	
250	280	
189	177	
242	86	
256	221	
242	88	
256	223	
261	124	
248	16	
260	139	
243	76	
251	286	
261	128	
256	229	
244	64	
244	65	
252	273	
258	201	
252	267	
252	268	
246	30	
241	91	
188	196	
254	243	
247	20	
189	187	
241	99	
189	188	
242	96	
260	146	
261	132	
251	294	
249	13	
251	297	
252	280	
249	14	
252	282	
244	76	
258	210	
263	102	
258	205	
246	40	
189	190	
189	192	
189	191	
181	3	
254	256	
242	91	
189	198	
254	257	
260	140	
242	95	
255	257	
248	33	
256	246	
261	148	
252	292	
252	295	
249	29	
244	89	
252	297	
245	74	
263	117	
258	218	
259	204	
247	41	
259	207	
254	269	
247	44	
260	154	
241	46	
189	136	
189	135	
189	138	
185	180	
242	35	
242	37	
250	246	
251	233	
186	173	
243	26	
244	10	
247	313	
252	212	
186	168	
187	155	
240	53	
248	305	
188	146	
179	290	
240	57	
184	190	
188	149	
184	192	
242	43	
243	31	
185	195	
185	198	
186	183	
243	38	
186	187	
251	238	
244	17	
240	60	
240	61	
240	62	
187	166	
188	153	
240	64	
254	200	
254	203	
253	218	
254	202	
254	217	
260	105	
260	107	
250	267	
244	33	
252	243	
186	199	
186	198	
187	173	
244	27	
188	160	
245	13	
253	221	
241	61	
188	165	
241	63	
241	64	
242	51	
241	79	
242	67	
260	115	
256	203	
255	218	
256	204	
250	279	
244	41	
244	36	
244	37	
240	82	
187	186	
187	189	
240	84	
253	234	
246	11	
241	71	
240	88	
255	210	
248	88	
249	73	
257	281	
267	121	
171	305	
256	299	
263	170	
257	289	
268	115	
268	109	
259	256	
247	92	
247	94	
265	146	
265	145	
266	131	
171	301	
262	190	
171	314	
249	89	
263	182	
258	282	
259	271	
263	178	
187	1	
264	169	
259	269	
265	154	
266	142	
249	97	
172	314	
267	148	
263	191	
258	292	
268	131	
268	134	
269	120	
268	136	
269	121	
268	137	
263	198	
264	173	
188	1	
265	168	
266	154	
267	157	
267	156	
268	144	
174	300	
269	128	
265	171	
259	287	
265	170	
265	174	
265	179	
265	178	
260	167	
248	43	
256	254	
249	32	
256	259	
249	38	
262	148	
245	85	
252	299	
263	128	
246	64	
259	214	
264	115	
255	261	
247	55	
264	119	
248	41	
255	278	
248	56	
256	264	
249	41	
248	58	
249	42	
266	109	
261	168	
257	255	
257	254	
249	47	
249	48	
258	236	
246	72	
246	73	
263	139	
258	239	
260	176	
255	277	
247	69	
266	114	
248	66	
249	52	
262	161	
266	117	
257	261	
267	104	
266	119	
257	267	
185	4	
246	90	
259	231	
260	181	
259	239	
255	281	
260	183	
255	288	
261	184	
266	124	
249	62	
248	79	
266	129	
266	128	
261	189	
267	116	
258	263	
262	177	
263	161	
257	278	
259	241	
185	8	
185	9	
259	243	
255	293	
260	194	
266	120	
256	280	
266	123	
261	182	
260	198	
165	31	
160	90	
164	48	
165	33	
160	94	
174	231	
165	39	
161	82	
167	12	
167	13	
170	271	
162	62	
180	110	
162	65	
163	52	
181	100	
171	265	
164	42	
181	108	
182	108	
174	241	
161	93	
161	98	
175	223	
167	14	
162	74	
175	225	
162	75	
171	270	
167	19	
175	229	
171	274	
163	66	
176	217	
181	115	
182	102	
177	202	
182	117	
178	204	
172	278	
166	40	
173	264	
165	59	
240	301	
174	257	
174	259	
175	238	
171	281	
175	237	
163	74	
176	223	
171	287	
172	271	
172	270	
181	128	
164	65	
164	67	
182	127	
177	228	
173	276	
173	275	
174	265	
179	209	
184	107	
179	208	
167	44	
240	313	
175	253	
180	146	
171	290	
168	26	
181	133	
178	211	
182	125	
169	19	
165	62	
164	78	
172	285	
172	210	
258	191	
314	58	
173	202	
160	58	
311	93	
312	71	
312	72	
170	230	
161	39	
163	12	
170	239	
164	13	
314	68	
168	310	
259	192	
259	191	
251	3	
170	242	
312	88	
170	246	
162	37	
171	232	
314	60	
313	75	
314	62	
171	233	
313	77	
314	78	
173	220	
160	73	
172	238	
165	15	
174	210	
169	311	
161	62	
252	0	
174	206	
162	42	
162	43	
313	81	
162	45	
313	80	
312	99	
313	82	
163	33	
171	243	
314	71	
164	21	
313	88	
172	244	
164	36	
160	81	
172	247	
160	85	
165	27	
166	14	
166	15	
161	75	
162	60	
175	200	
180	102	
175	202	
162	55	
180	103	
170	263	
162	57	
313	94	
170	265	
313	95	
170	269	
163	46	
163	47	
178	268	
183	166	
245	304	
167	94	
245	303	
167	95	
167	97	
186	124	
176	283	
186	125	
182	174	
177	275	
178	263	
178	265	
188	119	
184	161	
179	265	
186	140	
250	218	
181	195	
187	122	
169	77	
183	170	
178	273	
188	114	
240	28	
184	172	
184	175	
250	224	
185	166	
251	212	
246	307	
169	82	
168	99	
182	193	
188	124	
178	286	
183	186	
179	271	
183	199	
250	230	
185	171	
186	160	
242	29	
185	178	
251	226	
247	306	
252	207	
188	131	
169	99	
178	294	
188	137	
241	32	
183	123	
183	127	
166	62	
166	63	
257	1	
179	216	
174	275	
184	116	
185	103	
257	6	
257	7	
167	47	
180	157	
175	258	
167	49	
175	257	
164	81	
164	82	
241	307	
169	24	
164	85	
164	88	
173	281	
165	73	
178	234	
166	70	
165	88	
258	0	
176	260	
181	151	
181	154	
169	30	
242	302	
169	36	
165	80	
183	130	
242	306	
177	246	
178	232	
183	145	
165	97	
184	131	
183	147	
174	291	
165	98	
165	99	
167	72	
185	120	
175	280	
167	78	
180	185	
175	278	
185	117	
175	277	
181	162	
180	178	
242	310	
181	166	
183	141	
165	92	
183	142	
165	95	
178	256	
166	93	
180	191	
175	292	
185	131	
186	113	
185	128	
176	275	
181	173	
169	51	
176	276	
181	178	
259	6	
186	118	
187	102	
177	262	
176	278	
259	8	
182	163	
177	266	
177	268	
238	41	
238	42	
246	250	
255	108	
312	301	
239	33	
246	256	
252	144	
247	244	
243	281	
235	76	
254	112	
249	213	
237	50	
244	274	
245	261	
236	68	
255	100	
238	55	
251	162	
174	1	
246	267	
312	314	
248	232	
247	248	
243	293	
254	120	
249	221	
236	74	
253	139	
244	286	
237	77	
250	186	
246	271	
237	78	
246	270	
257	100	
239	53	
257	105	
247	264	
247	266	
239	59	
252	159	
248	245	
254	131	
236	82	
248	247	
244	292	
245	283	
250	197	
245	297	
251	183	
250	199	
238	76	
256	125	
251	187	
239	64	
258	102	
247	278	
253	152	
252	168	
253	154	
236	93	
236	94	
254	144	
236	96	
236	97	
255	132	
237	84	
160	301	
240	282	
250	121	
237	19	
232	78	
233	59	
177	193	
234	46	
235	31	
230	90	
177	194	
234	48	
178	181	
178	180	
178	185	
243	244	
230	96	
235	37	
244	233	
232	81	
237	22	
232	82	
244	247	
232	84	
240	293	
233	70	
233	71	
245	237	
238	17	
246	225	
251	127	
246	228	
252	110	
233	69	
252	101	
243	252	
178	192	
243	254	
235	46	
178	193	
231	90	
170	5	
244	241	
170	9	
244	243	
243	259	
310	303	
250	142	
237	35	
250	144	
237	37	
233	81	
237	38	
237	39	
246	233	
245	248	
241	294	
233	85	
252	120	
233	87	
247	221	
247	220	
251	137	
247	214	
235	51	
235	52	
235	54	
236	43	
171	1	
249	209	
250	150	
237	44	
233	91	
172	9	
233	98	
247	231	
234	83	
234	85	
242	283	
243	270	
252	125	
248	210	
235	64	
254	100	
249	200	
249	203	
235	69	
254	101	
237	42	
314	10	
314	13	
256	178	
314	17	
258	150	
257	169	
160	12	
259	141	
310	67	
249	292	
311	43	
259	134	
254	193	
311	46	
255	185	
313	21	
312	36	
257	174	
310	71	
257	175	
314	29	
310	75	
160	24	
160	25	
259	152	
165	303	
165	302	
255	196	
312	47	
165	309	
166	305	
257	182	
257	185	
310	80	
314	38	
257	189	
258	175	
160	33	
310	89	
259	155	
165	310	
312	54	
256	190	
313	42	
171	203	
313	59	
258	180	
310	93	
314	49	
167	309	
258	188	
258	187	
259	174	
311	85	
160	49	
311	76	
312	63	
170	224	
170	223	
313	53	
170	229	
314	41	
160	314	
255	149	
251	193	
247	282	
161	308	
258	110	
248	270	
239	79	
310	21	
247	288	
248	272	
258	108	
314	312	
161	310	
177	9	
161	312	
255	159	
161	311	
161	314	
247	291	
239	84	
252	195	
239	88	
252	197	
248	284	
258	115	
259	100	
249	260	
253	175	
259	102	
254	163	
255	150	
249	267	
177	0	
254	165	
249	269	
249	268	
239	90	
256	156	
253	190	
258	134	
248	285	
311	20	
249	273	
259	117	
311	28	
255	167	
256	164	
179	9	
163	313	
258	139	
253	198	
254	182	
249	286	
249	289	
259	128	
312	23	
313	14	
309	79	
159	27	
173	120	
154	87	
155	75	
164	272	
155	79	
247	1	
164	273	
175	100	
174	115	
174	108	
170	154	
165	254	
170	156	
170	155	
231	303	
171	142	
153	94	
231	304	
154	80	
308	88	
167	231	
158	38	
154	81	
167	230	
309	74	
154	83	
162	291	
309	89	
163	293	
168	234	
167	249	
163	292	
155	87	
173	136	
156	73	
174	122	
156	75	
156	69	
170	160	
164	277	
175	104	
247	7	
308	93	
158	43	
309	82	
232	300	
159	33	
159	36	
168	247	
174	132	
169	239	
174	128	
157	66	
170	174	
248	3	
170	176	
175	116	
170	175	
248	8	
171	163	
248	9	
232	311	
176	109	
167	255	
155	90	
168	252	
233	311	
234	304	
157	81	
169	248	
174	146	
170	183	
175	123	
165	283	
157	76	
175	125	
249	1	
171	175	
167	260	
166	275	
172	161	
171	176	
159	54	
166	279	
243	8	
309	35	
305	80	
162	251	
304	95	
313	291	
154	46	
305	81	
305	84	
305	86	
313	294	
305	87	
155	38	
151	81	
164	232	
151	82	
163	247	
306	67	
306	66	
164	225	
308	40	
308	42	
243	2	
243	3	
161	262	
165	219	
243	5	
170	117	
309	30	
161	263	
153	56	
171	117	
154	52	
244	4	
172	100	
167	204	
155	42	
155	45	
305	96	
163	254	
306	86	
151	84	
307	62	
164	236	
306	79	
165	222	
152	73	
165	224	
314	289	
307	68	
166	212	
161	273	
165	229	
153	67	
172	112	
171	127	
245	0	
167	214	
245	4	
245	7	
156	40	
306	96	
170	131	
160	294	
308	63	
157	27	
153	70	
157	28	
166	220	
158	13	
308	67	
160	297	
161	284	
171	123	
159	16	
168	212	
173	119	
246	6	
157	40	
174	104	
164	256	
306	99	
170	141	
230	303	
161	293	
161	292	
161	295	
167	222	
166	238	
309	66	
154	73	
238	307	
178	146	
179	135	
232	30	
174	195	
169	299	
175	184	
233	21	
176	170	
232	38	
241	232	
176	171	
175	178	
176	165	
242	212	
176	168	
243	201	
239	304	
232	42	
232	43	
232	44	
233	31	
232	47	
233	32	
233	33	
175	199	
233	35	
233	25	
241	239	
177	165	
178	152	
238	314	
177	169	
239	301	
231	50	
230	66	
179	140	
231	64	
245	201	
179	159	
176	194	
241	244	
177	175	
178	162	
243	225	
230	75	
244	210	
231	62	
179	150	
244	224	
231	76	
232	62	
245	211	
179	167	
244	229	
250	114	
245	215	
250	117	
232	69	
251	105	
234	31	
233	47	
176	197	
241	259	
230	80	
235	23	
235	25	
230	85	
177	189	
235	28	
178	175	
244	222	
243	237	
230	14	
168	265	
178	107	
173	166	
230	18	
169	257	
175	141	
158	71	
165	297	
158	73	
158	74	
166	282	
167	271	
171	185	
159	63	
176	129	
159	64	
168	261	
177	116	
178	114	
177	129	
230	26	
174	161	
168	277	
169	264	
168	279	
231	16	
231	17	
235	311	
179	107	
179	109	
175	154	
175	148	
158	85	
166	293	
176	139	
159	76	
172	184	
231	20	
173	186	
174	170	
179	113	
173	187	
168	288	
173	189	
179	117	
231	29	
240	221	
232	17	
175	166	
176	140	
158	95	
177	130	
159	83	
167	297	
167	296	
173	181	
168	282	
231	35	
174	182	
175	171	
175	170	
175	177	
176	160	
241	212	
242	200	
237	303	
176	158	
241	217	
177	144	
177	143	
237	307	
177	145	
178	132	
242	207	
237	308	
168	291	
173	193	
265	305	
188	82	
196	295	
189	77	
197	278	
198	264	
260	14	
198	263	
199	250	
264	312	
260	18	
265	302	
266	301	
271	202	
188	95	
270	219	
197	294	
197	293	
198	280	
198	281	
260	23	
261	12	
198	277	
260	27	
198	276	
198	279	
265	314	
270	228	
189	93	
272	202	
272	204	
198	291	
198	284	
261	21	
198	286	
199	276	
262	13	
261	29	
270	220	
266	310	
263	13	
271	224	
263	15	
272	210	
260	55	
198	297	
261	31	
260	47	
198	298	
262	21	
262	23	
263	10	
263	11	
199	218	
186	68	
277	5	
188	41	
187	59	
261	312	
196	255	
188	47	
193	280	
192	296	
197	239	
198	228	
199	214	
193	288	
186	66	
199	215	
186	79	
187	64	
278	1	
278	2	
197	250	
197	252	
189	36	
197	249	
262	308	
198	232	
197	248	
193	296	
185	88	
199	225	
199	224	
194	285	
187	75	
187	77	
196	272	
196	277	
196	279	
196	278	
279	7	
263	300	
198	241	
185	93	
186	82	
263	309	
199	238	
194	297	
187	73	
188	70	
187	87	
187	89	
196	284	
189	65	
196	289	
198	260	
197	276	
189	68	
197	266	
189	59	
198	253	
195	290	
186	97	
281	117	
272	261	
263	69	
264	55	
11	111	
282	102	
281	118	
276	219	
11	112	
10	128	
273	251	
272	269	
273	252	
11	119	
12	101	
261	91	
12	102	
261	94	
266	25	
273	249	
261	87	
262	71	
280	122	
10	121	
10	122	
264	51	
282	112	
283	100	
278	200	
273	264	
266	40	
283	103	
283	106	
283	107	
11	105	
274	244	
267	20	
266	38	
267	25	
280	131	
271	282	
281	123	
264	62	
276	227	
276	226	
277	224	
264	77	
282	124	
273	270	
283	112	
273	274	
265	69	
284	100	
274	260	
265	68	
284	103	
266	55	
278	219	
274	264	
267	34	
262	95	
267	35	
280	145	
271	291	
276	231	
271	290	
268	27	
282	120	
271	296	
264	88	
283	122	
278	222	
272	297	
265	75	
265	77	
284	111	
279	215	
274	273	
267	52	
284	116	
266	67	
279	207	
274	269	
279	209	
263	97	
270	248	
264	10	
272	221	
272	220	
271	236	
272	223	
260	60	
12	147	
12	143	
261	41	
199	292	
13	129	
273	207	
270	243	
14	118	
262	37	
15	101	
270	246	
263	22	
11	147	
271	246	
264	21	
11	142	
272	234	
265	12	
264	28	
265	11	
13	120	
12	136	
269	311	
269	310	
260	68	
260	67	
269	306	
261	56	
261	55	
262	42	
274	209	
261	59	
263	30	
262	48	
262	47	
263	34	
11	133	
271	259	
11	131	
265	22	
272	248	
273	234	
274	214	
274	215	
280	100	
275	201	
275	204	
274	219	
270	265	
262	57	
10	142	
270	267	
280	106	
262	58	
270	269	
280	108	
276	207	
264	44	
11	122	
10	134	
260	90	
12	116	
260	92	
260	94	
265	35	
261	80	
11	129	
12	113	
274	231	
261	73	
266	17	
280	111	
275	212	
261	79	
10	132	
270	273	
270	276	
263	52	
281	100	
275	219	
276	202	
277	168	
278	154	
180	15	
184	313	
180	19	
279	144	
184	314	
185	302	
276	173	
276	176	
277	164	
180	23	
180	25	
279	155	
181	17	
190	213	
190	204	
185	307	
185	308	
276	187	
277	175	
180	20	
278	175	
278	176	
181	21	
279	166	
279	168	
190	215	
276	190	
191	200	
186	304	
191	202	
276	197	
276	199	
276	198	
191	209	
278	172	
278	185	
180	45	
190	233	
182	24	
190	232	
190	235	
190	234	
190	228	
192	200	
277	196	
192	203	
277	198	
278	182	
180	40	
187	309	
272	183	
181	308	
277	127	
272	186	
267	286	
272	189	
279	101	
268	277	
278	116	
273	178	
278	118	
197	1	
196	7	
196	9	
269	259	
275	144	
180	312	
271	190	
275	146	
266	295	
259	70	
267	280	
258	88	
276	138	
267	296	
272	196	
277	139	
267	299	
269	270	
268	285	
182	309	
274	171	
269	272	
268	287	
269	274	
273	188	
269	278	
279	108	
258	94	
258	93	
276	141	
276	144	
258	96	
276	143	
181	313	
259	83	
268	293	
183	300	
183	302	
269	285	
269	286	
275	166	
198	4	
277	143	
259	95	
182	312	
183	310	
183	314	
269	293	
269	296	
275	183	
275	174	
275	173	
275	176	
275	177	
199	1	
277	155	
186	27	
195	223	
183	61	
196	212	
196	215	
183	57	
183	58	
191	269	
185	33	
192	259	
193	246	
187	22	
195	234	
196	221	
196	226	
191	284	
184	51	
196	219	
184	53	
274	6	
193	251	
193	254	
185	45	
195	240	
260	302	
187	36	
191	290	
188	23	
187	39	
188	24	
184	63	
184	64	
184	65	
275	1	
275	8	
193	265	
198	208	
199	207	
276	8	
199	206	
195	252	
194	268	
199	208	
261	303	
184	82	
183	98	
192	290	
184	83	
183	99	
192	284	
192	286	
197	229	
276	0	
194	260	
198	216	
186	53	
198	218	
278	197	
278	196	
193	204	
270	8	
181	42	
279	185	
180	59	
190	240	
182	31	
190	237	
191	220	
191	223	
187	313	
188	300	
278	190	
192	214	
180	50	
180	51	
180	54	
189	301	
271	4	
194	202	
181	52	
271	3	
279	196	
279	198	
181	58	
182	43	
190	253	
191	241	
190	256	
183	26	
191	237	
180	60	
271	0	
193	214	
189	312	
189	314	
194	215	
182	50	
195	200	
195	203	
190	262	
272	9	
182	59	
184	23	
192	233	
184	25	
180	70	
185	12	
180	71	
192	236	
193	223	
185	16	
185	29	
186	18	
190	271	
186	19	
194	227	
182	67	
190	276	
183	53	
273	6	
191	263	
190	278	
191	258	
192	243	
191	259	
185	22	
180	81	
192	248	
185	25	
180	85	
193	236	
185	27	
185	28	
195	185	
252	39	
260	249	
254	12	
253	27	
254	11	
262	224	
198	150	
262	225	
250	60	
263	200	
258	301	
263	203	
258	306	
251	42	
194	190	
263	206	
199	130	
194	192	
263	208	
258	309	
199	132	
189	295	
189	297	
252	34	
189	299	
195	181	
253	34	
261	245	
196	188	
255	10	
255	13	
197	176	
254	19	
263	214	
251	51	
251	50	
263	219	
199	143	
199	146	
199	148	
199	147	
261	255	
261	257	
251	62	
199	151	
198	169	
199	155	
270	100	
265	203	
265	217	
252	68	
253	52	
260	279	
266	205	
197	192	
256	10	
199	162	
251	76	
270	114	
260	274	
189	257	
194	155	
255	302	
255	307	
196	132	
255	308	
178	85	
196	136	
178	88	
197	122	
196	138	
196	137	
179	64	
197	112	
197	115	
191	189	
179	67	
250	12	
197	116	
187	276	
179	69	
198	103	
192	178	
250	18	
198	107	
194	154	
195	151	
195	150	
260	213	
255	313	
189	269	
196	141	
261	200	
179	80	
256	308	
179	82	
187	284	
192	184	
179	78	
192	189	
193	173	
188	273	
250	26	
198	118	
193	177	
194	160	
189	261	
194	163	
198	119	
193	178	
199	105	
195	162	
251	29	
194	177	
252	18	
256	310	
261	212	
261	211	
195	167	
179	91	
197	135	
192	194	
192	193	
193	182	
188	283	
192	197	
188	289	
189	272	
260	220	
194	176	
252	27	
195	174	
253	15	
196	162	
257	311	
262	212	
250	41	
179	98	
250	45	
193	192	
188	297	
259	32	
272	142	
267	246	
272	148	
267	249	
273	132	
254	99	
268	235	
256	70	
268	234	
273	136	
274	122	
269	223	
273	137	
269	222	
264	273	
269	213	
263	288	
264	275	
269	216	
264	274	
257	53	
274	119	
257	54	
271	152	
258	45	
193	4	
271	167	
267	252	
259	44	
272	153	
259	46	
267	257	
194	9	
273	144	
269	232	
256	82	
264	293	
268	249	
274	124	
265	270	
270	171	
275	114	
270	172	
264	289	
266	262	
265	277	
267	250	
259	42	
276	105	
259	41	
259	55	
277	102	
272	164	
259	57	
277	104	
271	179	
195	0	
268	252	
274	140	
256	91	
195	9	
269	236	
265	281	
257	72	
275	122	
274	138	
270	183	
271	170	
275	126	
271	172	
258	69	
259	66	
259	65	
267	276	
277	118	
273	161	
273	164	
196	2	
269	254	
196	3	
274	155	
275	130	
269	249	
265	292	
257	84	
257	86	
180	301	
276	120	
180	303	
265	298	
258	74	
265	297	
275	139	
271	182	
267	270	
271	184	
271	187	
259	64	
258	79	
261	272	
270	127	
272	100	
253	68	
267	207	
262	266	
267	209	
263	252	
255	43	
190	3	
198	185	
198	186	
198	189	
199	175	
257	13	
252	71	
270	124	
253	60	
252	75	
257	19	
252	78	
270	139	
271	123	
261	283	
260	298	
272	112	
272	115	
267	215	
255	55	
268	206	
255	57	
273	104	
251	90	
263	258	
256	35	
199	183	
199	186	
260	291	
252	82	
264	247	
265	236	
270	134	
258	14	
271	120	
267	220	
259	12	
253	87	
261	295	
261	298	
262	282	
266	238	
259	17	
273	110	
273	112	
267	228	
273	107	
255	59	
256	42	
273	109	
264	256	
257	37	
270	144	
270	146	
257	38	
253	81	
266	247	
258	39	
254	82	
259	25	
262	295	
267	235	
272	137	
268	222	
259	29	
272	138	
273	118	
268	219	
268	218	
269	204	
265	252	
274	107	
257	43	
258	30	
270	154	
257	47	
270	158	
260	2	
268	194	
182	218	
260	3	
269	182	
260	7	
269	186	
269	189	
173	11	
172	28	
181	222	
181	224	
182	212	
183	213	
269	191	
183	215	
183	216	
171	52	
183	219	
261	7	
171	55	
261	6	
179	305	
180	244	
174	13	
181	239	
174	17	
183	221	
179	312	
262	0	
184	213	
172	50	
262	3	
172	54	
180	258	
173	35	
174	20	
174	23	
174	28	
170	71	
182	248	
170	84	
176	12	
171	71	
184	222	
185	211	
171	78	
185	214	
262	8	
185	207	
173	43	
190	108	
185	209	
182	245	
269	142	
269	139	
264	198	
265	184	
174	309	
266	177	
170	23	
170	26	
269	157	
175	300	
269	147	
265	193	
268	178	
268	177	
171	22	
170	38	
172	10	
175	313	
180	213	
181	200	
180	216	
266	197	
181	208	
267	183	
268	184	
269	170	
170	46	
180	230	
172	22	
171	29	
180	225	
176	310	
172	17	
180	229	
181	212	
181	217	
184	271	
176	64	
195	100	
189	217	
177	53	
177	56	
186	250	
177	58	
178	38	
187	230	
187	233	
179	24	
173	99	
192	134	
188	221	
182	296	
192	135	
193	121	
175	76	
194	127	
184	287	
195	110	
184	286	
268	3	
178	53	
185	279	
191	161	
185	278	
178	55	
268	8	
191	156	
174	93	
187	246	
179	39	
174	98	
176	71	
175	89	
194	134	
177	70	
177	71	
189	236	
194	138	
185	281	
194	139	
190	184	
195	128	
186	272	
190	189	
179	51	
187	251	
178	58	
196	106	
186	269	
191	167	
187	258	
175	94	
253	304	
188	244	
176	80	
194	130	
253	309	
175	99	
176	97	
195	132	
190	194	
177	87	
191	180	
195	138	
178	76	
187	271	
178	79	
192	163	
192	168	
188	258	
194	140	
177	10	
177	13	
176	29	
190	124	
185	225	
263	3	
190	116	
181	260	
185	218	
174	44	
182	254	
174	45	
182	257	
184	245	
176	36	
180	290	
172	82	
177	24	
185	232	
172	78	
186	211	
172	79	
190	129	
186	216	
186	218	
182	261	
264	3	
192	103	
191	119	
182	263	
174	54	
264	8	
192	107	
183	251	
182	269	
192	108	
183	267	
177	36	
185	246	
178	22	
185	239	
178	15	
186	225	
181	284	
173	75	
192	112	
192	111	
182	271	
265	0	
183	260	
187	216	
192	118	
188	203	
182	278	
265	6	
176	40	
184	261	
188	217	
184	265	
194	107	
194	109	
184	268	
185	255	
191	140	
185	257	
178	32	
186	242	
181	293	
173	84	
250	309	
191	135	
187	220	
178	28	
187	222	
179	14	
191	139	
192	122	
175	60	
174	77	
192	127	
183	270	
188	214	
183	272	
193	115	
183	275	
294	3	
24	0	
23	9	
295	4	
23	3	
280	303	
29	196	
21	8	
29	194	
280	310	
280	311	
27	8	
27	4	
12	304	
290	4	
290	9	
298	198	
299	189	
10	314	
11	309	
291	0	
26	7	
10	308	
25	2	
25	5	
292	3	
293	1	
281	16	
14	313	
285	309	
280	30	
280	34	
282	11	
14	301	
281	18	
14	302	
281	17	
285	312	
13	314	
290	218	
291	201	
291	204	
291	203	
280	42	
287	309	
280	46	
280	45	
29	6	
29	8	
280	49	
281	28	
290	222	
282	14	
290	225	
282	16	
286	312	
288	309	
280	59	
288	308	
281	42	
281	39	
290	234	
283	10	
290	235	
21	233	
19	300	
24	200	
11	51	
10	67	
11	47	
297	1	
11	44	
20	247	
13	22	
12	35	
13	19	
298	9	
17	314	
13	17	
13	16	
283	306	
22	215	
10	51	
11	32	
10	48	
12	25	
20	231	
12	24	
21	217	
299	6	
22	200	
299	5	
299	8	
17	309	
17	305	
10	35	
12	15	
11	28	
21	204	
21	202	
10	25	
284	309	
17	247	
13	290	
18	230	
289	220	
289	223	
17	244	
24	122	
14	282	
289	227	
289	226	
23	136	
13	296	
290	171	
23	137	
24	121	
276	79	
295	114	
13	295	
285	276	
295	115	
285	275	
15	263	
286	251	
285	269	
285	268	
291	154	
14	276	
19	214	
291	156	
279	33	
278	49	
274	93	
21	152	
292	143	
21	150	
274	99	
276	81	
288	247	
16	248	
17	232	
12	291	
294	133	
21	145	
22	130	
17	231	
277	70	
19	212	
290	180	
289	238	
285	280	
18	224	
17	238	
278	63	
285	286	
295	126	
20	152	
15	253	
290	179	
24	107	
291	162	
285	279	
296	106	
287	250	
286	267	
279	46	
21	144	
292	152	
286	269	
291	168	
292	154	
293	141	
292	156	
275	92	
287	259	
275	94	
17	226	
18	210	
22	122	
22	121	
294	146	
17	220	
11	295	
14	260	
290	191	
289	249	
23	117	
277	83	
290	192	
290	195	
13	273	
278	74	
23	111	
17	228	
278	73	
295	137	
14	258	
291	174	
278	67	
297	101	
296	119	
292	161	
292	163	
16	231	
287	268	
288	255	
293	166	
11	287	
21	126	
16	227	
289	257	
294	159	
23	106	
13	263	
277	97	
13	262	
277	98	
23	100	
286	285	
296	127	
278	79	
13	257	
16	222	
292	175	
21	122	
11	282	
20	135	
10	295	
298	102	
293	161	
297	117	
10	293	
293	163	
20	134	
288	263	
20	131	
14	249	
23	174	
292	106	
274	57	
23	170	
28	112	
22	187	
292	109	
276	32	
22	185	
276	36	
29	104	
24	160	
284	248	
285	232	
285	231	
276	39	
21	190	
284	239	
21	191	
25	143	
280	285	
272	77	
285	228	
281	274	
273	66	
17	281	
281	276	
282	262	
281	278	
21	192	
292	104	
16	294	
281	279	
28	104	
283	261	
293	101	
288	201	
288	204	
282	279	
22	178	
18	260	
275	58	
284	250	
24	155	
276	45	
19	257	
19	254	
277	31	
28	108	
290	140	
272	92	
24	152	
280	293	
25	137	
16	281	
15	297	
280	292	
24	149	
25	133	
15	293	
280	296	
273	75	
25	131	
291	122	
22	171	
22	172	
291	127	
286	228	
282	271	
274	64	
20	197	
21	181	
16	282	
288	200	
26	123	
282	288	
293	111	
23	150	
18	252	
293	116	
289	201	
18	250	
17	266	
294	102	
283	278	
27	104	
275	69	
289	202	
294	106	
294	105	
277	36	
14	299	
15	284	
286	230	
20	180	
24	138	
285	248	
273	86	
19	237	
279	10	
26	116	
274	73	
25	129	
26	113	
26	112	
17	259	
289	210	
275	78	
24	133	
277	53	
277	54	
295	105	
25	115	
20	174	
273	93	
291	143	
286	244	
24	127	
14	287	
274	81	
14	285	
291	144	
279	24	
278	39	
279	23	
21	164	
286	249	
15	276	
288	222	
287	237	
28	157	
28	155	
295	196	
25	194	
296	182	
297	165	
297	167	
25	185	
26	170	
298	152	
27	165	
299	158	
28	149	
28	143	
27	159	
296	193	
25	184	
296	192	
25	180	
299	150	
27	157	
27	154	
26	168	
29	121	
299	169	
28	136	
18	294	
18	292	
24	188	
29	127	
19	287	
29	125	
29	123	
24	182	
297	194	
297	189	
297	188	
24	179	
27	145	
27	141	
18	284	
23	184	
28	122	
27	139	
22	195	
23	180	
18	281	
24	177	
29	119	
25	160	
23	188	
19	273	
297	198	
24	169	
27	132	
298	119	
288	279	
29	185	
289	264	
279	72	
291	198	
296	138	
279	77	
297	127	
279	78	
298	117	
294	160	
29	176	
289	274	
295	161	
29	171	
299	119	
294	178	
296	152	
296	155	
296	154	
287	290	
27	190	
27	191	
278	99	
297	138	
293	181	
288	282	
28	185	
298	121	
292	199	
27	199	
298	128	
299	129	
28	178	
279	96	
28	174	
28	172	
27	185	
298	137	
27	186	
293	197	
294	197	
299	138	
26	190	
295	189	
297	160	
296	167	
297	151	
297	156	
26	183	
298	144	
298	146	
298	148	
287	8	
198	49	
17	8	
17	7	
195	82	
194	98	
272	307	
195	74	
287	0	
197	54	
288	4	
288	6	
272	312	
195	90	
195	87	
196	75	
16	1	
197	61	
198	69	
196	84	
197	72	
197	74	
15	1	
198	74	
198	79	
199	65	
199	69	
274	303	
274	306	
274	305	
197	87	
196	29	
191	88	
10	207	
193	61	
10	201	
284	0	
194	51	
194	47	
195	35	
191	87	
198	14	
193	74	
193	79	
285	1	
194	56	
284	7	
194	59	
19	7	
195	47	
191	94	
197	20	
194	73	
194	74	
194	69	
285	4	
196	44	
270	300	
197	33	
198	30	
198	34	
199	27	
194	79	
286	6	
282	222	
282	221	
282	224	
278	311	
10	244	
12	222	
12	221	
281	230	
281	232	
273	25	
282	220	
274	25	
282	235	
270	70	
283	220	
271	60	
13	200	
270	77	
279	313	
284	205	
279	306	
271	59	
280	250	
279	308	
280	252	
273	33	
280	256	
281	243	
10	228	
10	229	
270	81	
282	247	
276	14	
284	221	
276	15	
285	210	
272	60	
284	219	
290	101	
280	267	
282	240	
281	255	
281	257	
10	218	
11	200	
270	94	
10	214	
283	242	
282	258	
275	34	
283	245	
270	96	
11	207	
276	26	
284	234	
290	120	
11	204	
285	211	
285	213	
273	50	
290	119	
280	278	
281	265	
274	41	
274	43	
273	59	
291	108	
282	252	
12	261	
198	88	
20	128	
11	272	
13	255	
22	108	
270	24	
22	105	
12	265	
13	249	
274	312	
13	245	
280	200	
14	230	
197	93	
275	302	
15	225	
280	203	
20	122	
10	283	
198	97	
11	265	
12	250	
11	263	
10	279	
15	218	
270	30	
12	259	
270	38	
12	254	
20	115	
20	116	
276	300	
198	90	
10	272	
15	211	
14	227	
11	254	
282	206	
270	40	
270	48	
272	10	
13	228	
280	220	
272	11	
271	27	
10	264	
20	102	
280	226	
10	263	
276	310	
282	211	
273	19	
11	246	
10	255	
282	217	
10	256	
282	218	
278	303	
271	41	
272	21	
271	36	
272	20	
12	229	
14	208	
273	13	
280	239	
17	126	
12	185	
287	129	
288	116	
279	260	
278	275	
284	161	
17	123	
283	176	
13	177	
13	174	
18	113	
286	130	
267	98	
268	82	
14	154	
268	85	
14	152	
268	88	
269	74	
286	137	
15	148	
281	198	
288	112	
288	111	
288	127	
289	111	
283	188	
289	115	
17	110	
289	117	
13	167	
13	164	
289	119	
12	176	
15	132	
14	144	
13	158	
286	146	
268	98	
16	123	
288	121	
278	281	
278	280	
14	149	
278	283	
288	122	
12	163	
278	295	
288	135	
284	181	
279	282	
279	281	
17	101	
12	160	
11	173	
279	285	
289	128	
284	187	
279	288	
285	172	
12	167	
17	109	
17	107	
286	151	
192	310	
287	143	
269	99	
278	293	
284	192	
284	191	
284	196	
13	144	
284	198	
279	298	
13	143	
12	155	
13	139	
13	135	
16	102	
10	177	
14	129	
10	172	
15	111	
15	112	
282	144	
283	130	
282	146	
273	290	
283	135	
265	87	
265	86	
274	281	
279	223	
279	226	
267	61	
19	141	
275	264	
284	119	
19	139	
14	198	
267	57	
15	180	
276	251	
281	153	
268	48	
264	94	
18	143	
17	155	
284	130	
278	247	
266	84	
19	136	
14	193	
285	120	
266	88	
18	145	
284	137	
285	113	
274	289	
285	112	
279	229	
280	175	
275	278	
17	151	
276	267	
277	251	
17	150	
277	255	
15	178	
277	268	
282	166	
282	168	
278	255	
266	93	
16	159	
278	257	
267	85	
275	292	
15	165	
284	139	
276	270	
14	179	
268	61	
275	285	
281	171	
285	127	
281	173	
285	129	
287	100	
269	54	
286	117	
287	104	
15	166	
277	265	
287	118	
288	107	
283	165	
279	250	
278	269	
267	94	
285	134	
280	193	
267	86	
14	167	
276	281	
280	198	
15	150	
14	166	
276	285	
268	77	
19	105	
269	63	
281	185	
287	112	
10	7	
10	6	
19	180	
289	188	
191	46	
191	47	
18	194	
18	193	
19	186	
193	18	
197	314	
280	2	
288	193	
280	8	
198	307	
191	42	
190	58	
281	7	
289	196	
18	186	
281	8	
199	307	
193	31	
194	18	
17	191	
282	5	
19	169	
19	167	
193	49	
16	190	
194	25	
194	29	
190	72	
191	61	
16	196	
17	181	
199	312	
191	65	
192	62	
192	66	
193	51	
19	153	
283	9	
194	34	
195	22	
19	148	
190	83	
17	174	
17	172	
16	185	
196	16	
190	16	
289	143	
289	145	
195	301	
285	194	
13	9	
286	178	
288	152	
190	27	
288	168	
191	17	
286	192	
286	184	
287	171	
12	8	
190	21	
190	26	
191	27	
12	5	
286	198	
196	306	
287	184	
190	33	
191	21	
192	21	
193	14	
197	305	
190	43	
49	149	
49	148	
47	167	
48	152	
47	163	
45	185	
46	170	
44	196	
45	180	
47	152	
48	148	
48	145	
45	174	
39	286	
47	150	
46	163	
43	190	
29	97	
47	146	
47	143	
39	281	
39	282	
38	298	
39	278	
45	162	
39	276	
49	114	
44	174	
46	154	
42	191	
37	292	
46	149	
28	98	
47	131	
43	182	
298	97	
299	96	
299	98	
47	194	
47	195	
47	191	
49	160	
47	188	
49	167	
46	191	
48	164	
49	150	
44	9	
44	6	
43	2	
43	0	
41	1	
49	193	
41	8	
49	198	
41	7	
47	0	
47	8	
31	304	
31	305	
30	309	
46	0	
45	0	
33	212	
20	61	
28	311	
20	63	
291	54	
291	57	
24	16	
34	204	
21	55	
33	216	
34	200	
294	16	
31	234	
294	18	
24	12	
31	235	
22	39	
31	233	
30	246	
290	65	
28	300	
291	64	
292	52	
291	69	
33	207	
28	306	
293	42	
30	232	
294	25	
295	11	
290	70	
295	10	
295	13	
291	60	
22	29	
27	307	
32	207	
296	13	
291	79	
291	78	
20	48	
292	67	
293	50	
292	69	
20	43	
32	208	
22	13	
21	29	
293	49	
295	21	
290	83	
22	17	
30	227	
31	205	
297	15	
26	307	
293	66	
21	17	
294	40	
294	46	
290	93	
30	213	
296	23	
21	90	
21	92	
21	91	
37	209	
290	26	
291	12	
30	292	
35	233	
35	231	
26	35	
36	213	
22	74	
35	224	
37	206	
25	41	
41	116	
31	277	
26	20	
32	259	
21	81	
33	244	
20	90	
291	21	
20	93	
20	92	
30	280	
22	71	
22	72	
21	85	
33	248	
35	218	
31	261	
40	115	
23	54	
22	63	
296	306	
23	59	
41	107	
36	208	
36	209	
36	206	
23	58	
33	233	
32	249	
25	20	
291	35	
30	270	
22	62	
20	88	
33	239	
292	27	
293	10	
40	106	
292	18	
296	310	
40	104	
35	206	
30	263	
297	301	
22	54	
24	35	
32	241	
290	55	
20	75	
298	307	
291	41	
25	10	
32	233	
25	12	
292	30	
29	314	
292	33	
293	22	
292	37	
293	15	
22	42	
298	300	
31	243	
30	258	
44	124	
26	74	
43	139	
26	76	
43	136	
38	237	
34	280	
33	296	
297	68	
44	121	
297	67	
43	134	
43	135	
40	176	
28	52	
37	242	
294	95	
29	33	
27	59	
41	150	
40	166	
35	267	
28	45	
33	292	
42	146	
38	232	
42	145	
25	81	
297	62	
296	78	
37	244	
26	64	
44	111	
38	226	
42	139	
33	284	
35	265	
39	218	
27	51	
299	54	
34	275	
26	69	
299	56	
29	21	
42	130	
41	146	
28	36	
36	244	
28	39	
295	93	
41	144	
29	22	
40	157	
41	142	
35	256	
40	156	
38	222	
37	237	
37	235	
42	132	
25	69	
34	263	
33	279	
43	116	
39	200	
25	67	
32	289	
33	273	
27	44	
23	90	
28	30	
34	267	
39	206	
41	134	
40	148	
27	38	
296	92	
43	111	
38	212	
37	228	
23	89	
37	224	
38	208	
298	81	
34	252	
43	108	
298	85	
299	73	
40	143	
298	88	
35	242	
43	109	
34	253	
23	73	
23	76	
30	298	
23	75	
36	220	
28	11	
35	237	
32	276	
38	201	
42	114	
41	127	
37	212	
36	228	
297	93	
36	229	
297	20	
44	167	
49	103	
48	119	
46	144	
292	86	
29	81	
29	80	
28	93	
45	155	
38	270	
29	77	
29	72	
42	181	
46	135	
28	89	
48	116	
295	48	
291	91	
43	173	
291	90	
47	128	
296	33	
39	258	
39	252	
298	20	
28	80	
298	27	
294	71	
47	114	
293	79	
29	67	
41	188	
46	129	
294	64	
46	126	
295	53	
38	266	
295	55	
295	59	
43	162	
44	146	
27	81	
296	58	
35	291	
27	83	
27	82	
296	59	
43	158	
298	30	
44	140	
38	257	
298	34	
293	93	
45	136	
298	38	
28	71	
42	162	
28	69	
299	14	
36	277	
37	262	
47	100	
36	276	
46	113	
43	151	
42	164	
296	69	
39	237	
297	55	
297	57	
38	249	
26	84	
43	146	
36	271	
298	47	
45	126	
40	180	
45	121	
34	298	
35	282	
42	152	
299	25	
294	86	
295	75	
28	56	
43	143	
296	60	
25	96	
38	243	
42	155	
37	257	
296	64	
29	48	
39	187	
30	7	
39	179	
39	165	
38	170	
38	178	
39	161	
36	189	
36	187	
33	7	
32	0	
21	313	
21	310	
22	309	
22	302	
291	313	
21	300	
293	309	
20	311	
293	310	
294	304	
290	13	
294	313	
295	303	
20	26	
20	25	
30	204	
24	305	
24	303	
23	312	
39	9	
290	308	
291	302	
27	208	
293	255	
32	108	
22	265	
294	241	
285	48	
32	103	
22	263	
281	95	
286	39	
295	233	
282	84	
283	70	
290	296	
287	29	
287	28	
282	87	
17	15	
12	74	
291	271	
290	287	
20	284	
11	89	
287	19	
283	67	
17	13	
31	115	
297	204	
27	201	
292	265	
13	67	
284	59	
21	272	
293	268	
286	44	
294	251	
286	43	
13	59	
293	269	
14	44	
16	24	
11	83	
10	95	
15	36	
30	112	
20	272	
11	79	
12	64	
12	61	
11	76	
21	264	
25	219	
21	262	
14	40	
292	275	
285	54	
21	261	
293	264	
286	40	
25	216	
12	68	
299	201	
293	278	
287	41	
286	58	
24	221	
10	86	
299	209	
295	252	
23	235	
10	89	
16	13	
11	72	
287	49	
283	92	
288	26	
11	67	
283	86	
10	79	
297	221	
292	280	
296	237	
296	239	
284	77	
20	267	
298	213	
286	50	
299	213	
299	212	
13	37	
13	36	
295	262	
295	261	
15	17	
288	40	
287	55	
10	78	
295	266	
11	61	
288	44	
15	12	
22	237	
19	308	
19	306	
11	59	
24	206	
23	217	
24	202	
292	293	
293	280	
298	220	
297	236	
292	295	
297	238	
284	89	
292	299	
24	209	
23	296	
33	136	
288	311	
284	18	
28	235	
16	71	
288	313	
33	132	
15	81	
293	214	
281	52	
281	51	
35	111	
35	112	
16	77	
289	308	
33	138	
29	223	
282	35	
26	250	
25	266	
25	267	
283	23	
282	39	
283	22	
24	279	
27	244	
19	36	
283	28	
14	90	
284	15	
19	30	
30	169	
14	92	
28	225	
285	14	
284	29	
293	224	
280	75	
23	283	
14	89	
15	72	
294	214	
289	314	
28	229	
16	63	
294	218	
33	129	
24	270	
34	111	
282	54	
17	47	
18	31	
282	45	
30	153	
18	30	
284	20	
22	293	
31	147	
291	247	
26	243	
25	259	
284	27	
280	70	
292	249	
14	79	
32	125	
28	210	
15	60	
27	224	
22	283	
281	73	
16	55	
34	103	
23	279	
282	61	
33	117	
290	271	
28	217	
290	273	
26	230	
283	41	
12	98	
283	44	
19	13	
284	33	
27	223	
21	295	
13	89	
292	244	
21	291	
30	148	
23	262	
293	243	
23	260	
287	11	
16	47	
294	238	
287	14	
294	239	
28	205	
25	235	
291	260	
295	216	
25	233	
296	203	
17	22	
16	38	
284	40	
17	21	
296	207	
283	58	
284	41	
31	126	
292	252	
26	228	
284	46	
20	298	
293	240	
13	72	
292	258	
20	297	
39	105	
299	267	
288	91	
29	261	
36	140	
289	83	
289	84	
289	75	
31	193	
18	83	
18	82	
26	290	
27	284	
298	279	
36	138	
29	251	
38	105	
33	165	
32	178	
33	163	
28	264	
29	259	
17	97	
17	90	
17	93	
31	182	
30	198	
25	299	
33	160	
38	100	
27	271	
26	288	
29	242	
27	268	
35	133	
25	294	
17	86	
29	249	
33	159	
18	67	
37	104	
27	260	
26	276	
29	231	
15	96	
15	99	
16	82	
16	88	
16	84	
35	119	
18	55	
35	115	
25	273	
25	274	
299	293	
28	240	
299	292	
27	253	
18	58	
27	252	
31	165	
293	299	
39	149	
39	142	
38	158	
299	229	
287	67	
35	195	
295	278	
289	32	
37	162	
36	176	
36	177	
297	245	
285	82	
38	155	
293	292	
39	135	
34	194	
38	148	
288	62	
296	271	
34	198	
288	68	
36	169	
297	251	
296	267	
296	269	
297	252	
36	164	
285	97	
299	233	
29	287	
39	124	
29	284	
287	82	
39	122	
33	197	
287	85	
295	292	
296	280	
35	173	
36	159	
289	55	
36	154	
297	265	
33	190	
299	256	
28	287	
287	96	
296	290	
33	185	
289	70	
289	71	
289	74	
288	89	
27	292	
19	81	
297	272	
36	145	
298	261	
298	260	
18	96	
28	283	
298	265	
38	124	
38	121	
28	281	
27	298	
37	135	
19	86	
299	252	
47	68	
60	175	
48	55	
56	261	
47	65	
114	188	
57	255	
62	151	
115	174	
48	57	
116	162	
48	58	
116	154	
116	153	
53	295	
46	71	
116	155	
62	149	
62	146	
44	97	
63	131	
44	99	
45	82	
108	291	
54	285	
54	282	
119	120	
46	75	
63	137	
65	107	
109	292	
55	266	
60	162	
65	103	
55	264	
54	277	
55	261	
115	181	
62	143	
48	45	
57	240	
44	91	
63	121	
44	88	
55	260	
118	143	
64	111	
118	144	
119	130	
55	255	
54	269	
115	193	
64	106	
60	150	
56	248	
52	292	
115	197	
61	146	
116	184	
55	259	
116	175	
116	177	
61	138	
59	205	
46	57	
118	153	
59	204	
47	40	
46	56	
53	277	
58	215	
48	20	
54	257	
116	190	
61	136	
52	281	
48	29	
47	39	
61	130	
55	247	
117	171	
117	170	
58	203	
44	67	
63	102	
61	127	
117	179	
118	165	
58	208	
46	45	
58	206	
119	150	
58	207	
45	55	
118	169	
48	97	
113	152	
66	147	
57	291	
108	255	
108	258	
113	156	
109	243	
114	144	
58	283	
115	131	
67	136	
57	297	
105	295	
66	148	
105	294	
62	192	
69	103	
115	125	
59	261	
58	275	
107	260	
116	118	
48	90	
117	108	
113	164	
67	120	
61	193	
48	87	
65	147	
61	191	
115	141	
56	299	
61	197	
64	151	
110	195	
116	120	
106	280	
106	283	
63	166	
68	105	
58	262	
107	273	
112	172	
64	159	
117	114	
107	274	
47	90	
118	103	
59	255	
47	91	
118	116	
66	124	
61	183	
114	161	
49	60	
113	179	
65	136	
108	279	
118	119	
65	137	
55	297	
109	266	
55	295	
119	108	
109	268	
68	100	
49	67	
114	166	
67	114	
57	274	
67	115	
67	110	
106	292	
106	294	
111	192	
106	296	
49	59	
62	166	
57	267	
107	283	
65	130	
55	290	
107	288	
118	111	
64	145	
46	97	
63	159	
47	80	
113	186	
55	289	
109	273	
55	287	
65	126	
54	299	
47	78	
114	178	
119	118	
62	165	
62	162	
66	117	
48	68	
57	262	
49	51	
62	161	
49	54	
66	115	
116	151	
115	159	
63	145	
46	82	
45	97	
57	259	
112	192	
65	121	
60	180	
59	239	
47	74	
108	280	
46	89	
112	197	
64	134	
58	248	
54	291	
47	70	
46	86	
59	233	
112	4	
66	186	
67	179	
65	191	
69	146	
65	199	
67	164	
65	189	
113	9	
59	296	
69	134	
69	135	
59	295	
65	184	
67	153	
66	163	
68	142	
68	141	
64	184	
59	284	
68	138	
59	280	
58	296	
64	187	
67	141	
66	157	
67	146	
68	130	
69	114	
59	273	
58	286	
59	271	
63	184	
64	179	
65	164	
69	118	
65	162	
64	176	
69	194	
61	4	
117	182	
116	197	
117	185	
60	8	
60	4	
69	179	
118	186	
119	173	
119	188	
68	189	
68	186	
118	192	
110	5	
118	198	
119	198	
67	182	
69	156	
119	191	
66	192	
100	228	
42	308	
42	306	
42	307	
102	204	
41	314	
101	226	
102	213	
101	229	
57	0	
103	201	
103	204	
100	231	
100	234	
41	303	
102	224	
56	4	
103	215	
56	3	
40	300	
40	308	
40	307	
55	1	
102	233	
103	220	
102	238	
104	208	
100	254	
100	255	
100	257	
101	241	
100	259	
109	3	
50	213	
50	204	
40	14	
50	200	
59	9	
43	311	
44	306	
43	305	
100	217	
101	204	
43	304	
43	307	
42	313	
58	9	
58	8	
54	206	
41	58	
108	213	
54	203	
108	218	
43	32	
51	242	
104	267	
105	251	
50	251	
105	244	
44	14	
51	235	
44	11	
101	290	
110	149	
101	293	
53	214	
110	148	
106	233	
106	236	
101	297	
52	224	
102	282	
102	298	
42	31	
103	284	
108	224	
103	283	
109	211	
43	20	
42	39	
104	273	
105	260	
114	117	
104	277	
42	34	
47	312	
51	226	
105	257	
106	243	
50	237	
112	130	
107	231	
106	246	
48	300	
102	294	
107	234	
40	50	
112	147	
112	146	
108	234	
108	236	
113	137	
108	238	
40	47	
104	287	
42	22	
50	231	
41	37	
51	216	
46	311	
110	168	
52	209	
52	204	
52	205	
41	25	
104	292	
113	149	
109	234	
110	180	
50	219	
105	276	
46	302	
51	201	
51	200	
113	140	
50	293	
48	10	
102	249	
61	125	
43	76	
43	75	
55	238	
51	281	
104	220	
60	138	
60	135	
43	74	
43	73	
104	214	
52	267	
105	200	
110	100	
52	263	
44	52	
44	55	
105	203	
105	206	
45	48	
53	257	
101	252	
101	254	
45	46	
55	223	
42	73	
47	16	
54	235	
102	258	
103	242	
47	11	
103	244	
102	259	
56	216	
56	214	
44	50	
43	66	
50	286	
47	17	
103	249	
104	233	
60	125	
53	240	
100	270	
52	253	
100	272	
61	107	
43	57	
45	37	
101	262	
106	204	
106	207	
40	94	
101	279	
102	263	
41	78	
111	118	
112	104	
55	211	
41	73	
107	209	
53	239	
51	264	
55	219	
43	50	
55	216	
61	100	
56	201	
42	65	
50	273	
104	244	
43	51	
100	281	
105	221	
100	280	
100	283	
104	239	
100	284	
105	228	
100	287	
41	72	
111	112	
45	28	
40	82	
52	249	
107	202	
108	203	
49	314	
102	277	
113	104	
108	204	
53	228	
41	64	
60	108	
108	206	
55	207	
51	251	
54	219	
110	130	
105	233	
43	37	
106	222	
41	60	
107	211	
53	221	
44	27	
52	235	
112	111	
56	140	
57	133	
109	168	
38	98	
38	97	
48	270	
39	77	
106	196	
107	184	
53	177	
53	178	
108	174	
37	98	
109	176	
54	159	
55	140	
57	122	
52	181	
39	73	
109	179	
51	193	
46	294	
51	194	
58	104	
58	101	
58	102	
48	262	
107	192	
107	194	
108	182	
107	198	
108	181	
48	268	
46	280	
37	87	
54	146	
37	83	
36	99	
56	127	
38	78	
52	171	
51	184	
56	123	
38	74	
46	284	
51	180	
56	122	
55	138	
52	163	
51	179	
47	262	
46	279	
108	190	
108	192	
109	194	
101	4	
45	282	
50	182	
45	280	
54	136	
50	180	
56	116	
47	260	
39	50	
38	63	
55	126	
47	257	
39	47	
52	154	
51	169	
48	249	
54	130	
36	80	
103	192	
103	198	
109	127	
58	160	
109	129	
106	152	
106	156	
108	143	
58	150	
57	162	
56	177	
106	160	
106	162	
58	143	
106	168	
54	197	
49	293	
59	134	
108	155	
108	154	
55	178	
108	159	
109	149	
58	136	
49	280	
106	170	
59	121	
54	180	
48	295	
39	98	
55	171	
107	164	
49	287	
107	169	
108	166	
56	153	
108	168	
109	153	
109	156	
55	162	
39	90	
58	125	
53	184	
48	285	
105	199	
53	183	
47	298	
49	278	
54	174	
107	178	
58	129	
54	172	
108	161	
53	186	
107	179	
59	187	
105	1	
59	182	
59	180	
50	8	
59	189	
50	3	
58	190	
106	4	
58	183	
58	181	
59	165	
58	178	
58	177	
107	0	
56	194	
57	183	
59	152	
102	4	
54	4	
102	6	
102	9	
103	3	
103	6	
103	9	
52	8	
52	7	
52	6	
59	194	
100	107	
30	28	
40	203	
35	305	
40	204	
100	102	
35	308	
35	309	
101	103	
30	19	
30	18	
100	110	
102	100	
102	109	
34	300	
49	3	
101	129	
48	9	
103	101	
103	104	
100	130	
48	5	
101	123	
44	201	
38	314	
32	43	
31	55	
32	36	
40	246	
43	210	
41	238	
33	29	
38	307	
38	305	
31	42	
42	219	
30	51	
37	307	
36	312	
41	219	
32	11	
30	38	
30	37	
30	39	
40	215	
31	18	
107	105	
36	35	
36	38	
31	97	
43	257	
36	32	
103	154	
43	255	
36	34	
103	156	
104	142	
40	294	
31	98	
50	130	
44	247	
104	137	
47	202	
42	262	
105	123	
47	200	
100	181	
105	122	
41	274	
32	79	
51	111	
41	271	
45	229	
33	65	
40	288	
105	129	
105	128	
52	105	
107	100	
34	57	
31	83	
43	248	
31	86	
44	232	
103	163	
35	36	
108	105	
40	286	
45	224	
40	284	
45	225	
37	13	
36	28	
44	237	
105	132	
42	251	
46	205	
34	42	
100	195	
32	69	
50	119	
46	204	
50	116	
41	261	
46	202	
43	242	
42	259	
42	256	
102	170	
103	170	
31	73	
36	13	
31	75	
102	187	
36	15	
35	26	
43	236	
108	117	
42	249	
108	119	
50	114	
109	102	
46	200	
50	113	
40	270	
50	111	
36	19	
45	210	
104	159	
105	146	
32	57	
41	250	
40	266	
43	232	
102	180	
35	24	
102	182	
41	259	
107	122	
34	36	
103	180	
31	64	
43	227	
103	185	
42	238	
108	127	
45	204	
104	175	
50	101	
104	174	
45	203	
105	161	
105	154	
41	244	
106	140	
106	142	
35	10	
42	237	
35	12	
42	232	
41	248	
41	249	
41	247	
50	172	
44	288	
49	229	
44	286	
53	139	
44	283	
54	123	
39	42	
103	118	
45	276	
34	98	
34	92	
46	259	
35	89	
48	234	
35	85	
47	249	
102	133	
54	113	
55	108	
103	124	
39	30	
104	113	
104	112	
104	103	
48	220	
47	233	
39	28	
42	293	
39	22	
47	232	
100	153	
51	145	
43	286	
36	61	
35	77	
48	228	
101	141	
36	63	
34	88	
37	41	
45	250	
37	43	
103	130	
102	145	
44	264	
53	117	
103	133	
46	241	
38	36	
103	135	
45	258	
38	30	
103	137	
37	45	
42	281	
47	223	
38	27	
52	120	
42	280	
33	85	
46	234	
46	235	
105	107	
35	68	
105	108	
43	274	
52	127	
48	212	
53	111	
100	169	
48	213	
102	140	
37	30	
102	154	
103	141	
53	106	
41	291	
103	148	
44	259	
104	126	
51	128	
51	129	
51	126	
41	287	
47	212	
41	284	
38	16	
100	172	
33	74	
100	175	
41	283	
50	139	
35	55	
53	105	
35	57	
101	162	
35	50	
101	167	
