23	310	
23	314	
24	300	
38	7	
38	6	
294	305	
30	201	
294	309	
30	202	
25	306	
30	209	
294	301	
294	300	
20	18	
20	14	
20	12	
292	311	
22	310	
22	311	
292	312	
23	305	
292	306	
39	2	
32	202	
290	41	
32	205	
27	306	
290	42	
290	43	
296	313	
297	303	
21	28	
297	302	
21	22	
30	233	
30	238	
291	22	
27	311	
292	10	
32	211	
31	228	
32	212	
27	313	
31	229	
32	216	
28	307	
293	17	
293	18	
292	24	
21	13	
20	28	
293	11	
290	48	
292	21	
32	223	
23	26	
290	20	
22	38	
22	33	
22	30	
21	46	
30	217	
30	218	
31	203	
26	305	
26	306	
294	311	
294	310	
31	207	
31	208	
290	34	
22	26	
296	308	
21	39	
296	307	
22	21	
295	312	
21	30	
290	27	
32	201	
20	80	
24	36	
32	248	
24	30	
34	223	
22	57	
22	56	
40	110	
35	212	
22	53	
30	274	
20	79	
21	63	
36	207	
31	267	
25	14	
20	70	
295	36	
295	34	
23	36	
34	232	
35	220	
35	221	
35	222	
30	281	
35	223	
30	287	
20	69	
293	57	
36	215	
31	274	
293	54	
20	66	
292	60	
41	117	
296	18	
291	77	
296	16	
292	65	
33	250	
292	63	
290	62	
24	55	
294	11	
24	50	
34	205	
23	61	
293	29	
30	251	
34	208	
293	24	
30	257	
26	23	
26	22	
20	97	
31	246	
290	58	
32	231	
20	95	
291	45	
291	46	
32	235	
24	46	
294	29	
24	42	
23	55	
293	39	
294	21	
30	260	
293	31	
292	45	
26	17	
293	32	
20	87	
291	55	
31	257	
20	83	
292	43	
33	275	
34	260	
24	79	
295	68	
44	103	
24	73	
35	250	
295	61	
44	108	
23	87	
40	151	
294	75	
295	60	
294	76	
27	39	
22	98	
22	97	
28	21	
22	96	
28	20	
293	83	
32	293	
297	34	
292	93	
43	120	
26	42	
38	224	
26	40	
292	95	
298	21	
34	271	
39	212	
295	78	
44	112	
25	51	
24	66	
25	50	
297	53	
23	79	
294	88	
295	72	
40	161	
39	219	
34	278	
44	118	
28	17	
40	164	
28	15	
36	251	
40	167	
35	269	
40	168	
294	80	
28	10	
299	22	
294	81	
298	35	
26	39	
43	130	
297	43	
42	148	
293	92	
26	30	
25	45	
296	31	
42	109	
29	39	
33	259	
291	93	
28	48	
34	249	
35	234	
29	30	
35	235	
292	79	
35	238	
41	122	
293	62	
292	78	
40	139	
41	123	
36	225	
293	68	
294	50	
297	12	
291	88	
42	113	
296	26	
37	215	
32	274	
291	86	
25	79	
25	77	
292	74	
296	40	
24	89	
295	57	
34	251	
24	88	
296	47	
24	85	
296	45	
294	67	
35	244	
23	95	
28	31	
31	293	
27	46	
294	62	
32	280	
31	296	
27	43	
26	58	
37	223	
41	139	
43	110	
37	227	
292	87	
32	288	
297	25	
44	143	
44	144	
45	132	
40	195	
35	298	
28	66	
28	65	
28	63	
298	69	
28	62	
27	77	
43	160	
42	177	
38	263	
38	264	
43	164	
27	71	
38	265	
26	86	
48	108	
45	142	
45	146	
46	130	
29	42	
36	295	
47	120	
42	180	
41	197	
299	66	
299	63	
38	273	
37	289	
42	189	
43	174	
27	61	
38	276	
39	261	
48	118	
25	88	
39	222	
44	122	
38	239	
39	224	
44	129	
294	97	
29	75	
295	88	
41	161	
41	162	
295	86	
46	104	
28	88	
29	71	
294	92	
28	86	
37	250	
46	108	
37	253	
298	41	
27	93	
27	90	
298	42	
297	58	
44	130	
34	290	
296	86	
296	87	
39	234	
44	135	
34	295	
34	297	
297	72	
296	88	
29	68	
40	185	
35	286	
46	111	
40	187	
295	99	
296	81	
46	117	
28	73	
27	88	
299	45	
299	46	
298	52	
47	109	
298	55	
39	240	
45	171	
29	96	
47	155	
29	93	
47	158	
48	147	
44	191	
49	133	
39	293	
44	195	
46	172	
46	175	
29	87	
49	141	
28	91	
28	90	
49	145	
45	190	
45	152	
45	158	
47	133	
42	196	
48	121	
48	123	
42	198	
38	285	
49	111	
43	189	
299	71	
44	175	
46	155	
47	144	
44	183	
49	125	
47	199	
48	188	
49	174	
49	178	
48	193	
49	180	
46	184	
46	187	
49	151	
48	168	
47	181	
49	165	
42	7	
42	6	
41	4	
49	197	
31	300	
31	301	
44	1	
46	7	
46	5	
30	302	
30	305	
34	306	
48	3	
35	300	
35	303	
40	207	
30	16	
33	302	
33	304	
33	307	
33	309	
100	123	
100	129	
101	114	
100	128	
40	233	
40	234	
31	28	
101	104	
42	212	
30	36	
101	109	
100	134	
101	122	
100	132	
30	29	
42	221	
30	26	
30	24	
38	310	
30	22	
30	21	
100	105	
34	14	
34	12	
34	11	
33	22	
35	311	
35	314	
36	300	
32	33	
41	201	
31	43	
41	206	
41	208	
33	18	
33	12	
33	10	
36	313	
31	35	
42	204	
42	205	
34	38	
44	227	
105	103	
105	100	
100	160	
33	47	
33	45	
40	276	
33	42	
103	127	
40	279	
46	206	
102	137	
103	121	
44	230	
30	74	
43	249	
30	70	
44	235	
50	120	
33	39	
50	122	
100	170	
46	210	
46	211	
46	213	
33	32	
103	138	
41	277	
31	58	
103	139	
52	104	
47	205	
42	267	
52	108	
47	209	
43	253	
36	30	
44	200	
34	59	
35	42	
39	308	
34	53	
103	105	
41	241	
40	259	
103	107	
31	89	
101	128	
31	88	
37	12	
102	111	
37	10	
31	84	
36	24	
102	114	
43	222	
36	23	
35	37	
44	210	
35	31	
44	216	
45	201	
34	44	
50	102	
45	205	
45	207	
41	251	
104	101	
32	63	
41	258	
32	62	
31	76	
36	14	
103	112	
102	128	
36	54	
106	136	
49	207	
54	107	
35	64	
107	125	
50	154	
35	61	
33	89	
101	192	
47	230	
33	87	
42	290	
51	149	
37	39	
38	22	
33	81	
52	136	
43	281	
103	162	
47	239	
42	298	
37	35	
103	160	
103	161	
53	128	
54	112	
44	272	
36	44	
36	43	
106	147	
107	131	
55	100	
102	191	
49	218	
108	121	
55	102	
54	119	
102	195	
106	141	
50	166	
34	65	
46	253	
51	158	
48	230	
43	290	
38	11	
104	167	
105	151	
53	131	
52	148	
43	292	
103	173	
103	174	
53	134	
32	82	
107	128	
53	135	
49	220	
107	129	
32	80	
43	297	
103	175	
109	101	
44	284	
31	92	
36	75	
36	74	
101	174	
35	87	
35	86	
107	103	
101	178	
44	249	
45	235	
51	120	
40	296	
39	37	
51	121	
41	281	
100	185	
39	33	
51	125	
47	214	
53	103	
37	54	
103	144	
37	51	
48	207	
43	268	
106	128	
102	171	
45	242	
50	142	
39	29	
100	192	
45	246	
41	290	
39	27	
35	70	
39	26	
50	148	
106	121	
100	196	
51	133	
51	135	
47	220	
39	21	
34	80	
46	239	
41	298	
51	139	
47	224	
38	34	
33	93	
104	145	
52	125	
47	228	
42	287	
52	129	
53	113	
102	166	
53	114	
43	275	
54	101	
43	277	
43	278	
45	291	
45	292	
49	249	
50	194	
45	296	
50	196	
108	153	
50	197	
45	299	
106	173	
106	179	
39	58	
46	289	
53	160	
53	161	
47	278	
38	68	
52	178	
47	279	
48	263	
39	51	
38	66	
104	190	
104	191	
53	167	
104	192	
36	85	
55	145	
46	291	
108	163	
106	185	
35	94	
56	137	
35	91	
52	182	
46	299	
52	184	
47	287	
39	41	
48	274	
105	195	
53	175	
49	260	
109	142	
38	50	
59	107	
109	145	
36	77	
49	227	
107	143	
107	148	
108	131	
51	162	
51	166	
56	108	
52	151	
47	253	
109	116	
48	242	
47	258	
109	119	
48	245	
104	173	
37	96	
109	111	
49	235	
49	238	
107	159	
50	184	
50	185	
56	111	
51	171	
106	164	
51	172	
46	274	
46	276	
57	102	
56	119	
39	67	
57	105	
38	79	
52	169	
105	174	
37	89	
54	141	
37	88	
108	135	
103	194	
53	158	
54	142	
38	71	
108	139	
100	4	
109	183	
100	1	
57	159	
39	99	
58	147	
39	91	
55	180	
55	189	
56	175	
109	192	
58	151	
58	152	
59	140	
59	145	
55	191	
38	94	
109	188	
107	188	
107	189	
108	170	
108	176	
56	141	
55	158	
56	143	
107	181	
106	197	
107	183	
47	296	
58	121	
53	185	
49	270	
106	191	
108	167	
59	115	
54	176	
59	119	
49	279	
108	183	
108	184	
55	166	
56	158	
48	290	
57	149	
53	192	
54	182	
54	189	
55	173	
57	198	
59	173	
58	189	
59	176	
104	8	
59	154	
50	0	
109	198	
56	190	
56	192	
58	170	
58	172	
59	163	
107	1	
107	3	
52	2	
108	1	
107	9	
107	8	
105	4	
59	193	
53	5	
53	4	
100	200	
55	2	
41	308	
101	201	
41	310	
42	300	
54	8	
42	301	
54	6	
57	7	
108	9	
40	303	
109	2	
100	245	
44	300	
44	302	
102	219	
103	207	
102	210	
100	258	
101	245	
44	312	
104	206	
45	302	
100	251	
45	309	
102	229	
104	200	
102	227	
101	213	
100	226	
40	18	
40	17	
100	235	
100	237	
111	114	
111	113	
102	262	
101	278	
40	42	
112	103	
102	260	
101	277	
105	222	
50	234	
50	235	
51	221	
110	125	
106	210	
104	232	
48	301	
111	109	
101	269	
53	201	
103	243	
48	304	
102	257	
53	205	
101	285	
48	308	
102	270	
102	274	
111	128	
50	242	
100	294	
104	249	
110	135	
105	236	
103	259	
104	247	
51	239	
52	225	
41	17	
53	210	
107	206	
40	26	
49	302	
100	268	
40	66	
44	19	
105	205	
45	314	
43	27	
103	225	
103	226	
42	35	
42	33	
101	247	
102	232	
103	221	
101	264	
111	102	
40	53	
106	209	
102	252	
106	206	
105	212	
50	221	
50	223	
50	224	
46	310	
43	17	
50	226	
43	16	
110	114	
50	229	
42	29	
51	213	
42	26	
47	302	
42	24	
52	203	
41	39	
47	304	
102	245	
40	49	
112	142	
111	157	
103	290	
107	247	
40	86	
50	271	
40	85	
45	25	
40	84	
55	215	
55	217	
105	266	
44	36	
56	203	
107	240	
44	34	
111	152	
52	250	
43	48	
109	216	
43	47	
109	217	
61	109	
104	279	
105	261	
112	138	
53	246	
114	111	
53	247	
109	210	
114	110	
112	153	
45	19	
112	151	
54	237	
55	221	
60	120	
116	109	
60	121	
112	157	
108	240	
50	284	
112	156	
107	257	
110	177	
60	126	
115	119	
105	279	
56	212	
111	160	
50	289	
111	165	
56	215	
111	166	
107	251	
56	217	
62	101	
51	277	
57	203	
43	36	
42	49	
52	265	
52	266	
62	107	
57	208	
43	31	
62	108	
105	273	
53	256	
42	40	
113	136	
41	54	
54	244	
102	280	
49	304	
54	205	
41	91	
111	139	
110	142	
50	256	
105	247	
101	291	
51	245	
42	77	
42	75	
53	224	
46	27	
47	10	
46	24	
113	120	
107	237	
46	21	
112	134	
60	103	
55	205	
50	264	
45	33	
105	254	
110	154	
106	242	
110	158	
51	256	
104	265	
114	102	
110	151	
109	209	
42	66	
102	286	
113	111	
102	287	
109	201	
114	101	
53	238	
46	17	
107	287	
47	43	
112	185	
113	172	
56	243	
46	52	
106	295	
116	135	
46	50	
56	246	
111	193	
117	123	
62	131	
45	62	
44	77	
116	138	
62	134	
44	76	
57	236	
114	158	
52	298	
106	291	
48	28	
115	148	
58	226	
58	229	
53	288	
42	98	
59	213	
63	129	
113	166	
109	256	
42	93	
54	278	
47	33	
117	138	
113	182	
108	283	
60	164	
108	281	
60	165	
108	284	
118	125	
113	184	
116	146	
56	255	
61	155	
56	258	
117	132	
44	66	
116	149	
119	109	
115	152	
57	249	
43	78	
48	18	
63	135	
58	237	
53	297	
48	14	
114	162	
48	13	
114	163	
63	139	
42	87	
113	176	
54	284	
59	226	
114	164	
54	246	
108	250	
113	153	
50	294	
47	60	
107	267	
112	167	
46	73	
56	223	
46	72	
110	187	
111	174	
61	128	
114	138	
62	114	
114	135	
63	100	
63	101	
63	106	
54	250	
108	244	
53	267	
108	245	
48	43	
104	294	
109	232	
47	56	
47	53	
56	230	
45	79	
56	234	
116	122	
46	60	
115	139	
111	188	
116	126	
62	122	
112	170	
45	71	
52	284	
44	84	
44	83	
105	297	
110	193	
58	216	
63	116	
43	94	
59	202	
43	93	
53	278	
54	262	
54	263	
54	264	
109	244	
54	267	
60	196	
65	138	
55	298	
118	154	
56	285	
118	157	
56	286	
56	287	
117	163	
62	171	
57	272	
117	161	
117	162	
46	91	
63	160	
118	150	
117	166	
116	171	
68	104	
68	107	
64	150	
116	176	
63	168	
109	296	
119	137	
48	62	
47	77	
48	60	
66	133	
61	196	
119	153	
67	124	
116	188	
117	173	
57	288	
115	198	
115	199	
58	279	
49	42	
49	40	
115	192	
66	141	
113	192	
118	134	
113	193	
65	115	
55	276	
117	148	
66	103	
56	263	
61	163	
66	105	
56	265	
62	150	
108	290	
58	240	
57	258	
63	142	
59	230	
58	246	
64	132	
54	293	
119	115	
114	171	
59	237	
109	279	
65	124	
48	82	
65	127	
48	80	
56	273	
47	93	
47	92	
67	100	
66	119	
57	264	
63	153	
58	254	
63	155	
58	258	
48	79	
48	78	
65	131	
55	291	
48	75	
65	134	
47	89	
114	187	
60	194	
110	9	
66	168	
119	186	
67	155	
118	191	
118	190	
118	196	
68	149	
69	138	
119	178	
66	172	
65	188	
49	90	
111	5	
67	160	
119	196	
67	165	
119	197	
69	143	
65	192	
65	196	
49	81	
48	95	
118	178	
62	191	
57	293	
67	135	
57	295	
67	139	
118	172	
116	191	
63	187	
59	272	
116	198	
64	175	
69	117	
64	177	
64	178	
119	156	
66	151	
58	290	
67	147	
117	195	
68	133	
68	135	
58	297	
64	183	
59	285	
69	126	
59	286	
117	190	
69	128	
65	178	
67	192	
68	183	
68	188	
113	8	
69	181	
68	160	
68	166	
69	155	
66	199	
68	175	
68	179	
112	9	
62	4	
118	4	
61	7	
101	314	
102	304	
69	190	
115	5	
100	311	
63	9	
101	301	
63	4	
116	2	
63	0	
116	6	
51	302	
100	14	
104	310	
51	306	
51	307	
65	9	
65	3	
111	205	
105	312	
51	313	
100	28	
101	13	
52	303	
119	1	
103	309	
67	9	
103	301	
67	2	
67	0	
102	312	
104	304	
104	307	
50	304	
50	307	
104	302	
66	5	
119	3	
103	27	
111	239	
103	29	
113	209	
112	217	
108	300	
100	55	
112	219	
111	246	
112	231	
111	248	
104	24	
60	201	
60	202	
111	242	
111	241	
101	54	
110	251	
109	306	
100	63	
100	67	
106	314	
111	214	
106	313	
112	201	
107	302	
50	25	
107	303	
50	24	
107	301	
102	13	
102	15	
101	20	
52	314	
111	209	
100	31	
111	222	
110	239	
50	15	
112	212	
50	13	
101	30	
101	37	
101	34	
112	203	
112	204	
111	279	
122	101	
112	261	
111	278	
117	209	
50	46	
115	228	
60	237	
102	77	
61	222	
110	286	
111	270	
104	52	
57	311	
103	66	
57	312	
114	237	
120	124	
103	60	
115	222	
62	218	
52	18	
58	305	
58	306	
52	14	
63	208	
113	249	
52	10	
51	25	
50	38	
112	278	
123	100	
122	116	
104	68	
60	245	
60	246	
60	247	
108	15	
121	126	
116	228	
111	287	
117	212	
108	17	
103	76	
110	290	
107	23	
120	131	
102	80	
107	21	
107	22	
62	227	
110	292	
110	293	
51	18	
106	36	
106	33	
51	14	
111	257	
51	56	
51	55	
60	212	
55	313	
102	57	
102	55	
60	217	
110	269	
60	218	
61	204	
103	44	
102	50	
101	63	
56	309	
110	261	
114	219	
110	262	
114	216	
115	200	
53	22	
100	74	
112	236	
113	221	
101	62	
113	225	
121	108	
121	106	
111	267	
112	257	
104	46	
56	310	
103	53	
56	313	
121	103	
62	202	
114	224	
53	16	
120	113	
106	19	
114	228	
53	12	
112	249	
105	26	
105	23	
112	248	
106	13	
100	88	
51	39	
100	89	
113	238	
51	37	
65	213	
118	233	
118	231	
124	120	
113	296	
66	202	
50	89	
108	48	
122	140	
108	46	
50	85	
71	107	
55	24	
50	83	
62	252	
122	144	
61	269	
55	23	
54	37	
62	255	
54	36	
107	54	
62	258	
108	44	
116	252	
63	245	
53	47	
115	267	
125	107	
107	59	
123	128	
52	58	
113	287	
106	63	
53	40	
65	224	
123	143	
123	140	
66	210	
65	226	
124	130	
106	82	
114	290	
65	228	
55	19	
61	273	
123	145	
105	97	
117	251	
66	216	
116	268	
62	261	
109	42	
109	47	
50	71	
116	269	
117	254	
63	251	
107	68	
108	52	
116	260	
63	253	
116	263	
120	178	
108	56	
115	277	
120	177	
125	118	
53	34	
113	299	
106	73	
52	46	
65	232	
124	125	
60	292	
125	110	
107	62	
51	58	
118	211	
121	139	
109	16	
51	99	
112	284	
52	82	
118	214	
112	289	
113	273	
57	22	
105	66	
113	274	
109	11	
108	27	
120	148	
111	295	
62	233	
115	243	
102	94	
107	32	
102	91	
54	56	
103	81	
63	222	
62	238	
108	20	
102	96	
53	66	
105	57	
59	314	
52	76	
112	297	
117	238	
122	137	
60	262	
57	14	
117	235	
112	294	
118	220	
52	71	
119	210	
108	37	
116	246	
56	22	
50	97	
121	142	
116	244	
120	159	
61	256	
122	133	
62	242	
50	92	
50	91	
108	30	
119	208	
63	232	
121	140	
120	157	
54	41	
123	117	
113	278	
118	217	
113	276	
64	224	
52	66	
52	65	
114	264	
119	260	
129	100	
65	258	
58	31	
70	159	
124	163	
119	265	
62	290	
109	77	
62	293	
121	197	
116	298	
62	294	
56	54	
117	288	
67	237	
68	221	
127	129	
67	238	
56	51	
55	66	
128	111	
118	271	
123	170	
108	85	
55	63	
125	146	
126	130	
69	211	
55	61	
69	213	
64	272	
55	60	
122	180	
108	87	
119	257	
69	219	
70	162	
58	26	
53	85	
107	97	
65	265	
125	143	
66	251	
70	168	
119	270	
71	157	
72	141	
56	47	
124	173	
123	189	
71	159	
118	280	
109	86	
128	123	
127	139	
63	292	
68	234	
108	95	
73	135	
109	80	
73	137	
68	238	
55	51	
73	138	
109	83	
63	299	
69	225	
108	97	
127	130	
129	107	
70	176	
125	154	
58	11	
118	255	
65	236	
60	295	
57	69	
58	52	
65	238	
58	51	
71	122	
119	241	
127	103	
121	175	
126	116	
72	114	
62	274	
121	179	
62	277	
108	62	
125	124	
115	285	
73	106	
68	207	
121	174	
68	209	
64	252	
63	268	
106	87	
107	71	
59	34	
70	141	
124	137	
115	281	
66	231	
128	106	
66	232	
65	249	
128	107	
123	166	
61	295	
117	273	
116	289	
66	238	
67	222	
121	189	
122	173	
71	138	
67	223	
108	79	
128	101	
128	102	
62	287	
55	77	
128	100	
68	213	
116	281	
62	289	
126	121	
55	75	
108	74	
74	100	
73	116	
68	217	
109	61	
121	185	
64	265	
54	83	
58	39	
53	98	
123	159	
53	97	
119	245	
74	108	
70	151	
64	268	
107	86	
66	285	
58	75	
66	287	
72	171	
57	89	
125	191	
77	113	
129	149	
58	71	
67	276	
72	176	
127	169	
73	163	
56	93	
69	255	
75	141	
127	163	
125	189	
76	134	
76	136	
129	156	
67	281	
72	181	
67	282	
76	139	
66	299	
58	62	
77	125	
72	184	
78	111	
200	100	
127	177	
78	116	
68	277	
69	261	
68	278	
68	279	
126	187	
69	264	
56	80	
79	108	
74	167	
69	269	
128	138	
58	98	
76	103	
119	283	
123	196	
67	251	
129	127	
67	253	
124	184	
73	140	
68	242	
128	134	
69	230	
68	247	
109	91	
73	147	
125	169	
126	153	
69	237	
70	181	
70	183	
119	278	
75	125	
129	133	
70	189	
58	86	
66	276	
66	277	
124	196	
119	297	
77	102	
72	161	
125	180	
68	250	
57	94	
77	109	
128	146	
57	90	
73	157	
125	179	
75	131	
65	292	
70	193	
70	194	
125	172	
76	120	
76	122	
70	199	
270	189	
276	113	
258	65	
272	161	
267	262	
277	101	
271	175	
270	182	
274	137	
257	73	
258	62	
265	285	
275	124	
273	145	
255	97	
264	295	
256	84	
266	269	
255	94	
255	92	
180	308	
266	283	
272	170	
275	133	
270	192	
274	149	
256	94	
268	257	
273	156	
268	251	
272	165	
268	250	
273	154	
268	254	
273	152	
193	0	
259	33	
266	256	
270	169	
258	47	
265	260	
258	41	
270	161	
256	61	
273	123	
268	224	
255	74	
274	113	
273	127	
263	287	
255	78	
266	249	
267	237	
259	27	
272	134	
271	163	
258	56	
266	263	
259	40	
270	176	
272	150	
258	57	
258	58	
274	128	
264	285	
274	120	
273	135	
256	72	
255	88	
256	76	
273	138	
268	239	
254	96	
266	258	
273	131	
272	146	
277	141	
276	157	
278	131	
277	146	
198	5	
198	3	
274	175	
278	129	
269	277	
268	283	
267	298	
273	187	
279	111	
278	127	
276	160	
276	166	
276	165	
274	184	
279	124	
279	128	
278	135	
273	197	
268	298	
279	120	
181	305	
266	294	
272	184	
271	199	
180	311	
276	131	
257	99	
269	252	
269	257	
272	177	
278	101	
273	160	
267	277	
272	175	
277	115	
277	132	
267	295	
259	88	
182	303	
272	193	
276	149	
258	91	
258	92	
275	155	
258	90	
275	153	
181	311	
275	157	
279	105	
279	104	
269	264	
278	119	
269	263	
279	109	
269	266	
278	113	
278	112	
278	111	
277	186	
191	203	
186	307	
191	205	
191	204	
190	211	
190	210	
185	311	
186	300	
187	304	
180	42	
277	190	
186	312	
192	201	
191	215	
182	15	
278	179	
279	162	
180	38	
277	167	
275	187	
183	311	
184	302	
269	292	
279	132	
275	198	
190	205	
275	193	
279	141	
279	140	
279	142	
180	74	
184	29	
185	17	
192	235	
185	26	
184	39	
181	72	
181	70	
186	12	
184	34	
184	32	
192	244	
190	268	
195	208	
183	44	
181	69	
190	261	
182	54	
182	52	
193	200	
180	55	
270	5	
183	16	
190	239	
192	212	
182	22	
183	12	
180	49	
182	21	
181	37	
192	227	
188	310	
271	1	
279	191	
188	314	
183	25	
184	10	
184	15	
192	222	
182	33	
183	23	
191	231	
183	24	
188	309	
181	47	
275	9	
185	50	
197	215	
197	213	
196	229	
275	4	
185	53	
190	299	
182	88	
190	296	
196	227	
192	270	
187	23	
187	24	
183	70	
198	219	
199	202	
199	201	
193	275	
260	310	
276	6	
187	40	
276	1	
193	272	
184	79	
188	25	
184	72	
195	243	
187	38	
195	246	
195	245	
188	21	
194	233	
193	248	
181	84	
192	253	
191	267	
193	241	
184	46	
190	277	
196	200	
181	76	
195	214	
273	0	
181	79	
193	255	
186	32	
186	35	
181	95	
191	279	
185	40	
274	8	
192	265	
195	229	
183	64	
196	211	
196	216	
184	52	
183	68	
184	50	
194	237	
194	236	
194	294	
263	301	
263	305	
186	81	
189	43	
189	42	
185	90	
262	313	
196	269	
196	260	
278	6	
199	249	
263	314	
198	252	
198	258	
186	91	
186	92	
189	54	
189	55	
279	3	
188	68	
198	251	
189	58	
187	78	
279	0	
188	65	
193	289	
277	1	
277	2	
197	237	
193	285	
189	21	
189	20	
189	26	
195	253	
187	46	
195	251	
188	33	
195	257	
195	255	
183	91	
194	284	
194	282	
187	63	
185	83	
197	246	
185	82	
198	234	
188	48	
189	31	
185	80	
266	311	
199	271	
261	25	
260	30	
260	34	
189	89	
271	204	
189	83	
271	207	
189	81	
262	25	
261	39	
260	49	
199	282	
262	22	
267	308	
267	307	
271	214	
189	92	
267	301	
187	92	
264	314	
260	19	
199	251	
197	273	
188	79	
188	73	
188	74	
196	286	
270	212	
199	269	
270	211	
188	92	
260	25	
198	275	
260	26	
196	299	
265	309	
196	291	
189	70	
271	250	
271	255	
271	254	
274	213	
262	54	
280	102	
261	69	
265	13	
274	212	
261	62	
273	226	
263	38	
264	22	
10	111	
271	249	
280	118	
10	114	
263	54	
10	115	
10	116	
270	279	
263	56	
274	224	
262	60	
11	109	
274	229	
273	239	
261	74	
274	221	
272	241	
263	48	
264	38	
272	246	
10	124	
273	202	
272	218	
272	212	
263	19	
274	205	
273	219	
273	218	
270	252	
272	228	
273	211	
273	217	
269	300	
268	310	
281	135	
264	70	
268	25	
269	10	
11	134	
269	15	
282	121	
263	88	
12	121	
12	122	
280	143	
12	126	
280	146	
13	112	
275	245	
283	108	
13	115	
14	100	
278	206	
267	31	
265	52	
10	152	
265	56	
264	69	
11	141	
273	261	
276	247	
11	144	
281	143	
276	244	
277	234	
264	86	
265	70	
275	254	
284	108	
275	252	
283	119	
266	52	
14	113	
279	201	
280	150	
267	42	
15	102	
273	271	
264	78	
269	19	
278	211	
269	18	
272	284	
279	200	
11	150	
15	108	
11	151	
265	64	
11	152	
277	229	
265	65	
276	214	
271	273	
271	272	
11	113	
281	116	
277	201	
281	115	
264	50	
270	280	
266	27	
261	86	
275	226	
273	245	
261	81	
265	38	
261	84	
281	108	
10	133	
272	255	
281	124	
280	139	
276	224	
263	74	
271	288	
272	271	
271	286	
263	78	
280	132	
11	128	
13	101	
13	102	
280	133	
270	293	
13	106	
261	95	
273	259	
277	206	
264	57	
264	54	
10	146	
11	177	
287	102	
16	119	
11	178	
12	164	
287	107	
277	267	
17	108	
285	128	
268	63	
275	287	
268	64	
286	110	
275	286	
285	125	
14	142	
13	159	
266	87	
279	236	
14	148	
275	283	
285	123	
266	89	
267	74	
278	245	
283	144	
15	137	
283	142	
282	158	
282	157	
279	233	
10	199	
284	131	
287	113	
277	278	
269	69	
286	123	
267	88	
13	165	
268	73	
190	304	
287	111	
286	126	
286	125	
13	169	
269	61	
190	308	
266	96	
275	295	
284	149	
277	269	
16	134	
279	243	
17	120	
278	258	
10	169	
282	141	
277	242	
277	240	
12	142	
277	245	
281	159	
269	35	
12	148	
12	149	
268	43	
14	121	
13	137	
284	112	
278	229	
267	53	
285	101	
267	54	
10	170	
282	138	
278	223	
10	173	
282	137	
265	74	
283	120	
283	126	
278	227	
11	162	
10	178	
11	163	
278	224	
272	299	
282	151	
12	151	
16	109	
282	156	
13	140	
13	142	
285	115	
281	163	
13	146	
286	102	
280	177	
280	170	
15	123	
279	227	
265	84	
10	184	
11	170	
265	83	
11	171	
278	235	
278	292	
288	131	
18	130	
287	146	
13	193	
18	135	
288	133	
19	120	
286	156	
269	90	
286	158	
19	129	
285	168	
289	112	
278	288	
283	186	
288	126	
279	270	
289	116	
17	153	
17	154	
288	146	
288	144	
14	191	
19	138	
15	182	
15	184	
279	289	
16	175	
285	170	
17	164	
289	126	
16	139	
287	125	
12	183	
282	183	
12	186	
17	129	
13	173	
18	115	
268	86	
191	301	
13	175	
268	83	
268	84	
286	138	
276	298	
277	282	
276	296	
286	135	
19	106	
267	92	
15	155	
285	144	
190	312	
284	154	
12	190	
277	296	
282	194	
192	303	
18	120	
282	199	
192	307	
192	306	
19	110	
191	312	
268	95	
19	113	
18	129	
285	153	
284	168	
285	151	
16	151	
288	117	
278	277	
279	261	
284	162	
289	164	
287	188	
288	170	
287	186	
196	301	
286	196	
196	303	
191	15	
191	14	
17	196	
17	198	
17	199	
190	45	
288	189	
288	182	
191	26	
190	12	
288	158	
190	15	
286	176	
15	190	
15	191	
15	195	
286	174	
286	173	
16	183	
284	194	
194	301	
285	182	
285	181	
285	180	
18	169	
19	157	
194	312	
288	159	
194	311	
285	193	
17	185	
18	171	
191	62	
199	310	
195	18	
194	28	
195	15	
190	73	
193	34	
11	6	
195	28	
196	17	
191	76	
194	36	
190	80	
193	48	
192	53	
192	56	
190	56	
18	195	
289	180	
18	197	
191	44	
280	9	
197	312	
198	303	
280	1	
193	13	
192	29	
192	20	
289	193	
191	55	
199	304	
190	69	
19	198	
12	4	
192	32	
289	189	
197	35	
196	42	
193	77	
198	19	
192	88	
193	70	
198	17	
194	60	
270	311	
197	41	
270	312	
196	50	
14	4	
194	75	
198	29	
194	72	
199	17	
270	308	
197	37	
192	97	
194	70	
198	25	
199	10	
191	83	
190	93	
195	31	
193	59	
192	65	
16	8	
283	5	
192	67	
191	99	
195	44	
284	9	
196	32	
194	50	
195	40	
192	76	
197	18	
192	77	
192	75	
273	306	
196	88	
18	8	
199	47	
198	57	
198	72	
198	73	
17	5	
198	42	
196	61	
196	60	
196	65	
197	50	
199	24	
193	99	
194	89	
199	29	
197	49	
196	79	
195	86	
19	9	
199	35	
272	303	
194	95	
272	309	
199	34	
281	212	
10	225	
276	312	
272	17	
281	213	
11	219	
280	224	
271	20	
281	208	
276	309	
10	230	
276	307	
10	231	
199	89	
281	227	
273	18	
12	210	
13	201	
280	233	
13	203	
271	34	
270	49	
282	202	
282	201	
277	308	
10	202	
197	97	
197	96	
199	70	
280	202	
275	300	
270	17	
199	66	
280	215	
276	306	
199	80	
11	206	
280	212	
275	311	
270	29	
198	89	
199	77	
20	108	
274	31	
10	269	
274	32	
281	253	
274	30	
11	258	
290	103	
13	230	
290	108	
272	59	
272	57	
284	211	
284	217	
14	225	
284	216	
282	234	
274	27	
283	225	
16	202	
15	219	
291	106	
273	56	
21	107	
274	46	
286	200	
290	114	
272	64	
284	229	
291	101	
281	261	
13	246	
272	69	
284	223	
271	75	
14	236	
290	110	
280	270	
14	239	
282	248	
10	284	
15	227	
16	211	
16	212	
275	28	
11	230	
273	26	
280	248	
273	23	
273	28	
11	239	
12	228	
13	215	
13	216	
283	205	
277	314	
283	202	
283	201	
278	301	
280	259	
282	233	
11	247	
273	38	
280	253	
272	44	
284	207	
283	218	
271	50	
15	200	
20	101	
14	218	
274	15	
15	204	
282	223	
21	136	
279	14	
274	74	
22	125	
293	110	
287	227	
288	210	
12	288	
285	249	
18	214	
12	289	
278	25	
291	130	
273	82	
278	29	
23	118	
286	235	
19	204	
291	133	
278	27	
24	104	
276	46	
290	142	
276	40	
15	258	
16	242	
21	142	
16	244	
16	245	
283	268	
283	266	
292	135	
274	86	
288	220	
291	149	
292	133	
287	234	
291	148	
18	220	
13	280	
22	137	
12	297	
293	120	
292	136	
23	124	
18	225	
278	34	
23	128	
13	288	
286	247	
24	113	
19	216	
289	209	
277	43	
19	217	
285	250	
277	41	
24	118	
14	279	
20	164	
290	152	
294	100	
283	275	
15	269	
21	153	
282	289	
294	104	
276	55	
16	256	
22	141	
21	157	
21	115	
16	216	
17	201	
13	250	
273	61	
22	107	
17	208	
13	251	
285	226	
284	235	
13	259	
285	223	
10	292	
282	259	
274	48	
283	241	
283	240	
275	33	
17	210	
281	289	
17	211	
274	62	
292	110	
286	227	
287	218	
282	277	
274	69	
18	201	
285	238	
280	294	
277	28	
23	105	
18	206	
13	265	
286	226	
23	107	
14	251	
285	230	
276	38	
284	243	
20	140	
277	25	
277	26	
20	142	
15	244	
15	245	
15	246	
275	43	
20	148	
11	293	
11	294	
16	236	
279	58	
27	108	
23	153	
18	256	
276	90	
23	156	
18	257	
278	68	
278	69	
24	142	
23	158	
286	275	
297	105	
287	263	
20	192	
284	298	
296	113	
295	129	
286	271	
291	170	
25	139	
21	182	
17	270	
16	286	
288	248	
293	146	
275	99	
17	272	
16	288	
21	188	
276	89	
21	189	
28	100	
23	160	
297	119	
292	178	
27	118	
288	262	
288	261	
297	112	
18	269	
23	169	
296	126	
288	260	
287	275	
279	68	
25	141	
291	189	
277	86	
295	138	
296	122	
285	297	
26	136	
27	120	
16	296	
288	259	
293	158	
17	282	
22	182	
295	131	
17	286	
292	146	
275	82	
291	159	
23	130	
288	235	
23	131	
283	293	
275	86	
18	233	
292	147	
278	47	
14	280	
291	151	
292	142	
23	139	
291	157	
287	241	
286	257	
291	155	
290	162	
19	228	
14	288	
285	260	
15	274	
295	106	
278	43	
290	164	
285	265	
285	264	
25	118	
293	127	
26	105	
276	66	
21	166	
277	51	
276	67	
17	252	
294	112	
284	272	
279	49	
17	255	
22	155	
18	240	
279	47	
23	140	
17	258	
288	245	
18	244	
18	248	
279	40	
24	134	
296	109	
287	251	
277	66	
295	111	
278	53	
278	54	
277	68	
276	73	
20	189	
283	297	
22	160	
277	62	
27	103	
27	149	
18	293	
289	281	
288	295	
18	296	
28	138	
294	183	
29	124	
24	183	
298	138	
289	282	
24	187	
297	142	
25	172	
297	148	
298	132	
26	160	
26	162	
294	176	
295	164	
289	279	
28	144	
294	194	
29	134	
299	134	
29	136	
297	155	
25	183	
24	199	
25	188	
289	287	
27	166	
294	185	
28	153	
27	169	
28	154	
27	127	
18	273	
17	289	
287	289	
293	178	
23	175	
19	260	
288	278	
28	118	
298	116	
293	175	
29	103	
19	263	
292	182	
291	196	
24	165	
278	89	
279	73	
292	186	
288	271	
19	269	
292	184	
297	124	
292	183	
278	80	
296	133	
277	90	
294	154	
289	254	
293	169	
17	293	
18	282	
23	183	
293	183	
297	139	
24	170	
299	113	
23	187	
29	113	
279	85	
279	86	
24	175	
297	131	
25	163	
298	120	
297	136	
287	296	
297	135	
295	158	
296	142	
25	166	
295	156	
297	130	
279	81	
27	142	
294	168	
298	178	
29	168	
297	185	
296	190	
29	177	
298	184	
298	188	
28	194	
28	195	
20	7	
20	5	
20	3	
20	2	
29	149	
25	198	
26	185	
296	172	
26	189	
28	162	
28	166	
29	151	
299	156	
298	161	
298	160	
26	191	
296	187	
28	176	
292	8	
20	9	
29	184	
290	5	
29	192	
291	8	
299	196	
29	198	
29	199	
299	190	
291	1	
22	6	
22	4	
10	310	
10	312	
10	313	
11	307	
294	6	
13	310	
283	308	
28	4	
284	307	
15	300	
20	201	
281	314	
12	300	
12	306	
12	307	
12	308	
298	5	
298	3	
12	310	
12	313	
298	1	
13	302	
29	2	
282	302	
282	307	
287	302	
12	17	
292	204	
291	219	
291	218	
22	205	
282	17	
286	314	
291	212	
282	18	
10	37	
290	226	
10	33	
281	29	
280	32	
21	220	
17	310	
21	228	
22	214	
292	214	
22	216	
11	17	
23	200	
290	233	
10	28	
291	223	
290	238	
282	23	
282	24	
292	208	
21	231	
281	30	
15	308	
13	21	
12	37	
12	34	
12	33	
290	202	
290	201	
290	206	
10	52	
20	211	
20	213	
280	14	
280	13	
20	218	
16	303	
291	206	
286	308	
11	38	
12	20	
11	34	
10	47	
20	223	
280	23	
13	48	
22	242	
21	258	
280	84	
22	247	
293	231	
23	233	
291	253	
291	252	
12	53	
11	69	
23	236	
25	210	
25	211	
294	216	
20	271	
281	67	
11	60	
25	215	
31	100	
293	226	
289	310	
280	74	
26	204	
26	205	
14	25	
280	78	
26	208	
14	20	
22	255	
280	95	
23	242	
293	241	
11	58	
295	218	
284	44	
24	235	
296	206	
25	220	
281	79	
295	210	
10	65	
282	67	
30	125	
26	211	
14	18	
26	213	
14	17	
14	16	
286	16	
31	116	
286	17	
22	262	
294	222	
281	74	
13	69	
14	52	
14	51	
291	236	
292	227	
12	79	
292	224	
290	246	
290	245	
291	235	
284	10	
19	301	
17	14	
17	12	
291	232	
17	11	
19	305	
24	205	
11	84	
24	207	
11	81	
292	219	
14	48	
20	258	
21	243	
20	259	
281	43	
288	306	
281	41	
22	231	
292	233	
293	221	
280	71	
290	258	
13	50	
291	241	
19	310	
284	21	
12	62	
284	22	
19	314	
11	74	
16	14	
289	305	
30	101	
25	202	
15	28	
25	203	
293	213	
30	108	
14	36	
294	202	
14	34	
293	217	
289	301	
280	68	
33	111	
14	74	
298	212	
284	78	
27	229	
293	270	
33	113	
23	273	
13	87	
299	200	
298	216	
285	66	
34	101	
29	202	
284	73	
284	70	
291	295	
289	12	
289	17	
18	20	
12	93	
297	223	
295	245	
283	81	
282	97	
30	156	
25	257	
291	293	
283	85	
30	158	
16	43	
295	248	
282	98	
30	159	
282	99	
27	230	
287	30	
285	59	
32	131	
22	291	
294	258	
294	257	
32	134	
294	256	
15	50	
294	255	
28	221	
23	280	
293	283	
23	282	
13	79	
297	239	
22	299	
298	222	
14	60	
34	110	
34	112	
33	128	
18	14	
296	249	
284	83	
17	28	
25	260	
17	26	
289	29	
25	261	
25	262	
284	85	
288	32	
283	91	
12	80	
31	150	
295	254	
287	47	
25	268	
11	92	
26	255	
296	242	
27	240	
16	30	
299	206	
286	56	
299	205	
14	57	
287	42	
32	146	
27	247	
28	231	
294	266	
286	59	
295	250	
22	264	
297	207	
293	250	
32	107	
292	269	
23	254	
18	48	
284	50	
284	54	
284	52	
18	40	
296	217	
297	201	
20	290	
295	221	
16	67	
25	236	
296	211	
16	65	
296	210	
31	123	
281	83	
31	124	
21	284	
280	96	
285	38	
15	73	
293	249	
292	278	
32	115	
27	216	
28	201	
28	204	
14	80	
285	56	
33	106	
24	250	
296	226	
283	78	
288	16	
18	33	
24	255	
17	46	
290	294	
17	43	
287	27	
17	41	
17	40	
282	89	
288	14	
26	231	
288	12	
21	292	
16	53	
288	13	
31	133	
26	234	
21	294	
286	35	
32	120	
294	240	
32	122	
26	239	
21	298	
14	78	
294	245	
22	284	
15	61	
286	96	
33	158	
19	55	
286	95	
34	149	
17	79	
36	120	
25	297	
36	122	
289	50	
295	288	
288	69	
296	277	
296	276	
37	113	
32	172	
31	189	
27	274	
299	237	
27	278	
287	78	
33	162	
298	268	
298	267	
34	151	
34	152	
19	45	
19	44	
287	90	
289	69	
35	144	
18	52	
18	51	
35	149	
36	134	
36	136	
31	195	
26	296	
296	287	
289	62	
37	125	
32	184	
295	291	
286	98	
27	287	
32	186	
287	88	
28	273	
287	86	
28	275	
288	71	
32	148	
297	249	
28	236	
19	79	
28	237	
34	121	
28	238	
28	239	
24	282	
294	280	
19	75	
297	243	
293	291	
34	128	
18	86	
297	247	
285	83	
289	37	
296	252	
26	260	
17	98	
295	267	
25	277	
25	278	
18	80	
30	178	
31	163	
17	94	
31	164	
36	106	
295	264	
287	56	
33	140	
27	259	
294	290	
33	144	
286	85	
299	234	
24	292	
24	293	
29	235	
289	46	
29	236	
18	78	
34	137	
35	124	
297	257	
296	261	
26	273	
288	53	
287	69	
36	116	
37	101	
26	277	
288	57	
32	161	
287	62	
31	178	
16	94	
27	266	
295	275	
287	66	
32	166	
37	108	
39	123	
34	184	
298	299	
29	289	
19	97	
19	95	
35	176	
35	177	
298	296	
37	150	
37	151	
289	97	
29	293	
34	193	
29	294	
299	296	
34	199	
299	298	
36	170	
35	186	
36	174	
36	178	
18	92	
38	151	
39	143	
28	277	
33	179	
297	285	
289	78	
298	276	
35	159	
36	144	
27	290	
37	132	
296	299	
297	283	
289	76	
37	133	
32	192	
296	298	
296	297	
32	196	
299	259	
33	182	
288	83	
29	270	
39	112	
33	188	
34	172	
299	272	
34	176	
29	278	
35	163	
35	165	
297	296	
298	284	
289	82	
289	80	
37	143	
38	135	
288	95	
29	281	
38	180	
37	197	
39	171	
38	187	
39	175	
39	184	
39	145	
35	197	
35	199	
37	175	
37	176	
38	166	
39	152	
38	168	
39	155	
39	156	
36	194	
37	181	
38	179	
31	1	
32	7	
290	303	
35	1	
291	304	
21	304	
291	309	
291	308	
291	306	
290	313	
34	7	
37	1	
37	0	
36	5	
20	300	
155	236	
98	301	
310	188	
306	273	
305	289	
148	12	
306	276	
151	282	
98	307	
148	14	
154	244	
98	309	
153	259	
145	49	
93	12	
155	232	
154	247	
141	99	
91	39	
304	291	
157	206	
91	35	
313	141	
3	307	
153	255	
146	32	
90	49	
3	304	
157	201	
156	216	
156	215	
3	300	
162	103	
234	4	
143	69	
161	117	
2	312	
160	146	
155	247	
311	183	
310	199	
142	98	
98	313	
148	20	
311	185	
155	244	
99	301	
311	180	
156	233	
311	181	
220	308	
156	232	
151	291	
314	148	
92	18	
305	294	
163	108	
146	45	
314	144	
309	245	
99	309	
160	140	
91	28	
314	140	
153	262	
157	219	
145	55	
92	11	
162	117	
153	261	
235	4	
158	207	
145	59	
309	240	
2	308	
156	227	
151	285	
307	267	
162	114	
157	215	
2	303	
152	273	
150	272	
160	111	
142	63	
150	270	
310	169	
305	263	
306	250	
146	13	
141	72	
5	309	
154	220	
141	70	
310	160	
5	307	
309	219	
93	33	
314	111	
92	47	
314	113	
141	75	
313	124	
152	244	
144	35	
144	36	
313	126	
308	220	
146	10	
153	232	
308	222	
302	297	
96	313	
313	122	
312	138	
151	253	
150	268	
155	208	
143	44	
91	50	
144	33	
310	159	
151	257	
97	303	
306	246	
97	305	
310	177	
97	307	
94	17	
94	16	
97	309	
93	29	
93	27	
141	84	
314	127	
310	170	
154	231	
141	81	
145	39	
150	280	
313	138	
4	307	
153	241	
152	256	
144	47	
152	254	
92	31	
303	297	
91	46	
308	231	
303	290	
156	206	
143	56	
151	264	
91	41	
90	57	
161	103	
307	245	
144	44	
156	208	
306	257	
307	242	
160	179	
166	102	
7	305	
161	160	
90	91	
161	167	
7	302	
7	300	
94	43	
165	111	
93	56	
147	67	
160	175	
160	174	
155	275	
148	52	
6	310	
314	179	
148	50	
145	88	
92	66	
314	174	
309	276	
154	284	
308	286	
159	224	
309	272	
92	60	
157	245	
91	75	
312	197	
308	283	
161	158	
149	34	
0	37	
149	35	
91	72	
145	83	
90	87	
222	308	
163	131	
158	232	
312	194	
307	296	
158	230	
149	51	
95	23	
166	113	
156	273	
94	38	
161	178	
95	20	
94	35	
166	117	
6	305	
93	47	
6	302	
164	136	
147	73	
166	111	
314	188	
93	43	
147	76	
93	42	
164	131	
223	307	
146	81	
91	69	
91	68	
154	294	
92	50	
163	148	
164	132	
145	90	
91	63	
95	19	
91	62	
162	152	
308	296	
157	259	
308	291	
0	63	
155	258	
311	194	
156	241	
160	155	
147	48	
148	32	
307	282	
143	96	
156	246	
94	69	
306	291	
221	305	
306	292	
4	14	
99	314	
4	12	
164	106	
155	250	
93	79	
98	17	
2	39	
155	251	
314	158	
3	20	
163	114	
309	252	
313	169	
158	219	
159	203	
163	117	
91	99	
313	165	
153	275	
313	166	
308	267	
1	44	
161	138	
157	223	
97	22	
307	276	
96	37	
157	221	
149	12	
97	20	
306	288	
95	48	
91	90	
160	167	
312	190	
0	50	
148	42	
147	58	
312	191	
156	250	
94	57	
7	311	
155	260	
164	114	
237	7	
2	29	
160	163	
314	168	
237	6	
160	161	
153	285	
158	226	
97	19	
93	62	
163	124	
145	77	
309	265	
1	37	
154	273	
1	35	
163	127	
145	78	
96	29	
308	277	
2	20	
313	177	
312	186	
162	132	
156	249	
1	31	
143	98	
152	290	
143	99	
149	29	
96	22	
307	284	
149	27	
308	270	
148	99	
157	291	
6	11	
0	84	
5	20	
0	80	
148	91	
230	215	
165	155	
3	48	
164	169	
231	203	
230	219	
230	217	
163	179	
164	162	
230	212	
2	55	
225	311	
2	52	
220	21	
162	185	
220	25	
5	17	
162	189	
227	303	
166	158	
95	64	
4	28	
95	62	
167	144	
230	224	
4	22	
230	229	
165	169	
166	153	
94	70	
93	86	
92	99	
163	189	
98	22	
221	28	
163	183	
220	35	
158	282	
163	180	
0	67	
158	288	
158	286	
156	286	
5	46	
166	123	
166	129	
161	188	
167	112	
161	186	
165	133	
164	148	
165	131	
155	291	
147	84	
160	197	
165	138	
156	282	
4	53	
155	297	
147	88	
98	58	
3	65	
146	92	
147	81	
146	98	
98	53	
97	69	
224	305	
309	294	
159	244	
2	73	
162	164	
167	104	
149	57	
97	63	
309	291	
163	153	
97	60	
96	76	
167	108	
158	252	
6	22	
95	89	
156	295	
96	72	
5	36	
0	95	
162	184	
95	85	
156	299	
157	282	
99	39	
147	95	
4	41	
161	192	
166	132	
165	147	
230	206	
148	83	
224	314	
220	18	
158	268	
2	67	
164	150	
165	140	
98	42	
1	77	
162	177	
163	160	
158	260	
157	276	
97	53	
96	69	
157	275	
149	68	
96	68	
97	50	
158	264	
233	220	
6	54	
231	249	
225	10	
5	66	
233	222	
167	178	
225	14	
223	35	
9	19	
231	243	
223	34	
99	68	
232	231	
223	37	
167	170	
222	43	
169	147	
223	32	
7	38	
2	97	
221	51	
98	70	
221	50	
7	34	
311	0	
221	55	
311	7	
169	144	
7	32	
229	304	
234	202	
96	97	
232	247	
224	38	
233	230	
224	39	
6	42	
5	53	
220	84	
231	255	
240	108	
235	209	
99	58	
232	243	
4	63	
166	199	
166	198	
8	18	
231	256	
4	62	
3	78	
230	263	
8	16	
3	76	
230	261	
221	68	
99	51	
235	201	
240	107	
230	266	
169	152	
6	38	
168	166	
225	18	
235	200	
7	20	
97	73	
312	2	
97	71	
96	86	
7	61	
166	168	
5	86	
230	238	
230	237	
5	85	
231	220	
99	89	
231	224	
169	127	
4	93	
164	185	
221	35	
169	125	
99	83	
165	174	
230	233	
98	97	
159	288	
7	57	
158	295	
232	209	
158	293	
168	132	
220	49	
220	47	
159	281	
231	239	
232	226	
5	76	
168	150	
231	232	
222	39	
4	88	
167	161	
167	160	
165	181	
9	20	
169	136	
223	20	
230	244	
165	184	
3	91	
222	35	
3	92	
228	307	
7	46	
97	98	
310	6	
228	304	
168	143	
98	80	
97	96	
7	42	
168	149	
169	133	
221	42	
159	291	
6	98	
243	103	
7	83	
6	93	
242	111	
236	228	
237	212	
224	64	
241	126	
228	19	
225	52	
224	65	
228	12	
241	122	
240	137	
169	183	
240	131	
7	73	
243	115	
226	50	
233	279	
234	261	
225	69	
242	121	
223	89	
240	147	
235	248	
228	21	
227	37	
223	81	
241	135	
241	134	
99	92	
236	234	
231	293	
8	54	
99	91	
222	90	
234	254	
169	197	
220	93	
224	47	
225	36	
236	206	
236	205	
223	56	
167	194	
9	79	
313	1	
223	50	
222	63	
9	76	
235	218	
235	217	
222	67	
8	87	
235	216	
8	85	
168	179	
221	74	
221	71	
222	61	
169	165	
221	76	
169	164	
7	93	
7	94	
242	106	
168	197	
7	90	
168	195	
233	254	
168	194	
236	218	
224	53	
236	216	
224	50	
223	67	
232	265	
241	119	
240	125	
222	76	
230	285	
9	67	
222	74	
227	15	
9	65	
240	129	
9	63	
241	111	
233	249	
233	247	
168	187	
235	221	
8	71	
7	87	
234	236	
222	70	
7	84	
243	147	
239	231	
225	97	
238	246	
244	133	
243	140	
164	4	
225	96	
164	8	
225	94	
9	99	
245	119	
9	97	
235	278	
9	98	
237	253	
242	151	
9	94	
234	287	
227	62	
240	176	
244	141	
304	308	
239	248	
235	291	
247	107	
237	267	
247	105	
229	58	
226	90	
226	91	
165	6	
242	168	
246	116	
228	65	
9	86	
229	50	
247	104	
236	279	
247	101	
9	83	
235	284	
234	299	
8	97	
8	95	
235	288	
246	111	
235	286	
238	226	
226	65	
239	214	
225	79	
243	127	
229	27	
241	148	
232	291	
224	84	
233	282	
238	223	
233	280	
223	94	
223	92	
227	49	
236	247	
237	230	
236	246	
226	58	
226	59	
228	31	
244	109	
227	44	
244	108	
226	72	
244	120	
239	226	
226	77	
234	282	
242	145	
238	230	
302	308	
224	95	
243	132	
233	292	
225	82	
233	290	
224	99	
241	153	
236	254	
245	108	
241	151	
237	242	
241	156	
236	256	
229	31	
228	47	
245	102	
245	101	
239	218	
234	277	
244	116	
245	100	
235	264	
244	179	
302	13	
238	285	
300	36	
300	35	
237	299	
249	113	
239	273	
249	112	
247	133	
243	180	
300	31	
229	87	
246	141	
245	157	
311	202	
311	205	
228	96	
310	214	
228	94	
249	128	
245	170	
249	126	
245	172	
243	195	
301	31	
153	301	
300	44	
153	308	
248	137	
229	96	
229	93	
312	208	
311	218	
300	42	
238	290	
229	98	
246	156	
229	91	
306	310	
311	211	
306	312	
168	5	
244	154	
166	4	
243	169	
244	152	
244	155	
166	7	
242	177	
300	12	
242	175	
166	0	
238	265	
300	15	
228	77	
241	187	
150	306	
305	311	
249	104	
245	151	
239	268	
301	19	
167	2	
247	129	
300	24	
248	112	
248	111	
239	262	
239	260	
246	138	
151	306	
246	137	
300	20	
227	97	
310	207	
245	143	
244	159	
241	193	
229	70	
236	291	
303	40	
310	268	
160	214	
151	11	
151	12	
300	79	
305	19	
310	260	
301	68	
249	156	
151	16	
302	51	
248	160	
300	70	
309	310	
312	236	
304	21	
303	35	
312	233	
311	243	
302	65	
151	29	
303	52	
248	177	
150	37	
152	10	
152	11	
314	224	
248	172	
150	31	
305	23	
306	12	
248	175	
312	247	
305	26	
246	195	
311	259	
312	244	
246	197	
311	256	
304	33	
302	33	
239	297	
301	48	
311	230	
301	42	
302	30	
244	192	
249	133	
248	148	
247	155	
247	154	
308	302	
312	219	
308	304	
248	142	
245	179	
311	225	
245	176	
246	167	
246	165	
303	16	
310	254	
302	45	
160	200	
155	301	
302	44	
246	181	
310	250	
302	49	
314	208	
245	195	
302	47	
249	145	
313	212	
300	64	
150	11	
246	171	
310	248	
311	294	
152	45	
160	253	
303	81	
311	292	
307	33	
302	92	
164	204	
249	199	
151	58	
302	93	
158	314	
314	250	
150	64	
314	251	
163	211	
314	252	
150	62	
313	262	
151	52	
241	0	
163	215	
305	58	
162	221	
153	28	
312	276	
312	270	
162	224	
154	17	
162	223	
161	238	
152	58	
303	93	
165	205	
308	39	
303	97	
170	108	
151	66	
306	58	
303	91	
303	90	
170	100	
155	15	
306	51	
314	263	
314	264	
164	212	
159	310	
154	28	
310	289	
304	50	
161	221	
303	64	
311	270	
303	63	
307	11	
306	27	
301	86	
151	34	
306	26	
306	25	
248	188	
151	37	
302	74	
151	38	
307	12	
162	207	
313	245	
248	181	
304	49	
300	92	
304	48	
301	81	
157	309	
157	300	
161	213	
304	47	
161	218	
157	303	
305	30	
311	266	
312	251	
303	73	
153	21	
152	34	
308	12	
307	28	
161	233	
310	294	
160	248	
303	75	
152	39	
153	23	
308	15	
303	74	
301	96	
163	208	
151	49	
302	83	
301	99	
301	98	
248	193	
249	182	
151	40	
306	34	
158	306	
313	252	
162	219	
158	304	
161	226	
153	17	
311	275	
160	298	
166	229	
309	56	
167	211	
165	233	
152	81	
151	97	
156	39	
170	136	
306	84	
163	255	
156	30	
155	46	
155	47	
157	21	
151	93	
162	265	
244	8	
166	219	
305	97	
167	208	
163	250	
154	59	
166	234	
309	62	
171	139	
161	298	
171	137	
159	13	
167	221	
152	95	
307	87	
230	302	
230	301	
166	232	
158	23	
170	146	
308	75	
165	246	
230	305	
307	89	
163	268	
173	106	
168	207	
152	90	
172	113	
173	104	
168	205	
173	103	
162	279	
172	118	
306	90	
171	102	
166	203	
160	276	
309	33	
308	48	
164	226	
160	273	
314	277	
170	112	
308	41	
151	70	
306	60	
307	51	
307	50	
155	22	
312	292	
312	295	
161	272	
157	19	
166	211	
161	270	
153	63	
171	116	
309	45	
154	50	
166	216	
171	114	
307	66	
307	65	
170	123	
307	67	
306	73	
150	95	
314	286	
313	296	
155	39	
156	23	
314	281	
305	82	
161	267	
166	208	
150	92	
313	290	
166	269	
309	97	
176	108	
173	140	
172	156	
172	155	
167	256	
309	99	
172	153	
309	98	
165	276	
158	53	
158	51	
158	56	
170	177	
158	55	
164	289	
170	171	
165	272	
169	228	
154	98	
174	121	
173	137	
155	86	
168	235	
173	134	
233	312	
173	150	
159	57	
171	170	
176	116	
166	276	
176	113	
157	71	
164	295	
156	85	
169	234	
173	149	
174	138	
157	73	
175	121	
170	180	
233	305	
155	95	
155	96	
172	158	
168	242	
155	94	
155	99	
173	146	
164	290	
162	290	
231	308	
158	30	
307	98	
307	97	
165	252	
158	33	
174	103	
173	117	
174	101	
155	69	
230	311	
164	267	
165	250	
174	105	
163	271	
167	227	
168	211	
155	63	
154	79	
172	125	
155	61	
167	225	
162	284	
309	69	
155	67	
171	156	
158	47	
167	246	
172	145	
159	35	
172	142	
154	95	
165	264	
175	103	
308	91	
158	45	
159	30	
170	167	
171	150	
169	215	
174	111	
169	218	
173	122	
172	137	
163	281	
167	237	
167	236	
172	135	
173	124	
159	88	
178	120	
172	195	
168	285	
168	284	
241	205	
158	94	
176	142	
240	216	
175	155	
178	118	
174	160	
231	10	
173	175	
230	27	
179	106	
174	165	
169	265	
178	119	
173	191	
178	130	
230	47	
230	44	
168	294	
178	134	
173	192	
237	301	
237	300	
176	153	
174	178	
241	211	
236	312	
178	128	
231	21	
231	22	
173	185	
169	270	
175	160	
231	28	
174	175	
231	26	
230	10	
171	189	
171	187	
230	13	
168	263	
230	11	
167	277	
178	101	
157	89	
177	110	
175	130	
174	145	
175	134	
157	85	
234	300	
169	243	
174	141	
168	257	
171	199	
172	187	
177	127	
171	193	
176	133	
159	70	
158	86	
176	132	
176	137	
177	120	
159	71	
171	194	
174	158	
157	93	
157	94	
175	140	
157	91	
176	130	
157	98	
235	305	
172	179	
168	264	
174	153	
169	252	
230	79	
178	167	
230	78	
177	170	
242	237	
178	161	
234	26	
240	257	
176	181	
175	196	
233	30	
176	185	
241	242	
244	206	
244	204	
179	143	
179	160	
178	174	
236	16	
179	163	
235	29	
230	88	
236	14	
234	35	
242	241	
241	257	
243	232	
234	39	
243	231	
235	24	
242	245	
250	108	
241	250	
241	256	
241	255	
179	157	
231	66	
245	205	
233	40	
244	219	
179	158	
178	143	
242	218	
242	217	
178	140	
238	305	
230	56	
241	227	
233	18	
241	225	
177	153	
241	228	
175	174	
175	173	
179	129	
175	176	
231	32	
230	48	
173	197	
179	121	
179	125	
242	227	
230	69	
244	200	
243	215	
178	155	
177	162	
176	175	
242	226	
242	225	
233	23	
240	247	
230	59	
169	293	
232	34	
244	257	
171	6	
171	4	
247	218	
242	277	
234	68	
252	116	
235	50	
248	204	
251	124	
251	123	
241	283	
241	287	
232	85	
250	130	
179	187	
251	121	
232	86	
240	294	
237	28	
243	279	
249	204	
248	219	
244	261	
310	312	
245	250	
236	57	
254	105	
252	127	
248	214	
238	28	
246	236	
241	293	
239	11	
247	225	
234	76	
239	14	
246	238	
310	306	
245	243	
244	259	
245	242	
310	309	
232	99	
241	291	
233	84	
245	247	
231	81	
230	97	
236	23	
244	230	
243	245	
243	249	
231	83	
236	25	
179	172	
235	35	
235	32	
230	91	
242	256	
240	277	
251	100	
251	107	
234	40	
179	168	
232	63	
232	66	
232	65	
243	258	
235	49	
179	182	
243	256	
231	91	
247	207	
242	266	
242	265	
234	56	
247	204	
235	45	
170	3	
243	251	
235	44	
247	208	
234	50	
241	272	
252	102	
247	203	
251	117	
246	216	
236	28	
236	29	
251	110	
233	62	
250	123	
240	283	
236	86	
250	182	
254	138	
252	158	
253	149	
249	233	
235	98	
249	231	
256	109	
247	253	
239	46	
252	150	
174	7	
253	140	
239	47	
255	118	
245	278	
238	53	
237	69	
245	277	
237	67	
245	275	
312	310	
246	263	
236	99	
160	300	
245	290	
160	304	
245	295	
238	72	
245	294	
237	86	
248	256	
248	255	
175	4	
252	169	
248	254	
313	314	
249	243	
175	9	
257	102	
253	151	
257	107	
253	150	
252	165	
250	187	
246	272	
238	65	
245	288	
238	62	
247	261	
238	68	
238	66	
239	51	
238	67	
249	216	
236	65	
237	54	
254	117	
244	276	
248	221	
242	296	
249	212	
243	284	
235	77	
247	232	
233	96	
247	236	
248	220	
311	305	
239	28	
251	149	
247	233	
239	26	
250	155	
233	90	
238	30	
238	35	
250	156	
245	257	
237	60	
245	273	
248	235	
234	99	
248	239	
243	297	
252	141	
312	306	
251	155	
247	240	
234	92	
238	49	
239	38	
234	98	
247	245	
237	58	
237	59	
250	165	
250	163	
246	255	
246	253	
178	0	
255	163	
256	152	
256	150	
178	2	
254	172	
248	288	
254	171	
249	271	
311	22	
310	38	
254	177	
311	27	
254	174	
312	10	
248	282	
247	297	
248	280	
162	303	
162	308	
252	198	
313	12	
255	174	
313	10	
249	285	
254	184	
311	35	
254	181	
257	149	
253	192	
310	41	
253	195	
248	295	
310	46	
257	140	
178	6	
239	96	
176	9	
237	95	
160	310	
249	257	
246	290	
255	144	
249	252	
314	313	
310	19	
249	250	
310	17	
254	152	
249	253	
247	276	
258	100	
310	10	
257	119	
310	13	
253	160	
310	12	
238	74	
160	305	
257	112	
257	111	
252	170	
256	127	
255	153	
177	3	
256	142	
238	93	
256	141	
259	103	
249	263	
249	266	
239	78	
310	22	
247	286	
251	199	
310	23	
251	198	
161	307	
257	122	
257	121	
256	137	
251	195	
161	304	
170	215	
170	219	
259	157	
311	66	
312	57	
165	313	
160	22	
257	179	
160	23	
310	74	
259	153	
311	64	
160	26	
310	78	
256	189	
314	23	
166	313	
313	56	
313	55	
162	11	
311	77	
313	51	
310	86	
311	75	
314	35	
310	82	
256	170	
256	175	
313	27	
249	296	
164	302	
259	133	
249	293	
249	297	
179	8	
258	148	
310	56	
257	151	
256	167	
179	0	
179	1	
179	5	
165	307	
255	195	
256	185	
170	209	
256	184	
313	36	
311	57	
255	193	
170	200	
312	44	
258	155	
257	168	
310	69	
259	140	
314	19	
310	60	
164	20	
163	35	
171	246	
170	252	
170	256	
163	31	
160	68	
173	217	
161	53	
173	216	
160	67	
174	205	
162	41	
312	90	
164	17	
173	213	
168	314	
160	63	
164	31	
171	254	
313	98	
170	264	
175	204	
313	91	
313	96	
173	229	
160	79	
169	313	
252	2	
162	51	
174	215	
174	214	
165	13	
169	310	
173	223	
173	222	
170	237	
162	28	
171	227	
314	52	
162	26	
163	11	
161	32	
310	91	
257	195	
171	217	
314	45	
160	43	
163	25	
313	78	
171	236	
164	12	
162	33	
170	245	
313	72	
161	41	
311	94	
258	198	
161	40	
250	0	
314	59	
172	212	
160	53	
311	90	
250	5	
172	218	
172	217	
173	200	
182	113	
163	73	
164	60	
180	139	
163	75	
175	239	
175	230	
161	96	
166	38	
161	94	
175	234	
180	132	
170	291	
177	208	
165	49	
166	32	
164	76	
165	60	
169	18	
240	309	
180	148	
162	99	
176	232	
175	248	
169	13	
168	29	
169	10	
163	85	
240	300	
174	255	
174	254	
163	80	
175	242	
255	5	
173	262	
183	109	
183	108	
178	209	
183	107	
181	107	
163	59	
164	43	
164	40	
314	92	
314	99	
172	254	
171	268	
170	272	
253	5	
173	238	
161	72	
174	226	
174	225	
172	248	
165	24	
172	245	
176	218	
172	263	
176	211	
163	61	
180	125	
170	285	
170	288	
166	27	
162	70	
174	233	
166	25	
180	122	
170	280	
166	28	
160	93	
165	35	
166	21	
182	156	
182	154	
166	81	
182	158	
181	165	
177	254	
175	274	
185	112	
175	272	
180	170	
175	271	
258	2	
179	220	
174	286	
184	124	
179	224	
259	9	
243	311	
183	156	
181	176	
169	52	
168	66	
259	2	
186	119	
180	184	
167	74	
185	129	
185	127	
176	270	
168	63	
184	132	
185	121	
179	238	
166	88	
166	86	
182	135	
169	27	
181	149	
177	234	
177	239	
178	221	
172	296	
241	303	
180	158	
169	23	
163	98	
164	83	
177	230	
176	245	
168	38	
184	108	
176	240	
175	256	
256	2	
179	201	
166	51	
165	67	
166	50	
166	55	
167	40	
242	307	
165	81	
182	145	
182	144	
177	248	
177	242	
168	48	
166	68	
185	100	
175	260	
167	53	
185	106	
175	265	
168	40	
180	163	
165	78	
173	286	
184	113	
183	184	
183	188	
240	39	
188	127	
169	85	
187	131	
251	206	
246	306	
186	145	
168	95	
189	107	
179	267	
184	165	
250	213	
245	313	
189	121	
184	180	
188	135	
189	125	
184	183	
189	123	
178	298	
252	205	
169	95	
178	293	
252	208	
178	292	
251	217	
252	200	
179	278	
242	16	
185	164	
185	162	
183	163	
182	179	
178	264	
244	312	
240	18	
188	107	
181	187	
177	272	
187	110	
176	286	
168	78	
187	114	
186	129	
175	293	
168	70	
179	245	
179	244	
183	157	
166	98	
187	128	
184	162	
179	262	
240	27	
188	116	
179	260	
177	280	
188	111	
187	126	
186	131	
245	307	
176	294	
245	309	
181	191	
183	169	
188	109	
250	202	
185	140	
184	156	
179	257	
189	158	
254	216	
242	50	
188	161	
240	77	
245	15	
245	16	
187	179	
251	243	
187	172	
187	171	
250	254	
242	45	
189	149	
185	191	
185	196	
242	48	
189	163	
246	15	
189	162	
255	213	
255	212	
250	271	
254	226	
242	62	
252	249	
253	237	
246	13	
240	86	
187	181	
251	256	
244	35	
255	206	
250	263	
260	102	
250	268	
253	208	
240	58	
241	41	
184	193	
253	209	
189	133	
252	216	
187	156	
252	213	
251	229	
186	161	
247	312	
242	23	
242	22	
185	176	
185	173	
249	304	
189	147	
244	18	
248	310	
244	16	
252	224	
187	168	
250	249	
252	223	
244	15	
250	241	
250	245	
243	21	
260	141	
255	241	
255	246	
181	9	
189	199	
254	250	
246	45	
181	2	
261	129	
243	79	
251	287	
245	51	
252	275	
243	72	
250	295	
262	110	
248	18	
252	270	
256	226	
254	268	
246	58	
256	241	
248	32	
260	155	
243	92	
264	101	
263	116	
246	53	
258	216	
246	56	
246	54	
259	203	
257	226	
245	60	
258	214	
257	229	
245	63	
255	248	
242	98	
256	231	
257	222	
243	88	
256	236	
244	70	
254	236	
247	11	
254	234	
254	233	
253	249	
241	85	
260	122	
240	94	
188	183	
240	93	
240	99	
253	247	
189	171	
253	246	
251	268	
261	105	
187	195	
255	217	
260	116	
242	68	
260	119	
243	56	
247	22	
255	231	
250	293	
247	27	
260	131	
254	248	
246	31	
252	269	
188	199	
245	48	
244	54	
262	102	
257	202	
255	228	
261	110	
255	227	
255	226	
250	285	
242	77	
260	129	
261	112	
247	75	
260	187	
265	127	
264	134	
263	147	
246	84	
254	295	
258	243	
249	49	
263	145	
245	98	
256	266	
249	43	
266	105	
260	179	
262	153	
249	44	
184	2	
260	196	
265	136	
265	135	
170	303	
247	87	
255	294	
248	77	
246	96	
259	244	
265	133	
247	85	
264	147	
265	131	
257	269	
257	268	
185	1	
267	107	
249	57	
257	265	
265	104	
247	53	
256	251	
245	79	
263	127	
254	271	
255	260	
254	275	
264	114	
252	296	
253	280	
244	87	
258	220	
245	72	
246	60	
253	281	
261	143	
256	243	
260	158	
256	242	
252	291	
256	248	
254	289	
255	272	
265	119	
247	68	
260	175	
264	120	
245	89	
255	271	
246	79	
247	60	
246	77	
253	291	
244	98	
262	145	
257	245	
257	249	
257	240	
261	153	
257	244	
244	95	
257	241	
249	34	
265	169	
249	93	
267	141	
249	92	
265	162	
264	178	
269	116	
264	170	
269	110	
259	273	
268	129	
263	187	
257	294	
249	87	
266	149	
263	181	
172	306	
257	297	
249	88	
172	305	
269	129	
259	288	
265	175	
259	282	
259	280	
173	307	
258	290	
258	294	
261	190	
247	97	
266	136	
256	294	
249	70	
264	158	
186	8	
170	310	
262	179	
263	168	
264	151	
186	3	
258	266	
249	65	
261	187	
267	111	
268	100	
267	115	
262	173	
266	143	
248	98	
248	99	
187	2	
264	165	
264	168	
268	116	
262	189	
267	129	
263	172	
259	263	
258	278	
269	101	
262	180	
257	286	
267	182	
176	307	
176	306	
181	204	
176	308	
180	212	
181	201	
171	11	
171	18	
268	163	
267	179	
170	24	
267	191	
182	202	
180	224	
181	213	
180	226	
269	166	
268	171	
170	36	
267	164	
267	161	
174	308	
259	299	
265	188	
265	187	
174	301	
174	305	
269	134	
266	187	
266	184	
180	203	
180	202	
265	192	
180	207	
180	206	
180	204	
268	158	
269	141	
174	314	
170	10	
170	11	
268	150	
181	248	
175	13	
181	246	
269	199	
179	308	
184	206	
269	196	
172	46	
261	4	
184	203	
261	2	
171	51	
174	36	
183	233	
182	249	
175	24	
170	83	
175	23	
172	58	
181	254	
172	51	
190	104	
180	262	
183	225	
175	16	
179	314	
171	62	
177	313	
177	310	
268	190	
172	25	
173	10	
173	13	
171	39	
268	187	
182	226	
269	185	
171	45	
180	243	
172	34	
172	32	
178	309	
170	58	
175	53	
192	115	
265	7	
188	204	
175	56	
187	211	
182	270	
191	125	
181	285	
192	113	
190	134	
185	235	
178	10	
178	11	
190	137	
172	87	
177	29	
176	34	
176	35	
171	94	
185	230	
176	37	
193	113	
175	64	
182	288	
193	111	
193	110	
175	68	
191	136	
182	285	
250	306	
190	143	
177	35	
186	234	
184	254	
250	300	
184	256	
170	94	
174	49	
191	104	
173	55	
181	263	
191	102	
190	118	
190	117	
174	43	
173	59	
263	8	
191	106	
182	250	
186	201	
186	200	
172	66	
183	236	
171	72	
170	88	
170	86	
187	208	
182	267	
192	104	
175	46	
192	109	
175	44	
180	289	
191	118	
192	101	
192	100	
191	116	
186	217	
185	224	
190	126	
185	227	
180	285	
175	39	
175	37	
171	81	
170	97	
177	11	
176	28	
193	146	
253	305	
193	144	
193	143	
193	148	
184	292	
194	131	
188	248	
252	314	
252	313	
192	151	
253	301	
195	117	
178	52	
268	4	
196	100	
187	250	
268	7	
176	77	
268	1	
177	64	
193	159	
176	94	
197	106	
187	266	
269	9	
187	265	
196	119	
187	263	
187	268	
191	173	
178	65	
177	79	
178	64	
196	118	
192	161	
187	261	
186	277	
187	260	
184	298	
177	74	
183	282	
184	272	
175	79	
182	292	
192	133	
185	256	
178	30	
250	314	
178	31	
178	36	
189	205	
194	103	
176	54	
177	42	
250	310	
184	266	
176	59	
176	70	
183	294	
175	87	
183	293	
252	309	
183	292	
176	72	
191	159	
179	33	
178	49	
192	140	
187	241	
179	38	
251	312	
195	105	
251	314	
185	269	
189	216	
267	0	
189	215	
184	274	
189	214	
195	102	
189	219	
267	5	
199	115	
198	128	
194	171	
260	221	
250	33	
197	137	
197	136	
192	195	
187	296	
179	89	
250	37	
188	287	
189	270	
250	35	
193	184	
261	206	
196	144	
260	212	
194	168	
178	92	
195	156	
178	93	
251	36	
251	34	
195	172	
189	289	
189	288	
199	127	
197	147	
188	298	
198	137	
251	30	
261	218	
262	201	
257	306	
179	95	
179	96	
256	311	
252	17	
260	224	
195	168	
198	109	
194	150	
254	310	
177	91	
189	256	
194	153	
179	68	
187	275	
192	173	
188	265	
250	13	
197	119	
196	124	
196	123	
186	283	
191	181	
187	273	
196	127	
186	287	
191	185	
190	191	
185	297	
185	294	
251	14	
189	262	
251	13	
194	167	
193	171	
198	116	
198	115	
250	24	
260	209	
197	121	
179	74	
177	95	
195	141	
186	292	
191	190	
177	98	
270	102	
264	218	
251	67	
260	265	
265	205	
260	263	
259	311	
198	166	
263	225	
255	17	
251	66	
264	213	
251	63	
197	173	
262	239	
250	74	
261	247	
254	23	
196	185	
261	244	
253	37	
252	64	
264	229	
252	62	
264	228	
270	111	
265	211	
251	72	
250	86	
199	166	
251	77	
256	18	
256	16	
263	230	
255	22	
255	26	
255	24	
253	46	
253	43	
196	198	
253	47	
194	198	
258	303	
250	54	
251	41	
189	291	
198	146	
197	152	
262	210	
197	150	
250	52	
261	225	
260	239	
261	222	
260	255	
195	192	
199	140	
263	215	
259	300	
197	169	
199	144	
250	68	
263	212	
197	168	
198	152	
262	226	
195	187	
261	230	
197	160	
196	175	
261	234	
271	130	
266	230	
258	20	
258	21	
257	30	
257	31	
263	269	
191	8	
270	141	
252	94	
265	242	
199	198	
263	260	
268	207	
263	266	
273	105	
255	56	
263	264	
253	78	
253	79	
258	17	
261	288	
266	242	
265	257	
253	97	
192	9	
259	20	
264	263	
264	269	
270	150	
273	113	
256	50	
262	288	
274	102	
269	203	
256	53	
255	69	
273	117	
256	51	
253	89	
267	222	
267	221	
261	296	
259	13	
272	125	
255	62	
271	139	
272	123	
254	76	
266	213	
253	63	
260	288	
257	18	
260	285	
263	249	
251	84	
199	171	
263	246	
264	235	
251	86	
270	119	
266	204	
266	209	
258	11	
253	70	
257	25	
199	189	
258	15	
261	281	
265	238	
263	259	
198	199	
265	232	
199	188	
252	83	
190	1	
262	267	
263	250	
254	58	
198	196	
198	194	
190	4	
253	67	
266	214	
261	273	
267	205	
261	279	
271	118	
266	218	
129	186	
78	145	
129	185	
128	198	
69	298	
120	1	
201	112	
200	140	
121	3	
75	192	
75	194	
76	181	
200	139	
58	99	
76	147	
129	166	
67	294	
72	194	
68	280	
72	198	
127	188	
128	178	
69	272	
73	188	
69	274	
74	177	
69	278	
75	163	
74	179	
127	185	
126	190	
200	104	
200	121	
77	145	
73	190	
68	293	
129	179	
68	295	
127	199	
74	180	
73	198	
128	187	
79	125	
69	287	
201	109	
69	288	
74	188	
69	289	
127	196	
201	101	
76	164	
200	115	
77	199	
200	173	
206	104	
78	187	
79	175	
79	177	
205	111	
200	170	
203	130	
204	121	
201	157	
201	155	
200	186	
79	181	
79	184	
79	188	
203	148	
124	2	
206	107	
124	1	
206	106	
203	140	
124	5	
77	176	
78	165	
78	168	
79	154	
122	1	
76	191	
76	192	
203	112	
201	135	
205	105	
79	160	
204	112	
200	160	
203	123	
202	130	
201	146	
201	144	
77	192	
201	143	
77	193	
111	314	
127	3	
205	153	
209	109	
205	152	
205	151	
127	7	
209	106	
204	164	
208	119	
111	308	
201	199	
202	182	
207	128	
206	156	
128	8	
206	157	
206	152	
205	168	
128	1	
205	165	
209	113	
209	111	
71	8	
209	117	
204	175	
203	180	
203	184	
202	199	
207	138	
110	307	
205	139	
201	181	
206	121	
200	196	
201	186	
205	131	
79	196	
200	193	
125	6	
203	159	
201	179	
207	103	
205	149	
201	192	
111	300	
202	180	
111	303	
205	141	
73	7	
110	311	
73	2	
203	166	
76	3	
60	310	
206	180	
206	184	
209	146	
110	19	
115	302	
205	191	
205	190	
207	168	
208	156	
208	155	
121	206	
121	200	
121	204	
116	305	
207	180	
120	219	
209	154	
120	212	
62	309	
208	163	
208	167	
111	10	
208	166	
207	150	
205	174	
204	188	
204	181	
204	180	
113	300	
203	191	
207	145	
77	1	
207	162	
60	306	
205	189	
209	135	
209	132	
204	191	
209	136	
207	158	
76	9	
113	314	
76	5	
113	24	
121	232	
112	39	
79	9	
113	29	
114	10	
111	49	
111	46	
120	244	
112	34	
64	311	
200	5	
123	203	
208	195	
122	235	
65	302	
115	10	
123	224	
122	239	
115	13	
65	307	
121	242	
113	33	
113	37	
112	44	
201	8	
78	3	
111	56	
123	218	
61	15	
110	40	
121	213	
112	13	
110	34	
63	303	
208	177	
113	19	
200	1	
113	14	
60	14	
113	11	
60	11	
209	178	
208	187	
209	170	
110	43	
64	300	
111	33	
64	303	
123	251	
123	250	
71	221	
61	35	
116	31	
60	48	
132	100	
122	260	
114	53	
60	47	
60	46	
68	301	
130	124	
125	225	
125	224	
120	283	
73	204	
130	127	
130	126	
111	88	
70	244	
62	12	
127	219	
61	27	
132	117	
115	59	
124	251	
70	249	
128	207	
61	23	
113	77	
114	62	
72	226	
131	120	
120	293	
120	298	
121	282	
74	202	
125	238	
116	36	
69	309	
130	131	
111	97	
70	253	
110	82	
62	45	
115	21	
116	10	
110	85	
110	83	
123	233	
61	55	
71	205	
66	307	
122	241	
121	257	
112	54	
60	61	
121	251	
113	42	
120	264	
63	28	
123	228	
124	210	
123	225	
115	18	
63	21	
70	222	
122	257	
115	32	
62	32	
66	311	
71	212	
70	229	
71	213	
120	279	
60	55	
72	203	
131	108	
131	107	
120	274	
67	307	
203	1	
125	213	
113	53	
124	223	
62	28	
111	78	
124	224	
76	202	
124	281	
116	73	
81	103	
76	204	
133	139	
129	224	
72	251	
128	230	
132	144	
127	243	
114	95	
72	256	
65	28	
132	147	
60	84	
135	108	
118	44	
64	35	
118	48	
134	118	
74	238	
124	275	
70	284	
207	6	
124	279	
62	58	
128	249	
115	99	
133	146	
77	200	
76	216	
77	201	
61	66	
127	256	
82	106	
61	60	
65	16	
133	141	
131	164	
131	163	
73	257	
130	178	
65	10	
127	252	
132	150	
131	165	
136	106	
125	272	
134	128	
116	78	
135	110	
130	176	
130	175	
117	69	
135	116	
76	221	
71	280	
76	222	
63	32	
62	48	
135	114	
123	273	
123	272	
115	65	
62	86	
134	100	
119	16	
66	38	
114	72	
126	237	
72	238	
118	23	
130	146	
131	130	
118	24	
69	310	
118	27	
118	28	
118	25	
74	213	
131	132	
125	240	
63	67	
80	102	
70	264	
70	265	
123	286	
123	285	
80	109	
67	16	
133	129	
134	112	
116	63	
61	89	
66	28	
72	243	
61	86	
126	249	
132	131	
72	245	
133	122	
132	138	
66	24	
128	222	
122	296	
60	97	
127	236	
66	20	
130	157	
126	241	
65	34	
74	221	
60	92	
131	146	
74	222	
114	80	
117	41	
75	213	
206	8	
130	154	
117	46	
130	153	
80	114	
75	215	
63	55	
81	146	
69	20	
81	147	
128	279	
139	103	
129	269	
77	235	
63	91	
139	108	
129	268	
72	295	
135	150	
129	267	
138	114	
128	274	
72	297	
138	112	
73	284	
138	117	
133	176	
129	261	
138	116	
129	260	
66	55	
137	122	
66	53	
132	180	
74	274	
66	52	
126	296	
131	194	
136	135	
132	184	
137	124	
84	119	
80	163	
135	143	
85	108	
81	152	
76	254	
68	29	
69	13	
118	83	
77	240	
76	256	
69	11	
134	175	
77	242	
139	115	
63	83	
134	173	
133	189	
67	39	
63	82	
200	224	
78	230	
77	246	
134	178	
62	95	
129	278	
77	248	
128	285	
62	93	
62	91	
74	280	
138	128	
74	281	
139	111	
78	239	
66	44	
84	123	
127	293	
119	84	
79	225	
66	42	
85	110	
66	40	
201	207	
136	146	
75	271	
65	52	
135	157	
200	216	
200	215	
135	154	
118	91	
200	214	
81	165	
201	203	
136	142	
81	166	
77	251	
86	107	
133	159	
134	141	
77	210	
82	110	
77	211	
117	82	
129	247	
71	288	
119	59	
132	166	
78	201	
82	117	
132	164	
127	265	
129	240	
116	90	
67	63	
66	78	
78	206	
132	168	
74	250	
66	75	
73	268	
83	109	
136	113	
74	255	
132	162	
127	263	
119	56	
66	70	
137	102	
119	54	
124	297	
75	247	
64	95	
125	287	
125	286	
125	285	
76	234	
133	169	
134	153	
82	121	
81	138	
134	157	
71	299	
77	226	
137	119	
138	103	
83	110	
127	278	
77	228	
132	176	
133	165	
78	217	
73	276	
79	202	
74	261	
131	186	
83	118	
126	286	
73	279	
74	263	
74	265	
66	61	
119	66	
79	208	
74	267	
127	273	
126	289	
131	187	
126	288	
65	73	
126	283	
81	141	
135	138	
135	136	
68	38	
63	97	
81	189	
200	252	
88	100	
68	78	
78	263	
78	264	
83	164	
68	73	
79	253	
203	215	
203	219	
66	92	
202	227	
76	294	
135	188	
86	137	
69	57	
202	221	
87	124	
201	235	
82	185	
139	159	
88	111	
83	170	
210	102	
136	191	
210	106	
89	100	
139	152	
139	157	
138	161	
137	176	
66	84	
202	234	
138	165	
85	156	
85	157	
203	224	
203	222	
87	130	
77	291	
137	173	
137	172	
137	171	
139	127	
86	109	
68	99	
200	235	
135	172	
68	96	
138	135	
83	145	
79	230	
133	192	
84	130	
68	91	
74	292	
83	148	
139	121	
85	122	
137	148	
138	132	
80	185	
136	152	
81	171	
200	226	
136	156	
201	215	
119	90	
135	182	
69	76	
87	106	
136	170	
87	108	
68	87	
78	253	
68	86	
200	244	
68	85	
134	190	
78	255	
84	141	
68	81	
129	295	
79	243	
139	133	
79	245	
79	246	
85	130	
84	147	
80	190	
136	169	
85	133	
75	294	
85	135	
137	158	
203	201	
80	199	
137	150	
81	186	
136	164	
76	289	
205	236	
88	145	
207	210	
88	147	
89	131	
79	292	
206	224	
201	283	
200	299	
201	282	
130	9	
204	244	
203	259	
210	132	
204	249	
204	248	
204	247	
86	170	
139	180	
211	118	
206	219	
206	218	
201	277	
207	201	
212	105	
201	279	
69	97	
211	131	
69	96	
201	290	
206	230	
69	94	
212	120	
202	280	
206	236	
88	159	
69	91	
205	241	
131	5	
205	245	
203	269	
131	0	
87	172	
202	273	
212	112	
87	175	
213	101	
212	117	
78	280	
88	121	
78	283	
78	284	
210	119	
200	279	
201	262	
83	185	
78	287	
88	129	
78	289	
83	189	
204	222	
205	210	
204	225	
85	163	
203	231	
138	174	
85	169	
86	155	
86	158	
210	109	
136	197	
88	131	
200	286	
83	191	
78	292	
210	124	
205	225	
78	295	
79	281	
84	181	
88	139	
89	125	
137	198	
137	197	
202	257	
139	171	
203	247	
86	166	
137	190	
202	250	
211	163	
216	109	
211	168	
211	167	
211	166	
205	274	
89	179	
206	261	
209	220	
209	227	
209	224	
207	247	
88	192	
212	148	
88	196	
211	176	
206	277	
216	114	
212	164	
206	278	
89	189	
205	283	
213	148	
204	292	
209	232	
208	247	
214	136	
209	235	
134	7	
213	145	
206	244	
132	7	
88	166	
211	140	
202	290	
132	1	
205	252	
89	157	
204	266	
132	6	
86	195	
202	283	
202	282	
88	170	
201	297	
207	228	
206	255	
80	0	
214	118	
206	251	
205	267	
205	265	
214	111	
209	212	
204	271	
213	125	
202	294	
88	182	
213	121	
217	133	
212	192	
213	181	
217	137	
208	281	
207	297	
217	135	
216	141	
215	157	
215	156	
216	140	
137	7	
215	150	
209	266	
215	152	
213	173	
219	102	
214	160	
209	260	
122	313	
218	132	
208	292	
217	146	
215	169	
216	151	
138	7	
216	156	
214	174	
215	163	
122	309	
122	307	
218	123	
219	114	
219	112	
217	112	
211	187	
207	271	
89	194	
89	198	
89	199	
212	172	
120	302	
215	134	
84	7	
120	307	
205	299	
84	0	
210	190	
217	109	
208	253	
208	252	
207	268	
135	5	
206	299	
216	138	
211	196	
212	180	
206	296	
207	284	
211	190	
206	291	
206	290	
83	9	
215	149	
83	7	
214	153	
209	253	
217	118	
213	161	
218	161	
86	5	
125	309	
125	308	
217	173	
216	189	
217	172	
217	171	
130	202	
215	191	
215	197	
130	203	
120	17	
120	18	
219	147	
124	313	
120	19	
124	312	
120	32	
218	172	
217	186	
120	36	
85	8	
218	176	
131	205	
85	5	
126	305	
216	196	
121	12	
218	169	
120	27	
219	158	
219	157	
121	14	
216	166	
209	289	
219	127	
215	170	
215	174	
214	189	
219	120	
218	135	
87	8	
87	7	
218	139	
213	197	
70	300	
216	173	
215	189	
124	306	
219	138	
219	131	
214	195	
86	9	
211	0	
132	228	
132	227	
128	312	
133	217	
129	300	
121	51	
132	222	
131	237	
120	60	
131	230	
122	36	
74	310	
124	10	
75	303	
219	189	
122	32	
121	48	
133	225	
120	76	
121	60	
75	308	
133	222	
80	208	
80	209	
133	228	
132	233	
123	39	
124	23	
124	29	
131	240	
123	31	
219	198	
122	41	
88	4	
75	311	
129	304	
122	44	
80	212	
121	58	
130	250	
120	43	
120	47	
219	170	
132	209	
130	229	
127	305	
131	219	
72	313	
130	222	
73	303	
70	20	
126	313	
131	211	
73	306	
219	162	
122	12	
219	166	
132	218	
120	51	
128	301	
132	210	
120	50	
131	229	
127	314	
130	238	
123	15	
74	302	
121	34	
74	303	
125	49	
134	241	
81	223	
135	230	
77	311	
82	212	
133	259	
71	38	
82	215	
83	200	
142	109	
131	273	
136	214	
135	228	
131	278	
131	276	
140	122	
140	121	
135	222	
122	71	
135	221	
121	88	
135	225	
81	231	
140	123	
122	76	
143	107	
215	9	
138	207	
135	241	
71	29	
71	27	
132	277	
125	52	
82	225	
78	310	
137	217	
124	67	
125	51	
78	313	
133	265	
132	279	
79	300	
70	35	
131	284	
70	30	
142	112	
124	65	
131	288	
142	110	
122	85	
130	291	
130	297	
127	27	
128	11	
134	220	
126	12	
72	46	
134	221	
124	35	
132	243	
71	58	
133	230	
125	22	
71	52	
135	209	
71	50	
70	66	
123	41	
124	31	
123	48	
135	201	
134	215	
74	14	
122	50	
73	28	
212	6	
74	11	
133	247	
120	97	
73	24	
121	82	
133	244	
125	37	
133	249	
82	201	
125	30	
136	209	
71	45	
135	218	
135	217	
131	260	
141	106	
131	265	
213	7	
213	8	
130	271	
122	62	
213	2	
73	15	
86	209	
139	224	
91	109	
127	65	
140	173	
135	273	
133	292	
137	248	
133	291	
144	122	
139	223	
125	89	
138	238	
71	76	
133	296	
143	135	
84	233	
141	158	
75	29	
124	91	
137	240	
141	155	
124	97	
202	307	
142	145	
137	246	
140	165	
135	265	
74	36	
217	7	
145	104	
80	289	
145	109	
87	200	
86	217	
135	281	
74	30	
73	46	
139	237	
91	118	
139	236	
81	279	
128	61	
145	123	
134	299	
83	252	
138	246	
203	306	
143	144	
144	132	
143	146	
139	231	
125	99	
75	19	
84	246	
129	44	
85	232	
202	311	
137	256	
80	294	
135	278	
128	53	
140	175	
81	283	
136	266	
91	124	
136	265	
218	9	
91	126	
140	178	
91	127	
139	205	
134	264	
144	103	
216	7	
138	219	
78	18	
78	14	
72	89	
77	27	
129	18	
129	19	
77	25	
133	275	
139	200	
138	216	
71	97	
72	80	
132	280	
131	295	
84	213	
141	134	
84	214	
141	133	
75	48	
137	224	
129	17	
76	31	
142	121	
136	238	
131	297	
75	42	
123	84	
128	23	
200	306	
73	68	
134	272	
133	288	
73	65	
217	5	
140	160	
139	218	
217	3	
126	69	
143	123	
83	231	
132	298	
125	75	
138	221	
142	136	
133	280	
125	79	
84	220	
143	125	
126	60	
125	77	
137	231	
123	99	
84	224	
70	98	
201	306	
71	81	
124	87	
75	36	
85	212	
141	149	
70	94	
90	116	
81	261	
134	269	
91	102	
80	278	
90	119	
128	33	
140	156	
128	34	
86	206	
74	85	
144	169	
79	25	
210	213	
79	24	
74	83	
144	167	
83	281	
79	23	
73	97	
210	217	
83	284	
79	20	
206	301	
83	285	
143	178	
201	13	
93	127	
148	117	
83	288	
93	129	
77	47	
205	311	
201	17	
201	18	
77	44	
143	179	
77	42	
148	115	
86	250	
86	251	
138	273	
95	108	
76	52	
200	23	
75	66	
146	133	
145	149	
136	292	
91	157	
79	19	
137	282	
136	297	
87	244	
79	17	
146	136	
141	195	
88	230	
202	16	
93	130	
87	247	
92	146	
79	13	
87	249	
79	12	
83	293	
211	213	
210	229	
73	84	
84	280	
93	137	
89	223	
72	96	
77	36	
139	271	
210	221	
201	28	
149	116	
202	10	
72	91	
138	282	
95	114	
148	120	
129	88	
76	44	
138	286	
86	261	
201	20	
96	102	
75	58	
85	279	
86	264	
75	55	
92	150	
146	143	
86	268	
147	132	
1	119	
135	292	
79	48	
75	91	
91	129	
82	273	
79	45	
82	275	
204	306	
88	202	
140	192	
144	149	
126	91	
83	265	
143	153	
138	254	
84	251	
83	268	
144	143	
84	256	
85	241	
219	8	
143	151	
90	145	
147	106	
85	247	
86	232	
76	71	
135	286	
140	185	
81	294	
129	52	
86	236	
128	69	
146	116	
86	237	
81	296	
141	174	
219	1	
91	138	
79	38	
1	108	
91	139	
1	107	
144	158	
145	142	
127	93	
146	131	
210	207	
205	308	
146	130	
87	229	
78	48	
205	307	
82	289	
210	205	
1	100	
144	151	
144	150	
148	107	
84	261	
78	43	
94	102	
127	91	
144	153	
84	265	
77	55	
143	168	
76	69	
84	268	
137	274	
90	152	
142	172	
86	240	
200	15	
142	176	
75	78	
140	199	
135	297	
146	128	
129	63	
91	148	
146	125	
92	178	
88	263	
2	124	
211	241	
203	31	
88	267	
212	230	
89	253	
1	132	
94	155	
149	145	
209	306	
149	144	
94	157	
78	75	
94	158	
0	142	
209	309	
95	147	
86	291	
147	169	
208	314	
201	53	
86	295	
149	141	
97	120	
86	296	
76	96	
213	217	
209	302	
3	107	
214	200	
96	138	
204	15	
97	124	
213	211	
212	227	
208	312	
92	186	
213	210	
204	19	
2	116	
147	165	
92	187	
92	188	
146	193	
92	189	
1	128	
202	59	
94	161	
93	178	
1	124	
78	68	
1	122	
89	266	
95	150	
78	66	
215	201	
1	120	
215	200	
95	152	
77	79	
95	154	
95	155	
0	131	
215	203	
210	262	
201	60	
200	77	
148	164	
96	143	
148	163	
76	86	
214	212	
87	292	
204	26	
2	109	
87	296	
212	237	
213	220	
204	28	
146	160	
145	174	
88	243	
202	25	
1	157	
203	13	
202	29	
88	249	
1	154	
144	182	
138	298	
1	151	
149	129	
145	172	
0	166	
85	283	
85	284	
212	209	
200	44	
4	118	
143	190	
129	98	
90	185	
85	286	
148	137	
139	280	
201	32	
138	295	
86	274	
143	193	
86	275	
201	30	
3	127	
129	93	
86	277	
91	177	
129	91	
86	279	
97	105	
87	266	
3	121	
97	107	
207	303	
97	108	
93	151	
146	170	
145	186	
88	255	
79	77	
1	147	
146	173	
93	157	
88	259	
203	25	
202	30	
89	245	
144	193	
201	45	
144	199	
145	182	
202	32	
0	153	
144	196	
139	297	
4	105	
91	183	
3	119	
201	41	
97	111	
91	186	
86	287	
4	100	
207	310	
208	301	
93	160	
212	214	
3	153	
212	270	
204	61	
217	210	
2	167	
216	225	
211	284	
3	150	
208	17	
99	135	
212	274	
1	179	
217	213	
212	272	
95	181	
222	111	
220	134	
6	116	
149	189	
207	24	
214	248	
210	296	
210	295	
203	72	
202	88	
140	8	
5	124	
149	181	
96	179	
215	230	
205	42	
213	250	
222	105	
98	154	
213	255	
140	5	
205	47	
148	193	
99	141	
98	157	
213	252	
205	45	
212	281	
99	143	
212	280	
211	296	
204	73	
221	135	
216	236	
2	155	
221	134	
216	235	
204	76	
99	148	
221	138	
217	223	
95	194	
79	93	
0	179	
215	243	
207	36	
0	178	
208	26	
5	115	
97	170	
206	46	
5	111	
214	258	
220	140	
207	31	
205	53	
205	54	
98	163	
222	115	
213	266	
206	41	
98	166	
218	206	
213	264	
205	55	
221	103	
203	56	
94	170	
88	287	
220	118	
8	113	
94	171	
2	187	
98	129	
7	127	
3	170	
99	115	
203	57	
2	184	
89	276	
211	265	
204	42	
94	176	
149	168	
89	278	
2	181	
214	227	
206	18	
201	77	
202	62	
201	78	
216	200	
203	52	
202	66	
6	132	
95	168	
200	87	
1	190	
95	169	
205	26	
96	155	
206	11	
202	60	
5	140	
146	198	
93	190	
88	291	
147	189	
212	249	
205	24	
200	83	
98	133	
8	107	
88	294	
205	22	
88	295	
88	296	
8	104	
98	137	
2	178	
89	282	
221	113	
211	273	
99	123	
210	288	
212	263	
99	125	
211	278	
216	218	
212	260	
202	74	
214	239	
1	185	
6	125	
215	228	
211	270	
202	79	
96	161	
95	177	
202	76	
95	179	
201	82	
5	135	
0	193	
97	151	
5	131	
4	146	
149	173	
148	180	
212	255	
205	32	
98	142	
98	143	
147	197	
98	146	
205	34	
200	93	
217	255	
209	47	
222	151	
221	167	
218	242	
7	148	
144	7	
226	103	
221	162	
221	161	
7	144	
207	68	
226	100	
217	251	
6	155	
220	179	
208	57	
206	78	
6	152	
5	168	
224	125	
224	124	
224	129	
225	113	
218	236	
218	235	
213	293	
4	175	
224	123	
223	139	
218	239	
8	128	
9	112	
4	171	
3	186	
9	110	
221	178	
7	138	
7	137	
7	134	
208	63	
7	132	
227	102	
224	137	
215	280	
5	154	
225	125	
225	123	
224	139	
9	108	
218	247	
9	107	
4	166	
219	230	
99	191	
4	164	
99	193	
206	86	
3	177	
214	292	
222	132	
221	148	
216	249	
212	291	
99	155	
222	130	
91	3	
216	246	
217	230	
205	71	
222	135	
217	235	
221	149	
222	133	
221	140	
207	48	
216	240	
207	49	
8	150	
7	166	
220	154	
208	31	
203	95	
6	178	
208	34	
219	206	
207	40	
96	197	
219	203	
6	171	
207	45	
142	0	
214	266	
222	128	
98	177	
99	162	
218	216	
213	274	
4	190	
222	141	
221	157	
216	258	
217	242	
8	146	
9	130	
90	7	
222	147	
7	157	
216	252	
8	140	
208	41	
204	91	
7	151	
216	254	
209	30	
6	165	
214	276	
97	192	
5	179	
224	114	
225	103	
215	263	
97	197	
223	124	
212	298	
213	281	
214	271	
3	198	
228	123	
218	283	
8	179	
217	296	
218	287	
209	80	
209	86	
222	192	
217	293	
227	132	
147	9	
224	162	
229	102	
147	1	
225	150	
92	3	
228	133	
228	132	
218	291	
224	180	
8	164	
228	135	
218	295	
226	158	
227	140	
148	7	
7	174	
209	95	
224	179	
5	198	
225	167	
219	273	
9	147	
209	68	
218	261	
222	173	
218	264	
0	7	
223	162	
9	181	
130	309	
216	284	
217	273	
8	191	
94	9	
208	79	
94	7	
225	133	
219	248	
225	135	
223	157	
219	244	
218	272	
9	176	
9	175	
228	116	
228	115	
228	114	
223	173	
8	186	
218	273	
216	294	
217	284	
131	307	
216	298	
208	80	
130	311	
224	159	
146	8	
225	148	
93	7	
93	6	
93	4	
224	151	
218	266	
146	4	
130	23	
81	301	
81	303	
228	169	
226	182	
226	180	
227	171	
140	203	
140	200	
229	149	
229	166	
9	192	
131	23	
227	185	
95	8	
82	305	
140	216	
95	0	
136	300	
141	205	
300	108	
136	305	
140	211	
219	292	
229	131	
219	291	
229	130	
227	153	
227	156	
226	161	
225	174	
226	164	
3	6	
224	185	
97	9	
97	8	
130	18	
97	2	
228	152	
227	167	
228	150	
226	174	
225	183	
134	306	
131	53	
229	195	
144	201	
229	196	
138	312	
138	311	
134	16	
303	107	
138	313	
301	128	
134	11	
302	115	
141	238	
99	9	
140	243	
300	136	
132	37	
131	65	
131	62	
222	4	
304	104	
134	29	
304	102	
303	111	
135	18	
4	9	
141	246	
133	37	
141	244	
140	259	
302	120	
134	24	
132	45	
140	253	
98	9	
86	301	
140	257	
98	6	
133	31	
91	204	
229	173	
131	32	
7	9	
130	46	
82	310	
227	196	
7	0	
130	43	
130	44	
83	302	
81	11	
301	107	
140	227	
141	216	
301	103	
227	192	
140	221	
80	20	
140	220	
301	101	
300	111	
300	113	
220	7	
220	5	
6	3	
138	304	
302	107	
143	201	
80	18	
140	238	
141	222	
80	14	
302	104	
300	129	
80	12	
84	306	
133	10	
137	22	
136	36	
91	229	
305	126	
305	127	
300	186	
93	200	
150	132	
304	138	
135	44	
141	279	
81	33	
141	277	
133	68	
80	48	
146	217	
134	53	
306	109	
91	230	
151	110	
141	270	
91	231	
133	66	
151	112	
145	242	
137	34	
92	223	
305	136	
144	255	
150	144	
210	303	
143	266	
142	279	
153	108	
303	157	
134	65	
89	307	
152	111	
148	203	
135	53	
147	219	
307	104	
143	261	
80	34	
302	164	
135	51	
152	115	
80	32	
141	282	
150	137	
145	238	
90	258	
150	135	
138	19	
134	62	
301	174	
131	75	
143	239	
145	213	
132	64	
300	160	
82	48	
142	248	
130	84	
130	87	
130	85	
134	32	
141	256	
133	49	
133	47	
134	36	
90	222	
301	149	
86	310	
90	226	
301	144	
141	252	
145	207	
301	141	
300	157	
144	236	
304	129	
84	11	
136	26	
91	219	
305	116	
137	15	
136	29	
131	88	
137	13	
87	307	
131	89	
83	20	
130	93	
81	49	
82	32	
136	21	
143	245	
135	38	
146	209	
141	267	
151	105	
142	256	
302	141	
80	56	
90	233	
141	269	
146	201	
141	260	
133	51	
301	153	
301	155	
223	1	
9	7	
9	4	
140	279	
150	118	
91	226	
92	255	
150	173	
93	240	
145	273	
84	44	
150	171	
149	229	
144	288	
92	258	
84	40	
306	150	
306	151	
144	283	
83	54	
305	160	
93	249	
149	221	
83	50	
144	285	
136	76	
154	125	
82	63	
308	125	
153	130	
148	231	
95	224	
86	18	
212	306	
153	134	
96	212	
90	287	
303	182	
135	85	
81	71	
147	240	
150	168	
85	24	
147	243	
151	157	
307	131	
92	267	
1	203	
138	65	
84	31	
156	112	
146	272	
94	240	
1	200	
83	44	
304	187	
305	172	
135	99	
148	248	
305	174	
0	211	
137	73	
309	125	
154	135	
82	52	
81	68	
303	196	
148	241	
309	122	
95	237	
303	198	
154	130	
149	231	
303	192	
153	144	
91	283	
153	143	
96	225	
139	40	
96	228	
228	8	
139	41	
96	229	
80	72	
152	154	
307	140	
97	215	
212	313	
306	158	
92	234	
85	50	
84	66	
301	191	
93	220	
304	158	
305	143	
135	68	
136	52	
84	60	
226	4	
1	230	
94	211	
83	74	
135	67	
93	229	
87	29	
149	205	
153	119	
94	215	
0	241	
94	216	
134	76	
94	217	
303	162	
142	283	
94	219	
95	203	
87	23	
139	16	
153	113	
153	112	
148	213	
87	20	
148	212	
86	35	
135	63	
95	209	
145	249	
133	85	
90	269	
147	222	
146	237	
306	124	
91	258	
138	28	
92	243	
307	110	
2	213	
306	141	
145	263	
137	56	
85	40	
154	118	
145	262	
211	311	
92	249	
227	8	
1	223	
150	164	
153	126	
154	110	
93	238	
83	63	
94	223	
227	2	
304	161	
94	225	
309	103	
149	215	
152	136	
148	221	
142	296	
143	280	
94	228	
87	13	
81	88	
147	235	
86	28	
304	160	
148	225	
86	26	
152	139	
90	276	
308	111	
303	170	
135	73	
90	277	
142	297	
143	281	
80	98	
151	144	
307	122	
151	143	
85	36	
302	184	
142	292	
306	134	
139	25	
301	194	
142	290	
147	231	
307	120	
1	219	
139	23	
133	98	
301	196	
216	304	
3	230	
85	74	
221	202	
155	158	
156	140	
99	212	
306	192	
157	130	
98	229	
84	85	
138	96	
99	214	
89	24	
83	99	
159	107	
211	16	
149	266	
95	261	
88	37	
211	17	
0	267	
309	157	
138	91	
220	213	
88	31	
153	174	
95	268	
158	114	
210	25	
5	200	
153	172	
96	254	
87	42	
86	58	
153	177	
153	176	
139	76	
308	162	
85	68	
97	247	
307	173	
93	291	
158	110	
93	292	
98	234	
307	176	
98	235	
307	192	
220	227	
217	303	
99	224	
139	91	
84	73	
88	28	
88	27	
155	160	
149	276	
88	25	
221	210	
88	24	
220	225	
155	165	
220	224	
220	223	
212	16	
0	250	
87	35	
211	20	
87	33	
211	25	
96	266	
308	176	
211	26	
149	274	
3	217	
97	253	
308	179	
157	135	
157	134	
97	255	
308	174	
147	292	
157	139	
152	198	
98	242	
86	40	
2	227	
152	197	
139	88	
98	244	
307	186	
98	245	
85	53	
146	280	
138	73	
85	95	
150	194	
137	86	
306	176	
138	71	
307	161	
89	47	
306	172	
1	277	
150	197	
2	261	
94	252	
1	276	
304	199	
94	255	
94	256	
6	212	
1	271	
95	244	
305	181	
152	169	
304	190	
87	68	
148	258	
96	233	
5	220	
214	300	
4	235	
4	234	
309	130	
138	69	
146	277	
86	76	
308	140	
139	51	
96	239	
4	230	
97	225	
2	259	
147	264	
97	227	
85	87	
2	258	
156	119	
152	162	
147	263	
146	292	
2	256	
85	84	
138	81	
137	98	
157	120	
156	136	
1	268	
2	252	
89	37	
220	209	
6	207	
151	192	
146	293	
149	257	
89	33	
0	279	
89	31	
5	217	
137	93	
155	141	
309	149	
0	273	
153	163	
309	143	
157	118	
4	226	
154	152	
149	253	
210	17	
153	166	
149	251	
97	230	
96	246	
86	68	
214	310	
4	222	
156	129	
157	112	
146	288	
157	111	
146	287	
92	293	
139	63	
92	294	
308	153	
86	62	
210	12	
86	61	
139	67	
307	165	
214	22	
156	187	
8	213	
156	184	
99	257	
222	233	
221	248	
1	298	
6	237	
224	209	
7	220	
156	183	
220	258	
156	182	
89	61	
1	291	
224	203	
223	217	
219	302	
97	282	
219	309	
212	42	
224	206	
87	85	
218	311	
97	289	
214	18	
86	96	
224	200	
210	66	
158	155	
8	206	
86	93	
2	277	
8	201	
7	217	
156	195	
7	216	
7	213	
157	183	
89	57	
225	205	
302	7	
225	204	
212	56	
302	6	
213	46	
89	50	
1	280	
211	69	
97	294	
157	179	
98	282	
158	161	
223	220	
215	13	
219	312	
210	77	
98	286	
158	166	
99	232	
98	248	
155	178	
99	234	
157	151	
99	236	
95	280	
220	233	
155	172	
220	231	
95	286	
155	175	
95	288	
211	32	
158	137	
148	297	
210	46	
5	267	
159	120	
153	194	
309	178	
149	284	
154	182	
159	123	
217	307	
9	218	
222	204	
4	275	
222	203	
9	215	
210	44	
308	180	
8	228	
8	227	
148	291	
99	240	
221	235	
213	26	
7	237	
99	248	
212	35	
95	292	
213	20	
159	139	
220	248	
212	39	
156	172	
96	280	
156	171	
89	72	
159	133	
149	291	
96	286	
309	188	
5	255	
212	32	
5	253	
88	81	
4	268	
211	46	
5	250	
158	141	
300	3	
300	1	
3	279	
8	219	
87	90	
308	190	
300	7	
4	261	
158	144	
218	304	
210	53	
227	214	
305	6	
215	55	
7	268	
213	74	
213	75	
7	265	
218	14	
227	212	
6	278	
6	276	
230	131	
212	82	
212	80	
230	135	
213	71	
230	133	
212	85	
5	283	
216	32	
150	3	
232	109	
211	94	
150	8	
231	139	
228	215	
8	244	
221	293	
219	11	
89	99	
212	99	
226	232	
213	84	
226	239	
232	121	
231	137	
226	238	
219	15	
89	95	
227	220	
221	295	
225	242	
225	241	
151	7	
225	247	
218	20	
212	96	
159	191	
228	207	
151	1	
215	56	
5	270	
305	7	
217	30	
216	44	
3	298	
159	193	
224	252	
99	275	
221	267	
213	59	
222	257	
158	180	
214	47	
8	274	
221	260	
226	200	
225	216	
303	2	
213	51	
212	60	
211	77	
216	16	
6	294	
158	179	
303	0	
216	19	
215	25	
158	174	
158	172	
9	259	
223	238	
216	13	
99	282	
224	220	
232	104	
232	102	
231	118	
213	69	
227	202	
222	261	
227	209	
223	252	
222	267	
8	263	
231	112	
230	128	
220	288	
225	228	
217	19	
304	3	
213	68	
221	274	
213	65	
212	71	
225	220	
216	27	
5	298	
215	36	
215	37	
158	182	
5	290	
158	189	
224	231	
216	22	
224	230	
99	295	
215	94	
232	158	
232	156	
228	241	
9	284	
229	230	
215	97	
9	280	
232	151	
154	1	
236	105	
8	292	
232	155	
8	291	
154	5	
227	255	
232	153	
230	175	
217	68	
308	2	
230	177	
226	262	
235	117	
217	60	
216	76	
223	297	
228	255	
9	275	
155	2	
216	94	
233	156	
155	6	
309	5	
237	100	
232	166	
237	107	
218	62	
217	78	
230	185	
218	60	
226	275	
226	273	
236	112	
224	292	
225	283	
9	269	
235	122	
222	294	
229	210	
223	285	
228	225	
223	284	
233	123	
223	282	
222	298	
215	75	
230	158	
231	149	
214	84	
231	148	
231	147	
218	30	
224	268	
226	242	
152	6	
233	118	
223	278	
224	260	
216	58	
233	132	
214	99	
223	291	
219	39	
215	82	
224	280	
228	236	
227	241	
226	257	
226	256	
218	49	
231	154	
226	255	
226	254	
227	242	
217	56	
225	263	
224	278	
217	55	
307	5	
153	3	
153	0	
225	261	
307	4	
235	100	
224	276	
307	3	
216	66	
224	274	
239	111	
239	110	
238	125	
234	175	
229	274	
233	183	
237	139	
236	144	
301	206	
141	310	
301	208	
227	292	
237	131	
141	313	
300	214	
234	166	
157	1	
157	7	
234	169	
238	138	
239	122	
143	305	
238	136	
234	186	
143	309	
229	284	
238	130	
237	146	
302	209	
233	194	
236	155	
219	91	
235	168	
219	94	
234	177	
229	278	
229	277	
236	150	
233	165	
228	264	
227	279	
229	251	
237	114	
236	127	
227	278	
233	161	
219	69	
232	176	
226	286	
226	285	
140	308	
140	307	
217	86	
238	117	
233	174	
229	264	
236	139	
141	306	
238	113	
228	272	
227	287	
237	126	
227	286	
226	293	
141	301	
231	191	
235	147	
226	290	
140	314	
227	281	
226	296	
141	302	
229	257	
217	94	
140	311	
304	218	
91	308	
145	310	
304	216	
140	23	
140	20	
303	227	
238	161	
141	11	
237	170	
302	230	
300	259	
91	310	
236	183	
150	207	
91	313	
141	25	
304	228	
92	300	
304	229	
92	302	
142	13	
142	14	
142	12	
140	33	
238	173	
238	179	
141	22	
151	205	
150	215	
301	253	
300	269	
310	104	
236	194	
144	301	
300	240	
303	207	
302	219	
238	141	
238	140	
238	145	
236	167	
90	303	
300	237	
90	306	
300	234	
300	250	
239	143	
235	192	
144	314	
237	167	
303	217	
303	210	
140	13	
90	311	
301	237	
235	185	
90	312	
301	230	
234	198	
236	171	
91	303	
149	309	
310	145	
141	56	
311	130	
310	141	
150	253	
154	209	
142	45	
150	252	
0	303	
149	301	
239	190	
153	214	
148	314	
94	311	
141	54	
313	106	
308	205	
152	228	
301	289	
307	217	
151	232	
144	11	
305	238	
142	54	
311	140	
155	201	
160	100	
309	209	
305	253	
160	103	
153	227	
314	106	
141	66	
142	50	
314	101	
312	128	
303	272	
140	73	
312	124	
144	28	
96	301	
307	228	
302	287	
151	242	
151	241	
311	138	
307	223	
302	282	
150	256	
143	39	
151	245	
301	294	
143	37	
142	20	
239	177	
142	21	
305	224	
239	175	
1	313	
142	24	
92	314	
305	221	
93	302	
93	303	
237	194	
151	216	
303	241	
152	206	
301	267	
237	197	
152	205	
90	28	
306	209	
90	27	
306	204	
301	263	
150	225	
306	200	
300	275	
311	100	
306	201	
150	228	
306	203	
305	235	
300	294	
305	230	
1	300	
141	49	
305	233	
304	249	
153	205	
303	258	
230	4	
0	311	
140	59	
312	102	
301	278	
230	3	
152	215	
307	205	
230	1	
312	105	
150	236	
142	27	
307	202	
311	110	
151	224	
306	212	
151	222	
