216	185	0.38462
193	39	0.36207
120	23	0.5
195	17	0.35676
192	56	0.5979
219	152	0.58537
71	301	0.35336
193	48	0.41753
130	214	0.51613
125	313	0.37366
193	45	0.41753
192	59	0.59816
194	39	0.33579
131	202	0.28507
217	186	0.54545
192	61	0.32417
219	160	0.34686
19	192	0.2483
283	4	0.41379
197	310	0.66162
217	157	0.33702
217	156	0.31847
217	154	0.33071
280	5	0.8296
13	5	0.656
219	133	0.38053
124	300	0.37908
194	10	0.43396
289	185	0.33175
215	185	0.40984
217	161	0.32353
216	172	0.38149
289	195	0.34386
217	169	0.35349
190	66	0.23077
192	43	0.69688
72	301	0.32036
199	305	0.45909
193	34	0.40598
16	198	0.5
196	309	0.2827
121	310	0.76129
287	189	0.37086
289	160	0.32483
288	176	0.42308
216	148	0.41892
19	167	0.23162
218	123	0.25424
207	299	0.29088
215	160	0.3802
17	173	0.44048
138	4	0.78367
16	183	0.48598
217	147	0.32308
122	313	0.31635
208	299	0.28401
191	37	0.29894
218	137	0.27481
208	296	0.29927
19	152	0.20946
18	169	0.39076
191	33	0.28526
219	127	0.36599
215	170	0.41602
123	309	0.2314
18	162	0.3506
214	149	0.5431
120	300	0.43233
207	274	0.30874
206	285	0.55556
213	164	0.28261
194	314	0.30645
208	264	0.30329
212	178	0.22456
213	161	0.31455
285	198	0.80451
136	7	0.41528
289	141	0.8093
213	169	0.29741
209	254	0.29412
195	303	0.28384
216	132	0.39676
17	195	0.35676
207	283	0.29529
212	180	0.23103
216	134	0.40126
208	274	0.2961
213	178	0.3907
269	94	0.375
210	172	0.44478
87	193	0.40598
209	226	0.33333
14	179	0.46667
192	313	0.32126
13	198	0.51942
18	137	0.34146
288	136	0.35135
214	130	0.51613
88	185	0.31749
216	111	0.42671
215	127	0.4611
211	170	0.34911
205	286	0.61607
87	182	0.35586
193	310	0.47619
285	183	0.78195
17	139	0.33333
194	300	0.31579
286	171	0.49708
207	264	0.3036
17	137	0.39726
87	189	0.60648
213	157	0.28571
16	149	0.66972
213	156	0.39103
286	139	0.46707
210	151	0.61682
209	209	1.0
191	301	0.25827
268	84	0.34499
287	128	0.28701
15	184	0.23643
285	149	0.60795
214	113	0.61792
81	6	0.24779
17	164	0.37374
288	117	0.36898
278	278	1.0
268	98	0.33333
288	120	0.42922
15	179	0.23505
277	298	0.66165
211	152	0.66456
19	127	0.235
19	129	0.23273
286	147	0.41667
215	106	0.42826
279	279	1.0
18	145	0.3447
207	243	0.32731
278	285	0.33816
17	155	0.4183
18	140	0.54839
17	156	0.32331
15	126	0.24272
10	185	0.39791
11	170	0.35405
276	276	1.0
268	65	0.48346
16	113	0.46025
277	266	0.64505
274	299	0.44663
86	160	0.3475
280	183	0.52
200	297	0.375
276	270	0.35417
210	134	0.46598
210	132	0.97928
279	246	0.36992
285	130	0.80142
211	127	0.41156
88	148	0.31457
287	107	0.29268
277	267	0.43327
208	208	1.0
17	105	0.34742
278	254	0.35149
267	82	0.49896
212	118	0.26829
266	95	0.44595
208	201	0.2877
202	276	0.35306
281	185	0.25949
277	270	0.47671
69	94	0.45176
16	101	0.54902
15	111	0.23472
85	169	0.38956
10	171	0.39662
277	275	0.7619
204	254	0.34503
282	175	0.51679
15	114	0.24138
277	277	1.0
211	133	0.35492
210	148	0.45213
286	121	0.45402
275	298	0.69841
85	161	0.43805
280	198	0.535
79	279	0.52542
286	124	0.37395
85	171	0.34914
84	181	0.38
285	144	0.65468
11	167	0.32048
214	101	0.71429
12	152	0.34943
282	179	0.44326
267	94	0.50547
212	128	0.223
288	109	0.36036
15	148	0.25557
139	164	0.36765
277	242	0.44094
203	236	0.43694
281	159	0.66138
264	94	0.57888
201	260	0.36876
269	33	0.52522
86	185	0.35849
18	109	0.34894
275	266	0.58108
275	267	0.45984
210	111	0.46973
283	138	0.39659
274	283	0.43786
206	206	1.0
275	270	0.41892
282	148	0.45714
203	240	0.37979
282	151	0.4209
10	194	0.43396
139	171	0.36453
203	246	0.40625
285	113	0.98519
200	286	1.0
275	275	1.0
285	116	0.66443
268	59	0.35417
275	277	0.7619
85	185	0.35433
269	40	0.51044
283	148	0.41357
89	148	0.39213
265	96	0.18182
265	95	0.19005
12	170	0.44818
207	207	1.0
266	83	0.53293
204	204	1.0
81	183	0.26786
267	33	0.42297
271	296	0.36763
80	192	0.52632
275	242	0.42287
263	85	0.33505
67	80	0.34868
79	246	0.49275
204	206	0.40136
276	230	0.3583
67	83	0.3467
283	115	0.43506
265	64	0.18056
202	230	0.95989
12	127	0.46462
273	278	0.26633
274	264	0.51083
88	106	0.36975
138	162	0.39273
272	283	0.37895
69	69	1.0
272	284	0.46894
82	171	0.55422
81	187	0.30952
82	172	0.55841
81	188	0.27434
273	273	1.0
86	114	0.37523
138	169	0.37868
268	30	0.35959
68	68	1.0
76	270	0.33929
86	111	0.38249
282	132	0.41082
281	148	0.25385
284	106	0.5625
205	205	1.0
75	283	0.30238
274	269	0.4426
84	133	0.55069
139	156	0.4125
263	93	0.61644
205	200	0.61607
12	115	0.33225
66	94	0.35043
13	101	0.71956
274	274	1.0
11	127	0.39394
66	91	0.32299
282	134	0.38168
10	139	0.60804
138	171	0.37349
203	231	0.60166
138	138	1.0
128	298	0.36822
276	210	0.33175
271	271	1.0
15	102	0.28897
271	274	0.37004
14	119	1.0
276	216	0.34608
68	97	0.37126
135	172	0.36494
135	171	0.32692
85	157	0.58824
134	185	0.42077
139	124	0.39759
83	185	0.4417
89	111	0.41204
13	130	0.53521
82	197	0.41026
202	216	0.34848
137	155	0.30102
82	193	0.40794
69	86	0.59357
11	152	0.3693
272	266	0.36364
77	296	0.21207
69	89	0.4241
77	281	0.2314
270	298	0.46254
261	96	0.21226
203	203	1.0
281	126	0.28906
272	270	0.35961
14	101	0.41159
139	139	1.0
13	113	0.63942
270	293	0.59341
262	87	0.30131
78	279	0.5665
278	206	0.36066
136	172	0.38664
84	160	0.46407
83	176	0.45659
135	185	0.36111
282	111	0.42608
88	111	0.32783
272	272	1.0
87	128	0.3861
88	112	0.31338
83	172	0.409
282	114	0.42341
265	58	0.18182
81	198	0.26087
201	239	0.29899
272	277	0.40103
283	102	0.40136
262	51	0.32331
270	266	0.54259
129	268	0.3427
118	94	0.35201
201	201	1.0
264	33	0.50954
273	235	0.26667
273	236	0.28788
127	295	0.26854
10	105	0.38652
201	208	0.2877
82	134	0.51509
76	244	0.35052
81	144	0.28571
76	245	0.30581
265	23	0.18217
280	113	0.49554
261	79	0.26115
62	97	0.312
270	275	0.41892
276	202	0.35306
270	277	0.47671
262	60	0.30804
133	181	0.42013
261	75	0.25888
80	141	0.34868
137	137	1.0
74	259	0.35821
281	104	0.2577
271	264	0.36461
67	30	0.35
263	53	0.29317
270	270	1.0
134	172	0.87686
65	65	1.0
82	124	0.56314
273	246	0.26496
64	79	0.3348
82	120	0.41837
137	145	0.35865
266	23	0.50622
82	121	0.47692
77	222	0.23494
64	74	0.43966
265	36	0.18114
202	202	1.0
260	94	0.34734
68	26	0.38571
75	278	0.2963
137	109	0.35238
133	152	0.32662
261	45	0.27329
199	293	0.41393
137	105	0.30522
67	67	1.0
84	126	0.38698
129	245	0.32292
263	22	0.28866
75	272	0.27841
268	309	0.33203
75	273	0.29167
273	209	0.27049
73	298	0.28384
128	257	0.3697
262	34	0.30131
199	298	0.40784
261	48	0.27329
78	246	0.58667
136	120	0.47959
272	225	0.43195
135	135	1.0
125	295	0.34571
135	134	0.36348
268	313	0.43155
65	94	0.37607
132	172	0.43902
260	66	0.64938
271	233	0.33167
77	256	0.21443
86	107	0.35441
10	124	0.44086
130	198	0.65217
76	268	0.30164
272	223	0.34948
11	110	0.31358
138	105	0.38144
81	150	0.29091
80	167	0.92913
133	160	0.45455
67	56	0.35294
85	105	0.33692
200	200	1.0
75	260	0.3844
129	255	0.33582
66	69	0.34437
134	151	0.43259
84	112	0.37138
73	288	0.32474
269	307	0.34592
66	66	1.0
135	148	0.33208
83	134	0.40782
65	86	0.35543
83	136	0.40657
118	82	0.34475
200	205	0.61607
117	95	0.37037
273	225	0.26721
65	84	0.35593
274	210	0.42503
73	293	0.2963
260	75	0.3844
136	136	1.0
69	33	0.39448
119	38	0.44298
114	94	0.36754
198	285	0.80451
260	36	0.79888
62	62	1.0
60	87	0.5815
74	221	0.30165
133	133	1.0
199	275	0.34675
132	148	0.4478
189	93	0.35217
64	48	0.33047
60	93	0.34025
135	111	0.3274
71	267	0.33384
125	270	0.33079
124	286	0.37395
64	45	0.33047
262	18	0.43617
127	251	0.75127
136	106	0.42821
71	264	0.36746
126	264	0.34573
70	275	0.4186
271	215	0.33333
267	301	0.47668
70	277	0.4
125	276	0.32547
115	94	0.50177
261	30	0.21531
132	151	0.6072
131	167	0.2948
134	134	1.0
129	234	0.57875
61	61	1.0
134	132	0.46051
130	183	0.63043
272	215	0.40271
263	18	0.28421
64	39	0.45041
117	73	0.29121
124	297	0.44074
71	258	0.3415
72	243	0.30565
126	276	0.37524
126	274	0.36653
118	66	0.39554
70	266	0.42701
67	28	0.34101
119	16	0.45296
121	297	0.60714
119	13	0.44523
127	221	0.37083
119	14	1.0
62	82	0.29155
61	94	0.37143
116	50	0.55
66	36	0.57518
133	112	0.31376
61	90	0.39229
133	111	0.31415
196	293	0.29699
72	274	0.31378
123	278	0.19444
118	36	0.42796
265	305	0.18876
197	286	0.32618
131	141	0.28671
76	229	0.46842
64	64	1.0
118	33	0.34394
70	298	0.5
117	47	0.36
122	295	0.3074
132	134	0.46051
75	225	0.3193
114	86	0.37523
80	125	0.35754
132	132	1.0
127	233	0.41989
61	89	0.42513
116	63	0.66443
134	111	0.48503
133	126	0.32967
61	84	0.36447
261	18	0.23529
199	266	0.37586
128	224	0.42683
82	105	0.47039
260	33	0.37838
71	274	0.35667
197	297	0.5654
189	87	0.60648
125	268	0.34286
266	305	0.45679
63	63	1.0
135	105	0.34739
80	129	0.56329
121	277	0.34323
204	1	0.584
125	229	0.36434
120	288	0.42922
122	268	0.32798
199	232	0.39262
195	289	0.34386
130	130	1.0
116	38	0.56494
196	272	0.28333
124	246	0.44964
117	23	0.33333
67	313	0.33436
196	270	0.2809
187	79	0.1405
116	35	0.67347
111	94	0.65134
199	239	0.35739
279	6	0.37705
63	13	0.64563
112	86	0.33276
112	84	0.37138
62	26	0.28289
127	215	0.4611
122	274	0.31275
62	10	0.28571
132	111	0.45903
127	211	0.41156
121	286	0.45402
131	125	0.29825
116	42	0.57353
199	247	0.34076
187	81	0.30952
263	312	0.54217
60	34	0.5815
205	6	0.36508
127	219	0.36599
114	69	0.36538
263	314	0.30272
123	261	0.36364
264	301	0.45971
196	284	0.2651
189	60	0.9322
112	91	0.40323
195	295	0.28021
197	275	0.34431
131	131	1.0
71	210	0.36483
196	288	0.25781
130	144	0.80165
125	245	0.3587
125	244	0.33524
112	94	0.3678
114	33	0.37351
120	266	0.43911
187	51	0.13235
110	84	0.30482
188	42	0.47482
71	249	0.40395
277	7	0.41776
110	88	0.29204
123	235	0.63636
189	34	0.60648
130	116	0.55263
184	94	0.41889
63	35	0.98496
130	113	0.79021
112	66	0.35649
188	46	0.41333
185	83	0.4417
203	7	0.36437
112	69	0.3615
126	202	0.34247
203	4	0.40753
116	20	0.65354
115	33	0.50935
193	297	0.38961
68	310	0.37059
60	60	1.0
64	10	0.38202
188	50	0.475
113	63	0.98519
196	268	0.25938
70	242	0.42236
62	36	0.28856
63	20	0.64029
132	301	0.42204
298	176	0.72539
226	147	0.15385
227	130	0.43182
209	81	0.77083
131	313	0.28531
208	94	0.32854
9	161	0.27937
224	176	0.36214
297	193	0.38961
297	197	0.5654
27	171	0.37008
7	176	0.57843
229	125	0.36434
29	159	0.29684
224	180	0.44534
226	123	0.5
9	185	0.29412
0	0	1.0
217	279	0.30198
228	101	0.2037
0	4	0.26531
227	113	0.52529
219	251	0.32337
219	250	0.3575
297	171	0.34746
297	172	0.36219
299	146	0.44505
299	148	0.42197
207	94	0.32413
29	184	0.29459
228	114	0.2104
228	113	0.2212
218	273	0.18462
7	199	0.4321
217	286	0.29885
222	184	0.22485
9	177	0.27626
147	6	0.49074
216	264	0.43849
27	145	0.41115
298	136	0.44702
288	298	0.39381
6	154	0.36207
216	267	0.40062
209	42	0.33945
24	186	0.18939
19	287	0.21324
23	199	0.46018
222	159	0.28478
217	259	0.34286
293	199	0.41393
215	284	0.42667
28	131	0.38222
289	289	1.0
209	50	0.28261
216	274	0.38911
221	170	0.45098
220	185	0.36287
299	134	0.40939
25	159	0.66138
6	147	0.49074
208	69	0.28391
227	101	0.61562
4	179	0.38497
29	118	0.33333
24	171	0.17222
289	295	0.32282
28	125	0.3694
295	181	0.40764
99	169	0.36934
295	185	0.35944
287	287	1.0
208	33	0.28261
27	161	0.32841
288	275	0.36713
224	109	0.35887
293	176	0.45662
288	277	0.39175
279	70	0.39056
220	151	0.34333
297	121	0.60714
286	297	0.375
216	248	0.51068
203	99	0.39068
25	185	0.25949
26	171	0.34677
297	124	0.44074
279	79	0.52542
203	96	0.55752
279	78	0.5665
209	20	0.35238
219	211	0.80844
29	145	0.26513
29	146	0.2887
29	148	0.25292
5	198	0.51442
299	102	0.42928
219	219	1.0
224	117	0.58152
27	169	0.48249
289	268	0.33846
206	63	0.55556
221	152	0.34557
220	168	0.34186
297	139	0.39545
28	141	0.34101
27	157	0.3551
292	199	0.16532
225	106	0.3377
8	146	0.23605
8	145	0.24688
288	288	1.0
296	148	0.46437
6	169	0.4359
209	32	0.57447
209	31	0.85417
223	137	0.37278
218	238	0.19091
224	120	0.43802
214	280	0.55725
218	236	0.23718
5	183	0.5
296	151	0.35696
218	235	0.21622
9	135	0.3139
220	172	0.34137
224	128	0.42683
215	272	0.40271
299	115	0.4052
295	160	0.4913
214	285	0.62381
291	179	0.24949
220	134	0.33862
202	86	0.9555
220	132	0.41696
215	233	0.64048
202	83	0.36456
97	156	0.54545
206	38	0.49032
222	112	0.21869
20	183	0.76106
221	127	0.37083
203	79	0.37559
25	126	0.28906
296	115	0.40909
291	175	0.25255
220	139	0.33333
202	89	0.38671
295	133	0.54545
218	203	0.21111
276	94	0.33831
217	217	1.0
222	115	0.22619
99	138	0.77682
205	51	0.48276
3	153	0.29041
214	254	0.58962
206	46	0.55147
22	169	0.26217
7	109	0.59223
2	168	0.29642
218	209	0.19231
214	252	0.632
289	245	0.34393
27	105	0.33333
223	106	0.31962
206	42	0.47826
277	83	0.51075
21	164	0.35897
98	131	0.25899
202	94	0.38443
15	278	0.24252
149	198	0.71333
288	266	0.39216
207	33	0.31343
15	274	0.25592
286	286	1.0
211	295	0.37204
0	179	0.25893
221	133	0.2981
206	50	0.6
19	234	0.31606
95	176	0.58788
222	126	0.24351
4	138	0.78367
296	132	0.37371
291	191	0.94636
215	251	0.52493
298	109	0.5
294	152	0.29091
2	157	0.29167
99	120	0.37809
218	218	1.0
215	215	1.0
210	274	0.42503
202	65	0.36229
26	139	0.32377
17	284	0.29439
2	182	0.3815
1	198	0.42657
278	46	0.3587
214	227	0.63158
8	112	0.29437
287	248	0.30296
278	42	0.36517
204	42	0.37931
203	58	0.55752
275	83	0.49319
25	148	0.25385
95	199	0.57377
202	69	0.59245
7	120	0.48684
274	94	0.59332
289	229	0.32636
23	176	0.63441
204	46	0.58015
24	161	0.18617
18	279	0.34667
278	50	0.40523
293	136	0.35144
9	106	0.28306
17	286	0.29139
283	299	0.52816
206	20	0.50376
4	162	0.39016
284	284	1.0
216	210	0.40058
1	188	0.40972
210	282	0.4104
3	162	0.32646
287	257	0.32323
97	164	0.34074
21	182	0.60714
20	198	0.75652
288	242	0.37013
26	124	0.33663
292	158	0.21003
26	120	0.36842
16	280	0.56226
0	196	0.26
216	216	1.0
21	180	0.38942
291	163	0.2511
96	179	0.35222
204	50	0.44538
279	48	0.55618
24	147	0.25
1	183	0.43571
279	45	0.55618
24	154	0.23232
276	86	0.35644
19	251	0.23223
285	285	1.0
222	104	0.34641
217	205	0.33577
290	185	0.32019
212	263	0.25118
296	111	0.46681
212	262	0.23404
18	262	0.43617
278	63	0.33816
149	183	0.69333
213	259	0.31016
206	35	0.56291
201	94	0.30685
8	104	0.23676
21	189	0.38974
140	7	0.41633
201	91	0.34113
140	4	0.36246
149	149	1.0
281	295	0.27473
0	149	0.25912
282	282	1.0
149	144	0.56329
273	81	0.2807
91	185	0.3594
78	78	1.0
20	144	0.97938
2	121	0.31156
78	79	0.52632
278	20	0.3815
146	184	0.44485
204	20	0.39007
279	18	0.34667
210	258	0.42383
14	252	0.48162
23	109	0.62304
14	254	0.52294
291	134	0.25133
284	263	0.33962
147	171	0.40278
203	39	0.38618
77	91	0.21339
17	223	0.31973
283	274	0.43786
98	108	0.25468
94	151	0.46936
213	224	0.31858
88	264	0.31367
92	161	0.16827
87	262	0.30131
201	69	0.32933
278	35	0.34146
201	66	0.31237
79	51	0.41406
214	214	1.0
86	276	0.35644
203	45	0.36364
20	130	0.78512
275	70	0.4186
291	142	0.27239
90	181	0.34058
211	251	0.35873
210	267	0.45797
14	241	0.43333
211	250	0.34444
273	99	0.37872
210	264	0.45623
77	77	1.0
212	247	0.22985
147	186	0.39623
204	38	0.52349
205	21	0.36719
94	148	0.61123
88	258	0.31088
22	118	0.32808
203	48	0.36364
21	128	0.57222
283	283	1.0
213	238	0.29012
294	111	0.26746
284	272	0.46894
16	227	0.54426
16	254	0.56621
139	286	0.46707
291	115	0.25833
201	36	0.35435
93	180	0.3374
144	183	0.74783
143	199	0.24051
78	99	0.4
16	252	0.69672
282	264	0.4416
271	89	0.38569
25	104	0.2577
280	285	0.48661
96	140	0.89529
291	111	0.25091
1	150	0.40559
19	221	0.25128
14	280	0.44964
147	154	0.56944
212	213	0.23651
212	212	1.0
5	113	0.54505
149	130	0.49724
89	271	0.38569
22	145	0.27113
277	23	0.42907
18	231	0.35294
282	267	0.37519
292	108	0.20763
213	203	0.28696
93	189	0.35217
89	274	0.37532
97	139	0.41848
147	157	0.37778
271	94	0.40951
92	199	0.25
88	284	0.44
98	125	0.28889
200	51	0.43333
139	298	0.37333
273	75	0.29167
139	297	0.39545
92	184	0.17299
79	78	0.52632
1	144	0.44776
292	110	0.18621
79	79	1.0
272	88	0.34698
87	287	0.38585
148	148	1.0
287	215	0.29386
282	274	0.4
20	150	0.592
281	281	1.0
144	198	0.77391
13	285	0.64563
19	211	0.23134
293	109	0.47727
283	269	0.4127
17	238	0.51351
5	101	0.53947
99	105	0.36808
213	217	0.29348
200	68	0.46897
3	120	0.27986
23	120	0.5
13	280	0.53788
283	264	0.46202
213	213	1.0
88	272	0.34698
148	151	0.43105
88	274	0.30759
272	53	0.63259
148	115	0.45927
200	26	0.48768
85	259	0.35514
73	95	0.3681
13	227	0.78077
90	152	0.34381
274	33	0.74436
14	214	0.46263
0	101	0.28531
285	206	0.55556
210	210	1.0
290	106	0.32997
205	310	0.36735
146	148	0.37733
93	128	0.34583
146	146	1.0
270	83	0.57182
89	215	0.37018
275	23	0.48327
94	115	0.50177
76	67	0.30483
284	223	0.57216
129	80	0.56329
284	225	0.39024
94	111	0.65134
138	283	0.39659
82	297	0.54444
75	75	1.0
91	148	0.36319
11	251	0.4247
283	233	0.38697
149	116	0.58683
139	275	0.39493
286	205	0.61607
281	264	0.25307
149	113	0.61017
86	230	0.96247
90	148	0.3432
211	211	1.0
72	94	0.33655
285	214	0.62381
286	200	1.0
72	90	0.30836
13	214	0.76923
145	161	0.26596
210	220	0.41156
211	219	0.80844
89	202	0.38671
83	277	0.51075
211	215	0.32584
88	215	0.34971
75	66	0.29219
12	233	0.62069
145	169	0.32168
83	275	0.49319
280	280	1.0
79	18	0.42487
276	28	0.32
83	270	0.57182
148	132	0.4478
147	147	1.0
143	190	0.25995
207	307	0.28544
74	74	1.0
126	94	0.37471
126	91	0.36724
79	45	0.94531
281	233	0.26695
1	116	0.41333
128	70	0.3913
95	117	0.37037
280	241	0.6
144	144	1.0
13	252	0.65041
141	185	0.32908
94	134	0.48724
84	295	0.81266
13	254	0.54378
135	299	0.34168
17	205	0.34513
145	137	0.35865
279	303	0.36816
75	99	0.30743
94	132	0.49476
89	233	0.35862
148	102	0.45906
76	80	0.39057
89	230	0.37997
16	214	0.688
79	48	0.94531
87	257	0.42368
20	113	0.63121
273	31	0.27119
78	48	0.56316
10	275	0.36335
20	116	0.65354
144	150	0.58268
204	311	0.41579
14	227	0.41975
95	109	0.57647
78	45	0.56316
145	145	1.0
273	39	0.26484
280	252	0.75439
90	160	0.35524
280	254	0.50917
272	49	0.54017
85	263	0.33505
141	195	0.33074
283	225	0.38995
76	76	1.0
128	87	0.3861
146	132	0.37099
145	146	0.31293
284	215	0.42667
83	298	0.51282
138	273	0.41014
87	248	0.34694
12	251	0.57742
148	111	0.59915
83	293	0.44937
200	21	0.37107
10	277	0.36036
271	61	0.37092
136	298	0.44702
133	295	0.54545
86	202	0.9555
142	148	0.39281
280	227	0.68635
125	84	0.32823
276	314	0.47922
72	61	0.29329
127	61	0.27356
90	111	0.36909
140	179	0.3439
75	36	0.3252
70	95	0.42132
11	219	0.33186
199	95	0.57377
146	102	0.35855
75	39	0.27341
11	215	0.35684
271	33	0.346
11	211	0.31796
75	30	0.33333
141	167	0.3375
129	43	0.75768
136	266	0.42814
91	106	0.35897
144	130	0.80165
138	246	0.4566
143	143	1.0
281	222	0.33046
137	259	0.29412
84	219	0.37967
84	215	0.3501
126	86	0.34305
84	211	0.3618
126	84	0.38698
136	275	0.425
71	71	1.0
146	111	0.35597
128	60	0.38281
74	39	0.35443
70	83	0.40597
282	210	0.4104
129	59	0.65436
129	56	0.66279
137	262	0.5
136	277	0.39418
73	47	0.42361
143	110	0.2314
73	73	1.0
72	89	0.30885
200	310	0.43529
139	205	0.45324
134	264	0.46924
77	25	0.2314
90	133	0.38241
143	118	0.23884
71	94	0.38371
139	200	0.46707
141	141	1.0
136	242	0.41299
127	49	0.26934
83	266	0.53293
128	34	0.3861
83	267	0.39674
92	118	0.17027
12	221	0.34375
134	267	0.96429
11	233	0.37473
124	82	0.56314
136	246	0.3858
270	23	0.42373
92	110	0.20818
91	126	0.36724
74	64	0.43966
125	76	0.708
91	112	0.40323
280	214	0.55725
81	273	0.2807
80	289	0.32258
10	232	0.37829
137	238	0.70248
85	225	0.35018
134	277	0.44622
76	28	0.4067
144	116	0.64341
126	69	0.39241
72	72	1.0
134	275	0.47412
126	66	0.34286
144	113	0.64539
143	126	0.22091
12	215	0.63158
135	267	0.35667
82	267	0.49896
135	264	0.36446
92	108	0.25472
217	6	0.38217
127	55	0.62656
76	30	0.37209
125	80	0.35754
142	142	1.0
86	216	0.34454
74	51	0.325
141	155	0.35088
140	169	0.37548
132	267	0.45255
196	83	0.28075
133	250	0.31818
80	234	0.62948
132	264	0.44933
142	102	0.35846
137	203	0.29646
214	5	0.55805
198	63	0.80451
197	79	0.325
142	111	0.41279
123	79	0.2314
81	226	0.30952
143	103	0.24733
143	100	0.23077
142	115	0.40957
132	274	0.41491
122	90	0.31164
274	301	0.44806
197	82	0.41026
131	290	0.29595
123	81	0.24528
128	23	0.4087
128	21	0.57222
122	94	0.34976
140	140	1.0
137	223	0.37278
132	282	0.41082
195	78	0.28626
195	76	0.29213
123	48	0.21875
125	28	0.3694
124	39	0.47126
122	65	0.36226
121	79	0.34359
79	310	0.42938
70	70	1.0
198	42	0.60938
195	80	0.30323
123	54	0.22034
135	215	0.33333
272	300	0.37677
125	30	0.35556
72	33	0.30339
198	50	0.58929
121	82	0.47692
132	258	0.42443
288	7	0.36937
127	12	0.46462
127	11	0.39394
131	276	0.31771
73	23	0.33166
130	285	0.80142
74	10	0.34524
132	220	0.41696
285	5	0.53604
131	234	0.31541
74	303	0.53591
124	10	0.44086
74	300	0.31502
133	211	0.35492
129	309	0.31597
193	82	0.40794
133	219	0.38053
198	20	0.75652
270	305	0.36545
123	31	0.27273
193	87	0.40598
196	53	0.28086
120	70	0.5307
195	67	0.33074
197	45	0.32114
134	210	0.46598
120	78	0.46581
14	5	0.41724
73	305	0.41436
286	6	0.58088
198	35	0.81679
121	68	0.42353
197	48	0.32114
129	313	0.33077
123	45	0.21875
122	59	0.30837
271	301	0.34375
198	38	0.54305
199	23	0.46018
194	82	0.34985
190	94	0.23059
126	314	0.3677
219	170	0.32732
120	45	0.4381
70	23	0.52607
193	60	0.33884
120	48	0.4381
76	309	0.38605
81	209	0.77083
121	39	0.34783
131	229	0.29825
132	210	0.97928
192	80	0.52632
193	79	0.43316
131	230	0.28904
16	5	0.51799
227	254	0.44569
28	293	0.31604
298	298	1.0
227	252	0.71805
299	283	0.52816
8	294	0.22864
218	58	0.18325
9	284	0.28571
38	130	0.55346
28	290	0.32422
231	162	0.35254
37	142	0.29126
154	6	0.36207
234	131	0.31541
34	189	0.60648
39	124	0.47126
230	185	0.3499
225	284	0.39024
29	281	0.2545
235	123	0.63636
225	283	0.38995
34	182	0.35586
236	119	0.36187
219	55	0.32836
32	198	0.22936
232	161	0.34256
9	271	0.29499
299	299	1.0
7	293	0.46637
7	298	0.55708
228	252	0.20438
19	80	0.24803
18	96	0.51131
225	290	0.33022
229	245	0.3384
229	244	0.325
216	94	0.44015
234	141	0.29478
298	275	0.69841
213	97	0.35484
298	277	0.66165
38	150	0.50327
299	264	0.72487
231	140	0.48315
298	270	0.46254
297	286	0.375
217	51	0.31818
35	198	0.81679
233	127	0.41989
228	228	1.0
228	227	0.20938
223	284	0.57216
299	269	0.47337
289	83	0.32383
225	263	0.34091
289	80	0.32258
230	160	0.34146
307	4	0.35831
38	144	0.63971
227	241	0.52595
299	274	0.44663
153	5	0.37356
297	297	1.0
223	290	0.35918
29	299	0.25775
35	183	0.79389
218	54	0.95652
226	261	0.18987
39	138	0.41699
234	129	0.57875
229	229	1.0
225	272	0.43195
224	288	0.33191
34	193	0.40598
226	226	1.0
19	56	0.3125
289	59	0.41066
19	59	0.24409
7	266	0.48249
289	56	0.32192
36	118	0.42796
215	53	0.40786
36	115	0.33226
227	214	0.63158
214	63	0.62381
6	279	0.37705
287	87	0.38585
288	70	0.35931
305	7	0.5
223	263	0.54615
215	55	0.63401
232	118	0.35681
35	130	0.78723
287	80	0.29333
212	93	0.23077
295	295	1.0
98	295	0.25581
226	235	0.38636
219	11	0.33186
298	266	0.74222
15	91	0.23589
289	67	0.8093
36	106	0.34483
26	266	0.31818
18	58	0.51131
32	150	0.25962
19	43	0.24265
8	243	0.25636
223	272	0.34948
227	227	1.0
36	103	0.61021
297	275	0.4106
232	124	0.33832
35	113	0.97037
297	277	0.375
222	281	0.33046
89	94	0.3887
35	116	0.67347
5	285	0.53604
25	281	1.0
33	148	0.51432
29	233	0.28228
24	292	0.20139
233	115	0.35873
296	296	1.0
287	93	0.28664
228	214	0.21147
218	32	0.21667
28	245	0.30605
218	31	0.20548
234	108	0.3037
5	280	0.8296
224	266	0.34948
306	9	0.29213
28	244	0.30588
303	6	0.3631
220	277	0.36804
32	188	0.25472
293	293	1.0
37	122	0.24262
284	93	0.32296
230	114	0.37732
31	198	0.28448
32	183	0.23585
288	47	0.53741
296	256	0.59966
226	209	0.33333
26	297	0.32364
35	149	0.61494
210	94	0.50232
287	60	0.35669
296	264	0.41065
225	223	0.44292
293	298	0.42017
39	105	0.43462
211	84	0.3618
38	116	0.56494
28	276	0.32
37	115	0.21582
37	111	0.24079
18	79	0.42487
31	187	0.34091
225	225	1.0
31	188	0.28696
31	183	0.29204
296	267	0.35952
6	286	0.58088
26	286	0.48768
232	102	0.37374
25	295	0.27473
7	275	0.46831
224	242	0.32849
216	33	0.37892
215	49	0.5
35	144	0.66423
296	271	0.36763
211	90	0.38983
296	274	0.40531
294	294	1.0
155	195	0.76608
293	270	0.59341
97	275	0.32404
159	148	0.36543
89	69	0.4241
286	51	0.43333
157	171	0.38776
95	298	0.52717
285	63	1.0
30	141	0.35
220	258	0.43838
89	61	0.42513
223	225	0.44292
5	252	0.68595
223	223	1.0
16	57	0.50171
222	237	0.23362
87	93	0.32794
33	115	0.50935
23	275	0.48327
215	12	0.63158
23	277	0.42907
33	111	0.47763
22	287	0.27414
283	94	0.39364
293	277	0.35443
15	65	0.27253
3	279	0.28676
98	268	0.33333
211	61	0.52392
19	19	1.0
230	107	0.35616
221	251	0.43096
220	267	0.33448
18	18	1.0
98	253	0.47716
21	286	0.37107
12	89	0.35135
8	201	0.25124
30	138	0.36861
159	159	1.0
98	250	0.26948
31	123	0.27273
25	233	0.26695
214	35	0.62981
12	85	0.33426
292	292	1.0
284	88	0.44
5	241	0.54941
87	87	1.0
286	68	0.46897
295	268	0.36139
23	266	0.50622
95	293	0.57988
230	111	0.36899
86	94	0.38321
212	62	0.23432
33	102	0.52154
99	246	0.3931
294	274	0.26741
287	59	0.29067
224	224	1.0
223	238	0.36111
8	207	0.25761
284	53	0.54348
284	52	0.44
32	144	0.25253
212	22	0.42128
89	89	1.0
154	186	0.39423
18	48	0.43147
149	285	0.60795
31	150	0.31532
213	17	0.28571
89	86	0.38265
18	45	0.43147
156	164	0.44554
6	259	0.4359
291	274	0.26423
297	200	0.375
221	221	1.0
212	29	0.2956
25	264	0.25307
292	260	0.16129
24	286	0.18543
290	290	1.0
157	157	1.0
34	128	0.3861
23	298	0.59901
281	91	0.28659
290	295	0.32374
23	293	0.5
3	298	0.28231
33	134	0.41785
3	297	0.28425
8	237	0.23304
159	132	0.31672
27	246	0.38516
99	273	0.37872
98	289	0.2408
27	247	0.3642
300	7	0.38806
4	283	0.41379
220	242	0.42647
97	286	0.35593
31	144	0.31132
97	288	0.335
222	222	1.0
214	13	0.76923
157	161	0.42
156	176	0.3587
26	242	0.33616
221	233	0.32727
284	66	0.33002
88	88	1.0
17	51	0.31193
157	169	0.43868
29	212	0.2956
16	63	0.45798
214	16	0.688
28	229	0.76613
291	291	1.0
293	266	0.4
288	23	0.38164
211	55	0.35328
29	210	0.25449
158	158	1.0
9	215	0.32135
282	94	0.43416
287	34	0.38585
30	108	0.3434
220	210	0.41156
96	246	0.35294
12	55	0.64923
292	244	0.16245
154	164	0.36709
153	179	0.36831
92	292	0.18405
84	84	1.0
283	40	0.42474
285	20	0.64029
216	301	0.39855
96	240	0.40767
155	155	1.0
86	69	0.59357
16	13	0.63424
295	211	0.37204
86	65	0.35543
10	82	0.38264
94	274	0.59332
290	272	0.336
138	99	0.77682
295	215	0.37219
2	248	0.2987
3	231	0.35179
154	171	0.30065
307	184	0.48024
159	111	0.32951
98	229	0.24038
14	38	0.44298
158	126	0.3093
294	221	0.26816
93	284	0.32296
148	282	0.45714
291	267	0.2513
91	299	0.38087
12	49	0.33713
13	35	0.63592
220	220	1.0
96	236	0.37395
91	295	0.35038
20	254	0.58865
159	115	0.34855
96	231	0.44853
24	205	0.21429
156	156	1.0
221	215	0.34759
83	83	1.0
284	49	0.49524
295	219	0.38095
221	211	0.2956
0	256	0.26891
155	167	0.28477
291	264	0.25231
11	55	0.40162
286	26	0.48768
94	267	0.50547
157	147	0.37778
281	84	0.2833
11	61	0.34252
139	97	0.41848
99	203	0.39068
15	12	0.23853
308	189	0.34769
286	21	0.37107
217	303	0.34078
94	264	0.57888
222	201	0.22459
15	15	1.0
296	210	0.3861
285	35	0.98496
148	299	0.42197
98	217	0.27358
148	296	0.46437
294	233	0.27545
154	147	0.56944
6	217	0.38217
30	125	0.35556
20	285	0.64029
292	223	0.16667
13	63	0.64563
25	222	0.33046
5	227	0.80934
150	198	0.49645
155	137	0.30102
17	17	1.0
88	52	1.0
95	277	0.369
88	53	0.37292
155	133	0.27479
94	299	0.46509
4	246	0.39542
152	170	0.34819
138	78	0.41699
94	296	0.47357
138	79	0.44344
280	63	0.48661
86	89	0.38265
86	83	0.36531
306	178	0.74775
86	86	1.0
148	264	0.53983
292	229	0.16854
98	245	0.27273
22	263	0.28866
139	68	0.40964
155	141	0.35088
154	157	0.32609
215	300	0.44591
6	205	0.36508
283	33	0.48864
89	33	0.36439
88	49	0.36923
305	199	0.45909
154	154	1.0
26	200	0.48768
306	185	0.27854
6	200	0.58088
84	90	0.38657
5	214	0.55805
0	273	0.30043
84	91	0.35036
95	266	0.44595
16	16	1.0
0	278	0.29885
12	61	0.37132
10	97	0.36364
147	286	0.41667
294	215	0.27935
95	275	0.38911
156	139	0.4125
146	299	0.44505
87	60	0.5815
308	167	0.31421
290	260	0.32048
294	219	0.3136
11	80	0.31514
290	263	0.32766
285	13	0.64563
2	259	0.3027
211	12	0.32151
307	172	0.34446
153	175	0.38395
292	239	0.20913
281	69	0.26095
15	33	0.23756
4	231	0.37273
148	274	0.56446
85	85	1.0
158	112	0.30268
294	211	0.31387
289	313	0.31856
144	285	0.65468
12	11	0.36036
96	203	0.55752
12	12	1.0
136	70	0.42951
281	29	0.2545
91	264	0.38081
10	39	0.36923
290	223	0.35918
137	64	0.29487
290	225	0.33022
286	310	0.43529
136	78	0.3961
155	110	0.29167
307	146	0.38536
152	152	1.0
146	269	0.35227
212	312	0.23636
81	81	1.0
146	264	0.42965
85	39	0.4383
145	279	0.27273
228	5	0.22022
84	49	0.40265
147	259	0.36641
135	94	0.32892
287	308	0.91209
153	140	0.32941
0	214	0.27129
305	176	0.58602
136	83	0.40657
287	312	0.28882
1	204	0.584
213	306	0.31641
11	12	0.36036
309	125	0.31095
304	185	0.3642
150	183	0.50725
11	11	1.0
309	129	0.31597
137	74	0.3
139	51	0.45113
85	27	0.3274
146	274	0.37898
151	172	0.40634
150	188	0.875
282	33	0.38678
92	247	0.21269
21	205	0.36719
153	153	1.0
1	206	0.41259
21	200	0.37107
306	169	0.25402
153	151	0.33276
92	243	0.18428
80	80	1.0
97	213	0.35484
84	65	0.35593
91	283	0.38
84	61	0.36447
2	220	0.28528
90	295	0.37757
133	90	0.38241
308	107	0.29149
304	151	0.34477
150	150	1.0
303	169	0.39631
149	206	0.48256
83	70	0.40597
10	64	0.38202
138	39	0.41699
134	82	0.51509
87	34	1.0
24	200	0.18543
303	171	0.39175
4	203	0.40753
93	263	0.61644
14	13	0.44523
306	132	0.25729
14	14	1.0
142	296	0.342
14	16	0.45296
151	148	0.43105
92	260	0.16338
309	108	0.36364
149	214	0.5431
13	13	1.0
0	236	0.26667
91	274	0.35772
97	200	0.35593
227	5	0.80934
145	262	0.44749
280	35	0.49099
87	21	0.38462
82	82	1.0
138	48	0.46847
138	45	0.46847
151	151	1.0
22	217	0.27442
92	269	0.16529
22	212	0.42128
135	82	0.36941
281	25	1.0
212	306	0.22082
97	205	0.34014
3	203	0.3227
13	16	0.63424
134	94	0.48724
304	134	0.3662
142	267	0.34815
150	130	0.51007
304	132	0.34622
80	56	0.72458
81	42	0.28037
9	9	1.0
80	59	0.60204
284	300	0.39721
302	168	0.29535
300	185	0.42784
143	260	0.26777
142	274	0.4016
301	172	0.46201
141	289	0.8093
87	312	0.33333
132	94	0.49476
210	301	0.43106
303	157	0.34392
144	254	0.58042
280	13	0.53788
151	134	0.43259
81	31	0.90476
307	115	0.36276
133	84	0.55069
81	32	0.71053
151	132	0.6072
139	10	0.60804
87	308	0.35821
308	102	0.31091
145	247	0.36335
284	312	0.32353
80	43	0.57006
150	144	0.58268
8	8	1.0
148	210	0.45213
280	16	0.56226
304	114	0.35271
143	232	0.22161
82	48	0.42692
300	161	0.41797
15	301	0.24071
14	311	0.41603
82	45	0.42692
90	250	0.52494
150	116	0.52083
93	223	0.40437
92	239	0.23045
150	113	0.44848
93	225	0.32453
80	76	0.39057
94	210	0.50232
85	12	0.33426
301	151	0.42177
92	232	0.22692
305	109	0.505
85	10	0.33835
131	80	0.29518
91	233	0.36636
142	258	0.33543
83	23	0.38871
298	7	0.55708
302	148	0.2828
136	23	0.4216
143	247	0.23481
89	301	0.3527
80	67	0.34868
10	10	1.0
151	111	0.46416
146	210	0.36898
137	17	0.39726
137	18	0.34146
133	61	0.35385
145	224	0.26689
224	7	0.40083
147	205	0.47674
142	264	0.34497
80	61	0.33333
305	117	0.38587
147	200	0.41667
130	63	0.80142
5	5	1.0
303	105	0.38075
301	134	0.46549
80	11	0.31514
141	245	0.36334
10	300	0.39716
301	132	0.42204
131	67	0.28671
24	6	0.18056
301	148	0.49117
99	4	0.90377
134	33	0.41785
133	49	0.33559
130	42	0.60584
90	211	0.38983
137	303	0.33514
7	7	1.0
131	30	0.33935
301	111	0.5132
81	20	0.29126
140	231	0.48315
301	115	0.40591
302	102	0.26876
300	120	0.43233
90	219	0.43574
300	124	0.37908
26	6	0.38208
142	216	0.33643
130	50	0.58678
141	229	0.39394
85	300	0.37729
6	6	1.0
228	198	0.20305
302	111	0.26978
140	240	0.40484
140	246	0.35531
130	20	0.78512
96	4	0.35599
2	2	1.0
226	187	1.0
96	7	0.42562
22	9	0.25231
300	105	0.39322
300	106	0.39402
229	155	0.31844
2	6	0.28902
1	1	1.0
130	38	0.55346
95	7	0.56069
130	35	0.78723
300	117	0.39056
293	7	0.46637
131	28	0.38222
299	184	0.46512
4	4	1.0
219	295	0.38095
134	301	0.46549
82	310	0.47638
229	141	0.39394
130	13	0.53521
135	300	0.34815
23	7	0.89091
97	7	0.32579
3	3	1.0
140	203	0.52586
47	109	0.37363
37	267	0.21134
297	82	0.54444
238	205	0.28333
233	264	0.36976
243	102	0.37745
225	53	0.49658
36	274	0.35994
296	94	0.47357
28	67	0.34101
46	116	0.49324
240	140	0.40484
226	48	0.13281
222	91	0.22382
45	138	0.46847
226	45	0.13281
27	85	0.3274
298	70	0.5
39	246	0.44534
26	97	0.34177
300	300	1.0
227	35	0.50973
43	141	0.29429
7	70	0.48472
242	120	0.40615
236	236	1.0
37	256	0.20794
25	91	0.28659
239	201	0.29899
42	150	0.54962
243	115	0.3358
226	51	0.13235
238	213	0.29012
243	111	0.35681
36	264	0.35736
29	40	0.25397
99	99	1.0
40	184	0.37192
35	285	0.98496
8	66	0.23007
27	78	0.33692
240	150	0.37238
27	79	0.33197
301	301	1.0
298	83	0.51282
9	53	0.28075
228	35	0.21963
223	93	0.40437
45	120	0.4381
236	241	0.35656
8	62	0.29642
26	82	0.34056
162	4	0.39016
167	192	0.52113
295	84	0.81266
240	119	0.40924
47	128	0.35385
236	203	0.43694
241	101	0.39185
223	53	0.41152
222	69	0.22621
42	183	0.61111
224	47	0.33163
297	68	0.36139
234	234	1.0
46	144	0.53788
169	171	0.44595
8	91	0.25216
235	226	0.38636
222	77	0.23494
227	16	0.54426
299	40	0.46076
221	89	0.30238
227	13	0.78077
49	106	0.44307
241	119	0.43333
47	117	0.36
295	91	0.35038
236	214	0.3447
295	90	0.37757
226	31	0.34091
232	269	0.44162
37	274	0.20768
233	251	0.51437
28	76	0.4067
232	264	0.36581
9	71	0.2768
225	49	0.44311
226	32	0.22222
46	130	0.46452
7	96	0.42562
7	95	0.56069
228	13	0.213
235	235	1.0
43	167	0.62739
231	246	0.36735
5	63	0.53604
4	79	0.42292
295	61	0.38077
4	78	0.37374
231	240	0.3817
6	51	0.48182
40	148	0.34755
168	162	0.36982
28	28	1.0
232	232	1.0
40	146	0.38878
27	39	0.3663
295	65	0.35616
224	23	0.4141
44	109	0.24332
27	45	0.32271
28	30	0.66102
168	168	1.0
221	61	0.3439
8	36	0.22857
44	106	0.24336
25	69	0.26095
39	203	0.38618
34	262	0.30131
97	97	1.0
44	103	0.27163
293	95	0.57988
169	157	0.43868
33	274	0.74436
223	49	0.35192
32	273	0.23853
294	89	0.28697
42	116	0.57353
235	209	0.24658
233	233	1.0
41	122	0.28159
232	247	0.41566
27	27	1.0
23	70	0.52607
3	79	0.33058
34	257	0.42368
22	93	0.28033
221	74	0.30165
168	179	0.33402
169	162	0.40856
33	269	0.52522
294	94	0.28034
230	276	0.3583
299	33	0.48518
33	267	0.42297
298	47	0.43716
169	169	1.0
96	96	1.0
38	204	0.52349
33	264	0.50954
25	84	0.2833
294	55	0.26716
222	29	0.21892
165	177	0.19192
42	144	0.73451
222	25	0.33046
296	33	0.38825
295	49	0.46618
4	99	0.90377
166	166	1.0
223	17	0.31973
36	260	0.79888
34	287	0.38585
294	61	0.29333
33	299	0.48518
6	78	0.40206
159	299	0.33277
221	49	0.30178
159	296	0.32378
293	70	0.37551
29	29	1.0
231	231	1.0
41	148	0.31106
29	25	0.2545
99	78	0.4
23	95	0.62581
167	167	1.0
99	79	0.38683
29	22	0.41135
42	130	0.60584
36	247	0.32381
27	48	0.32271
41	142	0.28222
98	98	1.0
7	58	0.42562
292	92	0.18405
233	215	0.64048
311	1	0.46409
26	68	0.38571
294	72	0.2751
6	68	0.41667
43	129	0.75768
229	309	0.5274
33	283	0.48864
8	40	0.23317
293	83	0.44937
298	23	0.59901
221	55	0.48473
165	158	0.18509
148	94	0.61123
230	216	0.3413
95	70	0.42132
30	268	0.35959
4	39	0.37838
225	312	0.30634
23	47	0.42683
3	45	0.32129
40	105	0.3877
35	206	0.56291
226	309	0.1405
21	68	0.35294
4	33	0.41049
3	48	0.32129
40	102	0.42351
231	203	0.60166
163	184	0.27671
2	68	0.30769
25	29	0.2545
98	41	0.2868
25	25	1.0
165	160	0.18805
159	274	0.32933
292	66	0.17277
24	22	0.1701
24	24	1.0
165	165	1.0
5	13	0.656
93	87	0.32794
167	141	0.3375
93	85	0.2963
290	91	0.3385
159	281	0.66138
169	120	0.39841
2	51	0.28571
93	93	1.0
21	60	0.36715
3	40	0.27723
158	290	0.3039
230	230	1.0
5	16	0.51799
0	75	0.27083
165	170	0.18654
96	58	1.0
9	314	0.30435
24	27	0.17826
294	11	0.29712
165	133	0.19759
24	51	0.23301
164	147	0.35366
37	201	0.20767
293	23	0.5
95	95	1.0
99	45	0.40408
162	171	0.37657
156	288	0.34104
149	63	0.60795
41	111	0.32591
166	127	0.10244
156	286	0.36667
99	48	0.40408
31	273	0.27119
166	123	0.11392
98	59	0.2492
3	70	0.28328
163	163	1.0
30	290	0.36644
34	248	0.34694
158	260	0.30043
2	87	0.28511
164	154	0.36709
7	23	0.89091
168	107	0.34211
299	307	0.43786
4	48	0.43922
4	45	0.43922
230	202	0.95989
99	39	0.375
5	35	0.52703
164	156	0.44554
94	94	1.0
36	201	0.35435
41	102	0.28457
35	214	0.62981
99	33	0.37636
21	87	0.38462
167	129	0.55623
157	286	0.34078
167	125	0.35484
97	68	0.37126
26	26	1.0
96	79	0.35586
169	105	0.43774
164	164	1.0
159	264	0.35971
221	12	0.34375
6	26	0.38208
163	175	0.27829
158	276	0.33634
90	90	1.0
30	229	0.57627
154	286	0.336
292	19	0.16875
7	305	0.5
161	161	1.0
165	115	0.18385
147	68	0.35897
291	33	0.27097
290	49	0.32713
223	300	0.35319
93	60	0.34025
21	34	0.38462
97	10	0.36364
161	169	0.39331
32	209	0.57447
1	38	0.58156
314	185	0.34737
2	21	0.29143
163	148	0.31619
159	233	0.35448
292	24	0.20139
91	84	0.35036
20	42	0.74775
90	94	0.37119
291	37	0.30685
157	259	0.40678
164	139	0.36765
160	181	0.41478
94	33	0.56287
26	300	0.33221
290	53	0.3432
6	303	0.3631
155	289	0.30224
297	310	0.74857
161	171	0.35747
165	127	0.21754
160	185	0.35714
147	79	0.39844
162	168	0.36982
223	312	0.385
21	21	1.0
163	151	0.26606
20	38	0.64925
309	293	0.31628
162	162	1.0
96	18	0.51131
20	35	0.64964
298	305	0.52427
224	305	0.32203
31	209	0.85417
292	36	0.16164
146	94	0.41162
95	23	0.62581
224	300	0.5551
1	20	0.45455
90	84	0.38657
162	169	0.40856
23	23	1.0
154	263	0.31818
313	169	0.37304
309	255	0.30293
149	20	0.55063
148	33	0.51432
30	245	0.36859
147	48	0.37778
147	45	0.37778
152	295	0.3459
290	28	0.32422
312	189	0.34008
9	306	0.29213
96	48	0.36283
92	92	1.0
21	51	0.34959
32	226	0.22222
312	180	0.33716
9	300	0.35119
1	50	0.4359
145	78	0.26712
96	45	0.36283
20	63	0.64029
311	198	0.45503
307	283	0.35795
28	314	0.32258
162	138	0.39273
153	282	0.34652
153	280	0.41994
237	4	0.24054
160	160	1.0
31	226	0.34091
22	27	0.25086
147	51	0.68571
22	29	0.41135
296	301	0.38796
290	30	0.36644
309	268	0.33203
22	22	1.0
97	26	0.34177
28	309	0.43373
1	46	0.53788
157	246	0.33898
158	230	0.30408
309	270	0.30033
308	287	0.91209
2	34	0.28511
161	157	0.42
149	35	0.61494
97	23	0.34804
20	50	0.74737
91	94	0.37695
1	42	0.44118
95	47	0.44361
0	57	0.30341
91	91	1.0
307	299	0.43786
146	33	0.37988
308	248	0.31043
155	238	0.34356
143	71	0.22421
23	305	0.54891
160	133	0.45455
309	239	0.32143
307	269	0.34592
144	63	0.65468
308	257	0.31415
313	157	0.33219
151	282	0.4209
146	40	0.38878
39	4	0.37838
158	202	0.30539
307	264	0.40123
3	310	0.29572
220	301	0.35
310	193	0.47619
38	1	0.58156
2	310	0.28571
310	197	0.66162
305	298	0.52427
311	183	0.45455
309	245	0.30175
220	304	0.37277
154	259	0.35385
305	293	0.5
142	94	0.41225
149	16	0.66972
162	120	0.40234
22	312	0.26848
307	274	0.35593
163	111	0.30142
304	277	0.38242
153	236	0.39
145	27	0.41115
305	266	0.45679
313	125	0.37366
156	200	0.36667
93	34	0.32794
314	112	0.32252
142	65	0.39755
313	129	0.33077
152	251	0.36937
151	267	0.4294
144	42	0.73451
156	205	0.37288
151	264	0.42819
153	241	0.41433
20	20	1.0
306	259	0.25094
310	171	0.40102
309	229	0.5274
141	83	0.3467
305	275	0.39785
305	277	0.38832
141	80	0.34868
140	96	0.89529
93	21	0.3125
314	126	0.3677
24	303	0.1697
92	40	0.17889
313	141	0.33436
0	16	0.27019
157	200	0.34078
151	274	0.42532
143	66	0.25513
144	50	0.73196
156	213	0.39103
155	229	0.31844
153	252	0.41141
90	61	0.39229
162	105	0.36014
98	313	0.25602
0	12	0.28499
145	40	0.29
293	305	0.5
231	4	0.37273
231	3	0.35179
154	200	0.336
304	258	0.46092
239	199	0.35739
141	56	0.35294
154	205	0.5122
239	196	0.33446
35	5	0.52703
144	20	0.97938
143	36	0.25776
143	33	0.2215
312	128	0.3451
150	254	0.47468
311	130	0.4596
151	249	0.39841
152	233	0.34409
304	266	0.39633
140	79	0.38356
304	267	0.35911
291	301	0.24801
153	227	0.41667
145	18	0.3447
149	311	0.48598
308	215	0.2981
154	217	0.33071
141	67	1.0
303	279	0.36816
290	314	0.42265
311	149	0.48598
94	301	0.52103
93	312	0.87952
302	299	0.26838
93	314	0.29499
311	144	0.49718
145	22	0.27113
144	38	0.63971
144	35	0.66423
306	248	0.24495
306	249	0.2516
1	311	0.46409
141	30	0.35
140	45	0.39013
310	121	0.76129
140	48	0.39013
311	116	0.46632
22	308	0.25872
302	264	0.26837
22	303	0.26549
300	284	0.39721
152	215	0.34641
306	210	0.25253
21	310	0.35227
306	213	0.31641
152	211	0.66456
301	274	0.44806
140	58	0.89529
239	181	0.28538
238	195	0.29082
304	248	0.34537
152	219	0.58537
148	301	0.49117
142	33	0.37465
95	305	0.67586
304	242	0.39953
303	259	0.59355
302	274	0.28103
306	220	0.24878
306	224	0.29866
152	221	0.34557
91	301	0.35441
304	210	0.34444
302	240	0.27665
301	258	0.40889
302	243	0.28872
32	6	0.22642
237	184	0.30561
146	307	0.38536
238	173	0.29787
90	301	0.32911
141	28	0.34101
302	248	0.3601
304	220	0.37277
301	267	0.47668
151	210	0.61682
301	264	0.45971
237	159	0.25105
234	192	0.53
229	293	0.3401
302	216	0.32458
235	187	0.38636
236	179	0.34726
236	175	0.35526
238	155	0.34356
303	217	0.34078
140	18	0.54839
145	303	0.28235
39	161	0.40086
228	280	0.21324
142	301	0.38407
237	132	0.24161
219	84	0.37967
239	110	0.30814
228	285	0.21759
232	199	0.39262
301	210	0.43106
39	169	0.43568
219	90	0.43574
236	153	0.39
300	224	0.5551
237	146	0.26964
238	137	0.70248
229	289	0.32636
302	210	0.26959
39	157	0.43478
237	151	0.25561
38	198	0.54305
237	115	0.25086
219	61	0.56757
238	109	0.31915
218	81	0.21739
233	170	0.39798
39	171	0.51208
38	188	0.50649
227	285	0.51751
38	183	0.54362
227	280	0.68635
37	191	0.29894
300	215	0.44591
239	108	0.45353
234	167	0.58736
229	268	0.3251
141	313	0.33436
218	96	0.18325
157	6	0.35088
42	285	0.51634
104	159	0.2382
35	63	0.98496
102	184	0.38511
235	18	0.24528
51	139	0.45113
106	136	0.42821
41	295	0.28733
178	161	0.27799
177	177	1.0
234	28	0.30045
41	296	0.28143
33	94	0.56287
178	169	0.27536
179	153	0.36831
108	110	0.46316
109	109	1.0
241	254	0.51942
234	30	0.2963
241	252	0.6
50	150	0.52174
242	242	1.0
236	14	0.36187
230	89	0.37997
178	178	1.0
236	13	0.37891
52	111	0.32783
107	134	0.3367
52	112	0.31338
230	86	0.96247
107	132	0.33229
40	299	0.46076
230	83	0.35892
34	60	0.5815
45	246	0.51923
244	229	0.325
231	79	0.36179
236	16	0.39922
38	20	0.64925
50	144	0.73196
37	37	1.0
233	55	0.59003
246	203	0.40625
53	106	0.46196
43	268	0.2962
108	129	0.32024
241	227	0.52595
105	124	0.43493
52	148	0.31457
175	179	0.6865
105	120	0.44275
238	303	0.31875
39	39	1.0
34	93	0.32794
240	240	1.0
231	48	0.35178
45	279	0.55618
51	164	0.37805
231	45	0.35178
107	107	1.0
37	69	0.2069
37	65	0.26439
38	50	0.56349
54	123	0.22034
36	75	0.3252
49	225	0.44311
232	33	0.33737
106	120	0.37931
44	270	0.24764
44	271	0.24035
242	220	0.42647
177	160	0.32582
176	176	1.0
100	190	0.36294
243	216	0.3542
178	156	0.2823
230	65	0.35206
34	87	1.0
234	19	0.31606
38	38	1.0
51	147	0.68571
239	309	0.32143
179	148	0.38161
231	58	0.44853
46	254	0.44172
38	46	0.84127
232	40	0.39186
51	154	0.55405
230	69	0.60659
38	42	0.58451
178	157	0.25207
44	277	0.23697
241	241	1.0
240	254	0.43496
43	289	0.31844
108	108	1.0
49	215	0.5
44	274	0.23762
36	66	0.57518
240	252	0.38562
44	275	0.24205
105	105	1.0
30	83	0.35143
158	94	0.29368
34	34	1.0
35	20	0.64964
40	269	0.51044
102	148	0.45906
232	10	0.37829
174	174	1.0
179	114	0.36794
40	274	0.38576
179	119	0.46667
169	279	0.57488
43	234	0.58088
103	134	0.34189
100	174	0.34555
159	94	0.3467
159	91	0.33509
35	13	0.63592
241	214	0.45185
104	126	0.22535
106	106	1.0
177	148	0.34556
34	21	0.38462
237	307	0.28966
100	177	0.24088
33	33	1.0
40	264	0.40223
33	40	0.43144
32	50	0.225
173	195	0.24335
233	12	0.62069
233	11	0.37473
175	175	1.0
103	148	0.34143
240	231	0.3817
231	39	0.34386
30	76	0.37209
100	142	0.24296
158	72	0.29461
165	296	0.19967
52	106	0.36975
100	148	0.25188
177	115	0.32899
101	130	0.42697
172	172	1.0
177	111	0.36353
50	130	0.58678
103	118	0.34201
240	203	0.37979
36	36	1.0
32	81	0.71053
43	255	0.34
36	33	0.37002
35	35	1.0
158	86	0.31124
235	309	0.25
41	268	0.30963
175	148	0.38559
104	104	1.0
42	254	0.57241
46	206	0.55147
172	185	0.41209
50	116	0.55
46	204	0.58015
40	283	0.42474
173	173	1.0
240	214	0.39355
175	153	0.38395
231	18	0.35294
31	81	0.90476
175	119	0.38257
175	114	0.38632
37	301	0.21905
171	169	0.44595
176	109	0.5311
32	20	0.25773
102	102	1.0
31	32	0.64286
101	113	0.50763
168	240	0.36413
31	31	1.0
174	133	0.24499
166	273	0.12752
171	171	1.0
158	69	0.3089
102	115	0.39156
173	155	0.2684
102	111	0.41801
103	106	0.35317
174	148	0.2401
157	85	0.58824
31	20	0.31731
103	103	1.0
169	246	0.4898
156	96	0.33171
30	30	1.0
156	97	0.54545
174	142	0.24176
307	99	0.35194
158	30	0.28732
38	311	0.73964
170	152	0.34819
308	80	0.29188
165	251	0.19601
307	94	0.38645
172	132	0.43902
309	76	0.38605
159	25	0.66138
153	96	0.33929
100	100	1.0
308	87	0.35821
32	42	0.24752
155	76	0.30672
163	282	0.28523
168	220	0.34186
172	134	0.87686
167	234	0.58736
157	51	0.35252
30	67	0.35
174	115	0.25796
156	68	0.63025
39	303	0.38498
174	111	0.23551
101	101	1.0
100	115	0.26256
159	33	0.3223
232	300	0.37618
40	232	0.39186
309	83	0.29907
100	111	0.2497
32	31	0.64286
173	135	0.25441
32	32	1.0
168	231	0.33696
155	80	0.29371
170	170	1.0
165	271	0.19021
164	286	0.36364
31	42	0.30556
163	299	0.26207
173	137	0.27854
163	296	0.27876
157	27	0.3551
308	60	0.35952
152	84	0.34322
171	124	0.55411
314	299	0.31589
171	120	0.45872
166	221	0.098522
160	295	0.4913
168	202	0.33333
172	111	0.45411
173	105	0.33456
163	264	0.30396
162	279	0.45217
156	47	0.37405
152	90	0.34381
48	4	0.43922
166	236	0.10106
166	235	0.10638
158	28	0.29316
166	234	0.10427
157	39	0.43478
33	301	0.41787
174	102	0.23393
246	4	0.39542
174	100	0.34555
168	216	0.34286
163	274	0.29477
155	67	0.35088
152	61	0.71392
314	276	0.47922
309	30	0.52821
165	215	0.18367
30	28	0.66102
171	105	0.62617
153	58	0.33929
156	23	0.36364
306	71	0.28041
163	243	0.27629
308	59	0.31948
154	51	0.55405
170	127	0.48016
34	308	0.35821
34	312	0.33333
305	95	0.67586
314	290	0.42265
166	218	0.12766
314	295	0.31992
151	94	0.46936
302	94	0.27662
307	33	0.4112
164	205	0.525
241	5	0.54941
164	200	0.36364
313	268	0.43155
160	255	0.35684
46	1	0.53788
161	246	0.32819
155	17	0.4183
30	309	0.52821
312	284	0.32353
307	40	0.36667
308	34	0.35821
152	55	0.37808
45	4	0.43922
305	73	0.41436
309	28	0.43373
161	259	0.37129
312	290	0.30201
155	28	0.29381
156	10	0.33971
162	246	0.44015
151	33	0.39733
249	172	0.34797
47	7	0.38462
310	286	0.43529
314	230	0.3279
313	246	0.39009
303	64	0.45972
153	16	0.32967
249	180	0.34867
305	47	0.41509
150	50	0.52174
312	263	0.54217
30	313	0.36449
310	297	0.74857
301	94	0.52103
303	74	0.53591
161	232	0.34256
158	314	0.29054
150	63	0.43636
248	169	0.32849
249	151	0.39841
160	219	0.34686
160	215	0.3802
311	254	0.43478
305	23	0.54891
150	38	0.50327
310	275	0.3617
150	35	0.44172
303	51	0.38806
152	12	0.34943
152	11	0.3693
313	245	0.68647
247	199	0.34076
150	42	0.54962
157	303	0.34392
249	132	0.37117
300	53	0.38924
308	308	1.0
154	303	0.34074
249	134	0.3517
312	223	0.385
312	225	0.30634
246	171	0.40678
44	7	0.24556
308	312	0.29118
309	309	1.0
249	148	0.34719
314	202	0.33134
303	39	0.38498
248	162	0.32857
150	20	0.592
249	111	0.34971
239	270	0.31436
243	184	0.36565
237	299	0.27218
248	121	0.34936
49	160	0.37013
48	171	0.45455
245	169	0.33022
307	307	1.0
247	145	0.36335
301	33	0.41787
48	169	0.50246
48	162	0.69189
249	128	0.35381
47	176	0.4878
46	198	0.44898
246	162	0.44015
303	10	0.35498
169	6	0.4359
246	169	0.4898
247	118	0.31532
238	262	0.36735
229	67	0.39394
49	185	0.35358
300	10	0.39716
310	200	0.43529
49	181	0.39269
248	107	0.37668
166	0	0.1039
245	141	0.36334
247	124	0.2906
229	76	0.46842
246	138	0.4566
305	305	1.0
310	205	0.36735
151	301	0.42177
239	260	0.30266
247	128	0.29688
300	23	0.41036
306	306	1.0
306	300	0.26126
229	83	0.31788
228	96	0.20155
225	93	0.32453
48	138	0.46847
225	91	0.33032
43	192	0.69688
244	133	0.27885
243	148	0.41258
239	232	0.32934
243	146	0.3514
303	300	0.35918
226	81	0.30952
303	303	1.0
245	125	0.3587
239	239	1.0
241	175	0.37656
240	188	0.38655
228	63	0.21759
45	171	0.45455
304	301	0.36859
42	198	0.60938
304	304	1.0
237	264	0.2592
48	120	0.4381
37	296	0.23175
238	259	0.2875
37	291	0.30685
45	169	0.50246
246	120	0.40856
9	93	0.27597
239	247	0.31579
242	172	0.38356
45	162	0.69189
246	124	0.44964
242	136	0.41299
237	237	1.0
229	28	0.76613
242	134	0.394
244	112	0.2887
233	283	0.38697
232	299	0.38877
225	75	0.3193
47	164	0.35922
238	223	0.36111
298	95	0.52717
235	261	0.49383
46	183	0.45833
241	153	0.41433
236	254	0.40816
229	30	0.57627
240	168	0.36413
236	252	0.39919
233	299	0.38757
47	156	0.37405
302	301	0.27061
302	302	1.0
238	238	1.0
225	85	0.35018
243	132	0.33188
235	273	0.26667
227	63	0.51751
226	79	0.1405
244	126	0.28542
244	125	0.33524
44	199	0.25071
235	278	0.26174
299	94	0.46509
177	296	0.35078
111	151	0.46416
186	147	0.39623
51	259	0.38168
183	183	1.0
104	281	0.2577
55	219	0.32836
43	56	0.66537
108	234	0.3037
112	148	0.37226
55	215	0.63401
179	274	0.38959
107	248	0.37668
113	130	0.79021
251	215	0.52493
186	154	0.39423
55	211	0.35328
115	111	0.4653
42	63	0.51634
251	211	0.35873
108	239	0.45353
187	147	0.15385
53	223	0.41152
188	130	0.45513
105	279	0.412
53	225	0.49658
45	18	0.43147
251	219	0.32337
186	157	0.25287
115	115	1.0
183	198	0.97196
44	23	0.24
179	282	0.44326
179	280	0.3744
106	266	0.41848
43	43	1.0
185	172	0.41209
189	128	0.39592
113	144	0.64539
184	184	1.0
107	258	0.33393
42	50	0.71717
104	299	0.2249
186	164	0.25439
54	218	0.95652
251	221	0.43096
113	149	0.61017
41	65	0.30292
177	274	0.33506
45	48	1.0
182	171	0.32161
177	271	0.53025
41	94	0.33055
181	185	0.34387
45	45	1.0
102	283	0.40136
52	264	0.31367
240	16	0.37304
240	14	0.40924
111	134	0.48503
111	132	0.45903
103	274	0.36301
113	113	1.0
48	18	0.43147
51	286	0.43333
244	314	0.28861
112	126	0.45422
179	252	0.3744
181	192	0.35153
176	293	0.45662
55	233	0.59003
104	264	0.21587
46	38	0.84127
113	116	0.65563
47	23	0.42683
41	98	0.2868
187	123	0.5
186	139	0.24581
182	182	1.0
176	298	0.72539
52	258	0.31088
40	94	0.35723
46	20	0.54615
188	116	0.46358
111	148	0.59915
188	113	0.40116
107	230	0.35616
169	78	0.63208
43	59	0.73852
169	79	0.46798
44	44	1.0
245	313	0.68647
60	128	0.38281
250	211	0.34444
189	107	0.31662
102	299	0.42928
43	67	0.29429
241	16	0.45255
179	264	0.38053
241	14	0.43333
241	13	0.45522
115	102	0.39156
55	221	0.48473
41	88	0.28598
250	219	0.3575
54	238	0.19444
114	115	0.35878
114	114	1.0
41	84	0.28494
108	229	0.31308
54	235	0.18919
114	111	0.36385
54	236	0.22436
176	266	0.60776
47	305	0.41509
181	160	0.41478
180	176	0.34921
40	40	1.0
107	202	0.35632
111	115	0.4653
106	215	0.42826
46	311	0.63095
169	48	0.50246
169	45	0.50246
111	111	1.0
110	126	0.3144
102	269	0.5106
183	149	0.69333
43	11	0.2904
184	132	0.37685
102	264	0.44587
183	144	0.74783
176	270	0.48276
167	76	0.377
185	124	0.39454
42	20	0.74775
174	299	0.23396
175	282	0.51679
180	180	1.0
175	280	0.39558
101	280	0.47436
100	296	0.25307
259	6	0.4359
176	277	0.5
40	33	0.43144
176	275	0.52612
112	112	1.0
112	111	0.3769
51	205	0.48276
107	210	0.33077
101	285	0.51154
51	200	0.43333
182	164	0.32308
177	264	0.32429
184	146	0.44485
103	264	0.37064
167	80	0.92913
178	259	0.27039
108	201	0.31522
103	260	0.73333
107	216	0.35169
102	274	0.63902
181	181	1.0
185	134	0.42077
184	148	0.39216
244	309	0.2717
168	38	0.43262
163	94	0.29475
53	215	0.40786
49	300	0.3711
48	310	0.42077
101	254	0.47348
169	27	0.48249
110	108	0.46316
101	252	0.53333
177	233	0.33275
173	288	0.24686
102	243	0.37745
54	209	0.18182
178	224	0.30712
50	254	0.55039
42	46	0.52985
185	105	0.40204
167	56	0.67323
175	264	0.39344
104	222	0.34641
42	42	1.0
41	52	0.28598
54	203	0.2067
168	46	0.3617
110	112	0.31818
110	110	1.0
168	42	0.35612
52	215	0.34971
167	59	0.66327
183	130	0.63043
164	97	0.34074
169	39	0.43568
242	304	0.39953
42	38	0.58451
42	35	0.52318
167	67	0.3375
104	233	0.28404
175	274	0.38624
166	79	0.10366
41	41	1.0
167	61	0.33472
172	275	0.52941
177	215	0.32743
171	286	0.49708
178	203	0.26182
165	55	0.19355
172	277	0.47752
164	68	0.38739
44	305	0.25079
166	48	0.099415
174	256	0.2419
166	45	0.099415
43	313	0.29825
181	133	0.42013
58	7	0.42562
100	258	0.23913
58	4	0.35599
100	256	0.25461
182	121	0.32653
184	102	0.38511
166	54	0.13043
183	116	0.79508
183	113	0.77037
182	128	0.38967
178	213	0.3907
175	252	0.38537
167	43	0.62739
174	264	0.24043
166	56	0.1
314	94	0.3229
50	206	0.6
173	242	0.24859
172	258	0.41147
160	94	0.35103
101	214	0.71429
45	310	0.42077
164	47	0.35922
160	90	0.35524
180	120	0.38911
161	85	0.43805
167	11	0.32048
180	128	0.7561
162	79	0.65405
181	111	0.33134
175	227	0.39509
162	78	0.4449
172	264	0.45521
171	279	0.40865
164	51	0.37805
100	233	0.24547
101	227	0.61562
172	267	0.846
162	82	0.39414
161	96	0.33333
103	201	0.362
165	49	0.19895
170	255	0.30997
313	83	0.33254
162	45	0.69189
170	251	0.56275
161	58	0.33333
40	307	0.36667
312	93	0.87952
164	21	0.35897
162	48	0.69189
163	33	0.29429
173	221	0.24806
173	220	0.2687
165	11	0.21173
173	224	0.2566
252	5	0.68595
314	86	0.32669
314	84	0.33197
160	84	0.46407
173	238	0.29787
160	89	0.34915
160	86	0.3475
170	233	0.39798
161	39	0.40086
313	67	0.33436
313	65	0.5109
57	5	0.37342
168	301	0.35099
172	210	0.44478
109	7	0.59223
168	304	0.33784
312	87	0.33333
313	78	0.37821
168	311	0.40252
164	17	0.37374
160	61	0.40643
170	211	0.34911
259	157	0.40678
170	219	0.32732
314	30	0.33523
171	200	0.49708
170	215	0.41602
310	82	0.47638
257	185	0.33476
171	205	0.47917
257	180	0.34311
259	161	0.37129
257	189	0.44737
258	172	0.41147
170	221	0.45098
161	27	0.32841
259	169	0.39252
312	60	0.32946
51	6	0.48182
59	192	0.59816
160	49	0.37013
259	171	0.38743
258	185	0.3945
167	308	0.31421
255	181	0.30769
311	46	0.63095
258	148	0.39828
311	42	0.45902
312	34	0.33333
310	68	0.37059
311	50	0.42262
255	192	0.34845
259	147	0.36641
164	310	0.33094
313	30	0.36449
257	176	0.33746
314	28	0.32258
313	39	0.3354
161	10	0.32946
310	79	0.42938
253	186	0.24309
59	167	0.66327
311	20	0.50286
58	179	0.35222
255	160	0.35684
249	277	0.37045
178	9	0.26347
258	134	0.39904
310	45	0.42077
163	301	0.28018
258	132	0.42443
255	170	0.30997
311	38	0.73964
312	21	0.30144
104	8	0.23676
254	183	0.51299
311	35	0.42381
310	48	0.42077
179	4	0.38497
56	192	0.5979
237	94	0.24242
176	7	0.57843
314	314	1.0
161	303	0.33649
256	134	0.35994
161	300	0.41797
256	132	0.35029
257	128	0.3697
258	111	0.42193
252	183	0.52
259	105	0.35983
249	264	0.34814
249	267	0.35191
257	132	0.35204
256	148	0.38998
239	83	0.34037
252	198	0.535
248	248	1.0
55	170	0.53546
59	129	0.65436
59	122	0.30837
49	284	0.49524
250	181	0.31178
108	192	0.31356
244	293	0.27703
57	149	0.37226
256	115	0.38939
255	129	0.33582
245	289	0.34393
58	140	0.89529
256	111	0.3939
251	170	0.56275
56	167	0.67323
247	264	0.31107
247	260	0.31776
248	258	0.34563
49	272	0.54017
250	192	0.28642
313	313	1.0
249	249	1.0
53	185	0.36557
254	144	0.58042
236	96	0.37395
47	298	0.43716
109	199	0.41803
101	5	0.53947
249	210	0.37329
235	75	0.24277
247	239	0.31579
242	298	0.38253
248	220	0.32494
250	160	0.30176
59	141	0.31511
235	79	0.30952
244	270	0.27676
251	152	0.36937
245	268	0.64912
254	119	0.52294
239	36	0.31188
311	311	1.0
239	30	0.32313
243	296	0.33286
253	131	0.22305
248	231	0.3244
247	247	1.0
49	295	0.46618
243	299	0.36379
109	176	0.5311
237	69	0.24101
312	312	1.0
238	51	0.34259
312	314	0.30028
36	94	0.3358
242	277	0.44094
242	275	0.42287
234	67	0.29478
106	172	0.37996
36	91	0.32015
47	266	0.35874
107	168	0.34211
253	108	0.23137
243	264	0.39826
245	246	0.36449
245	245	1.0
51	186	0.37615
39	64	0.45041
237	33	0.24144
50	198	0.58929
233	89	0.35862
243	274	0.37959
106	185	0.38055
44	293	0.24776
248	210	0.323
48	246	0.51923
310	310	1.0
236	58	0.37395
56	108	0.2963
248	216	0.51068
233	91	0.36636
57	101	0.50464
250	152	0.32642
55	127	0.62656
247	232	0.41566
50	183	0.6055
246	246	1.0
234	80	0.62948
54	137	0.27907
242	257	0.38462
105	169	0.43774
235	31	0.24638
234	43	0.58088
48	279	0.55618
47	288	0.53741
243	243	1.0
230	94	0.36784
52	185	0.31749
242	258	0.41176
39	85	0.4383
179	179	1.0
109	120	0.39834
179	175	0.6865
107	148	0.3443
39	82	0.40136
56	141	0.35294
105	171	0.62617
245	229	0.3384
59	108	0.32268
55	152	0.37808
104	184	0.23374
103	199	0.38366
233	61	0.38606
242	267	0.38828
234	59	0.6255
242	266	0.48955
234	56	0.82979
252	101	0.53333
244	244	1.0
57	119	0.38835
235	48	0.34375
56	129	0.66279
235	45	0.34375
250	133	0.31818
232	82	0.33803
231	96	0.44853
105	185	0.40204
251	127	0.75127
238	18	0.29891
238	17	0.51351
241	280	0.6
237	29	0.24457
111	274	0.54757
50	46	0.66981
103	66	0.59202
120	128	0.43852
50	42	0.71717
110	284	0.3211
196	106	0.26357
110	283	0.32613
176	83	0.45659
253	309	0.20755
61	219	0.56757
112	264	0.35434
103	69	0.34928
61	215	0.37288
175	94	0.38725
194	139	0.3252
184	299	0.46512
105	48	0.4188
105	45	0.4188
194	135	0.31358
191	175	0.27071
190	184	0.23443
192	167	0.52113
50	35	0.4963
110	299	0.298
50	38	0.56349
191	179	0.26253
121	121	1.0
120	136	0.47959
187	261	0.18987
176	95	0.58788
104	69	0.22752
122	115	0.31963
112	274	0.36595
122	112	0.30637
188	254	0.41566
122	111	0.34316
61	211	0.52392
195	133	0.30458
177	84	0.32297
190	190	1.0
186	286	0.27044
102	94	0.4515
106	49	0.44307
196	120	0.26596
177	89	0.32243
187	235	0.38636
120	105	0.44275
63	214	0.62381
51	51	1.0
183	285	0.78195
50	63	0.48905
193	121	0.46939
62	224	0.29861
184	274	0.37299
60	257	0.43949
52	49	0.36923
186	253	0.24309
185	267	0.41237
59	308	0.31948
100	89	0.23868
63	206	0.55556
174	94	0.22655
186	259	0.25595
179	33	0.40216
174	90	0.23574
110	272	0.2925
50	50	1.0
176	70	0.45614
111	267	0.49761
116	206	0.67939
104	40	0.22381
111	264	0.52894
61	233	0.38606
185	272	0.42273
114	230	0.37732
105	39	0.43462
195	110	0.33553
185	270	0.40909
194	124	0.35099
60	248	0.31322
191	163	0.25974
120	120	1.0
190	177	0.23175
185	277	0.4157
51	45	0.39259
185	275	0.38657
51	48	0.39259
173	78	0.2567
102	33	0.52154
265	7	0.18315
174	66	0.27451
176	47	0.4878
113	214	0.61792
108	313	0.30178
102	40	0.42351
101	57	0.50464
109	305	0.505
190	143	0.25995
172	94	0.44702
114	202	0.37705
100	69	0.23913
177	33	0.31944
53	300	0.38924
103	33	0.35651
179	14	0.46667
181	295	0.40764
178	27	0.25083
191	134	0.25391
190	148	0.24095
104	25	0.2577
192	129	0.9021
103	36	0.61021
182	286	0.35882
187	226	1.0
174	77	0.26801
68	6	0.41667
194	105	0.35959
184	264	0.45089
266	7	0.48249
104	29	0.22067
191	142	0.27473
185	258	0.3945
101	63	0.51154
184	269	0.36765
100	77	0.2964
186	205	0.34746
50	20	0.74737
190	115	0.25854
186	200	0.27044
175	33	0.39204
107	301	0.40419
111	210	0.46973
176	23	0.63441
171	82	0.55422
101	35	0.50385
186	217	0.54545
191	115	0.26898
191	111	0.26488
181	270	0.37104
192	108	0.31356
187	209	0.33333
110	239	0.30814
184	243	0.36565
108	309	0.36364
190	132	0.23197
172	83	0.409
113	206	0.54839
172	82	0.55841
180	257	0.34311
105	300	0.39322
184	210	0.37683
175	14	0.38257
190	103	0.23699
101	13	0.71956
190	100	0.36294
101	16	0.54902
110	215	0.31293
106	300	0.39402
185	215	0.40984
171	79	0.44022
190	111	0.2512
171	78	0.40991
173	10	0.25362
171	39	0.51208
173	17	0.44048
183	206	0.65873
178	306	0.74775
170	55	0.53546
119	5	0.41724
178	300	0.25246
171	48	0.45455
171	45	0.45455
269	184	0.36765
180	249	0.34867
51	303	0.38806
170	61	0.31057
261	4	0.21538
117	7	0.31776
62	8	0.29642
176	305	0.58602
102	301	0.38873
180	224	0.44534
182	200	0.35882
181	215	0.36714
182	205	0.33333
170	49	0.30811
266	176	0.60776
170	12	0.44818
170	11	0.35405
269	146	0.35227
63	5	0.53604
269	148	0.35888
267	172	0.846
269	115	0.35691
188	1	0.40972
249	94	0.37606
67	195	0.33074
264	184	0.45089
267	151	0.4294
265	176	0.18868
67	185	0.32908
259	259	1.0
186	6	0.2953
268	108	0.33
256	299	0.35987
266	136	0.42814
256	296	0.59966
249	71	0.40395
248	87	0.34694
269	102	0.5106
262	189	0.31925
113	5	0.54505
267	134	0.96429
262	193	0.34872
172	301	0.46201
267	132	0.45255
268	129	0.3427
264	172	0.45521
268	125	0.34286
264	134	0.46924
264	132	0.44933
59	289	0.41066
68	139	0.40964
63	198	0.80451
69	126	0.39241
265	124	0.18413
67	155	0.35088
256	274	0.35979
263	154	0.31818
262	169	0.29075
246	99	0.3931
258	258	1.0
258	257	0.41564
64	171	0.39316
69	114	0.36538
266	120	0.43911
69	115	0.3736
255	295	0.30128
63	183	0.78195
264	148	0.53983
69	111	0.45349
267	115	0.42258
267	111	0.49761
248	78	0.3403
258	267	0.39623
67	141	1.0
263	161	0.30159
257	277	0.32598
118	172	0.3438
253	289	0.23675
264	111	0.52894
245	78	0.35599
116	198	0.79032
69	148	0.39953
257	242	0.38462
68	164	0.38739
256	256	1.0
255	268	0.33422
245	83	0.35821
262	145	0.44749
254	280	0.50917
247	66	0.32118
118	185	0.34825
246	79	0.49275
247	62	0.42208
246	78	0.58667
266	109	0.43561
256	267	0.3642
68	156	0.63025
119	179	0.46667
256	264	0.39031
67	167	0.3375
257	258	0.41564
258	242	0.41176
257	257	1.0
253	268	0.24561
254	252	0.60488
247	36	0.32381
246	48	0.51923
254	254	1.0
189	193	0.32203
246	45	0.51923
251	295	0.27889
66	126	0.34286
48	78	0.56316
48	79	0.94531
255	245	0.3225
56	289	0.32192
61	181	0.36295
116	183	0.79508
258	210	0.42383
252	285	0.48661
244	76	0.35052
60	193	0.33884
261	138	0.21681
55	295	0.31132
252	280	0.75439
117	176	0.32367
60	180	0.33333
47	73	0.42361
65	122	0.36226
245	67	0.36334
245	65	0.61316
63	149	0.60795
59	234	0.6255
255	255	1.0
63	144	0.65468
182	2	0.3815
58	246	0.35294
58	240	0.40767
49	49	1.0
247	40	0.29812
244	80	0.27324
243	94	0.39303
248	34	0.34694
49	52	0.36923
261	140	0.2217
49	53	0.6262
66	118	0.39554
262	137	0.5
66	112	0.35649
258	220	0.43838
60	189	0.9322
244	84	0.27902
240	96	0.40767
64	169	0.37023
188	183	0.44828
59	268	0.35417
69	102	0.36202
242	70	0.42236
188	188	1.0
245	39	0.35161
68	120	0.36816
49	88	0.36923
68	121	0.42353
260	126	0.33333
256	210	0.36035
49	84	0.40265
113	198	0.79259
254	241	0.51942
64	157	0.33047
189	180	0.32824
180	7	0.37549
65	142	0.39755
47	95	0.44361
262	109	0.31604
253	253	1.0
253	250	0.2892
189	189	1.0
246	39	0.44534
188	198	0.43919
117	156	0.2963
109	298	0.5
261	123	0.36364
62	180	0.29392
250	295	0.30184
109	293	0.47727
247	27	0.3642
57	280	0.38762
48	82	0.42692
257	210	0.34783
65	148	0.35528
54	262	0.17647
117	120	0.29911
64	105	0.39855
244	28	0.30588
46	50	0.66981
115	148	0.45927
63	116	0.66443
57	227	0.38793
53	270	0.33598
254	214	0.58962
62	128	0.3045
53	272	0.63259
118	111	0.34528
253	229	0.21538
63	113	0.98519
62	124	0.30915
52	284	0.44
109	266	0.43561
251	251	1.0
44	83	0.24324
118	118	1.0
260	103	0.73333
119	101	0.41159
47	47	1.0
252	241	0.6
244	30	0.27597
55	251	0.79204
116	149	0.58683
46	46	1.0
187	187	1.0
116	144	0.64341
46	42	0.52985
113	183	0.77037
58	203	0.55752
52	272	0.34698
57	214	0.46128
52	274	0.30759
109	277	0.39739
260	118	0.38557
114	175	0.38632
109	275	0.41156
260	115	0.33868
108	289	0.30464
109	270	0.37975
56	234	0.82979
252	254	0.60488
245	30	0.36859
252	252	1.0
43	80	0.57006
114	179	0.36794
119	119	1.0
116	116	1.0
248	302	0.3601
116	113	0.65563
111	172	0.45411
65	111	0.36234
106	272	0.46617
252	214	0.632
106	270	0.40876
107	267	0.33719
240	58	0.40767
58	236	0.37395
188	144	0.51493
63	130	0.80142
58	231	0.44853
53	290	0.3432
45	82	0.42692
106	277	0.38164
248	304	0.34537
185	185	1.0
57	252	0.44407
56	268	0.2947
57	254	0.5368
117	109	0.34615
115	134	0.4152
61	160	0.40643
114	148	0.39798
66	103	0.59202
251	233	0.51437
65	115	0.35881
253	211	0.24675
252	227	0.71805
188	150	0.875
106	284	0.5625
45	78	0.56316
45	79	0.94531
110	195	0.33553
118	103	0.34201
117	117	1.0
253	219	0.22376
62	139	0.35366
53	283	0.33921
53	284	0.54348
253	217	0.25758
57	241	0.38514
108	268	0.33
250	253	0.2892
61	152	0.71392
48	45	1.0
250	250	1.0
56	255	0.30058
241	57	0.38514
48	48	1.0
116	130	0.55263
186	186	1.0
115	142	0.40957
243	33	0.36245
64	300	0.33677
64	303	0.45972
113	20	0.63121
198	206	0.64341
275	7	0.46831
79	4	0.42292
193	262	0.34872
188	20	0.52273
123	218	0.25424
187	32	0.22222
187	31	0.34091
191	291	0.94636
209	198	0.31624
113	35	0.97037
196	239	0.33446
186	51	0.37615
121	248	0.34936
187	48	0.13281
187	45	0.13281
123	226	0.5
119	311	0.41603
189	21	0.38974
188	38	0.50649
192	255	0.34845
120	224	0.43802
184	40	0.37192
191	264	0.26606
61	12	0.37132
60	21	0.36715
117	305	0.38587
180	93	0.3374
117	300	0.39056
181	83	0.33546
181	84	0.38
191	274	0.27907
183	63	0.78195
111	33	0.47763
65	313	0.5109
113	13	0.63942
197	200	0.32618
181	90	0.34058
192	268	0.32808
209	183	0.32456
200	6	0.58088
181	94	0.3378
191	282	0.254
112	33	0.34429
195	238	0.29082
190	296	0.2454
209	187	0.33333
182	87	0.35586
123	209	0.25
206	183	0.65873
183	38	0.54362
183	35	0.79389
115	301	0.40591
180	73	0.3871
60	308	0.35952
185	10	0.39791
192	234	0.53
180	70	0.36641
182	51	0.31618
209	150	0.34821
60	312	0.32946
189	312	0.34008
181	61	0.36295
183	42	0.61111
190	264	0.23225
75	4	0.34426
184	33	0.38743
121	200	0.45402
207	184	0.31053
206	198	0.64341
121	205	0.35484
192	245	0.31695
182	68	0.3253
273	4	0.34496
183	50	0.6055
273	0	0.30043
205	171	0.47917
78	6	0.40206
278	198	0.36413
270	7	0.41748
183	20	0.76106
181	49	0.39269
182	34	0.35586
208	148	0.31212
205	186	0.34746
204	198	0.36842
194	205	0.32995
110	11	0.31358
209	144	0.34579
189	308	0.34769
77	0	0.225
205	154	0.5122
186	303	0.24855
206	144	0.4963
277	185	0.4157
205	156	0.37288
279	162	0.45217
206	149	0.48256
279	169	0.57488
205	164	0.525
209	116	0.296
187	309	0.1405
278	183	0.37017
128	7	0.38462
207	148	0.31566
207	146	0.3156
180	47	0.34328
279	171	0.40865
204	183	0.37584
182	21	0.60714
110	300	0.30117
204	144	0.38462
205	139	0.45324
207	115	0.29908
207	111	0.31958
204	150	0.34868
185	300	0.42784
208	102	0.28155
276	185	0.32329
180	21	0.38942
277	176	0.5
73	7	0.31628
111	301	0.5132
205	147	0.47674
277	172	0.47752
208	112	0.27835
208	111	0.31155
202	185	0.35526
180	23	0.39831
208	118	0.28492
190	210	0.23375
208	115	0.28701
77	190	0.21522
182	310	0.32804
276	158	0.33634
79	169	0.46798
200	171	0.49708
279	120	0.37447
268	295	0.36139
79	171	0.44022
278	130	0.35897
275	172	0.52941
269	283	0.4127
203	140	0.52586
205	121	0.35484
275	176	0.52612
199	7	0.4321
206	113	0.54839
278	144	0.37714
207	102	0.29016
202	160	0.34686
206	116	0.67939
79	162	0.65405
184	307	0.48024
269	299	0.47337
78	171	0.40991
266	298	0.74222
259	74	0.35821
277	120	0.40127
276	132	0.33333
79	193	0.43316
272	185	0.42273
259	78	0.36792
279	105	0.412
269	264	0.41536
278	116	0.34197
258	94	0.39786
204	116	0.35849
269	269	1.0
277	134	0.44622
259	85	0.35514
70	7	0.48472
269	274	0.4426
268	289	0.33846
129	181	0.31333
264	299	0.72487
120	7	0.48684
270	181	0.37104
257	70	0.35952
266	277	0.64505
266	275	0.58108
259	51	0.38168
270	185	0.40909
266	270	0.54259
201	126	0.33895
267	267	1.0
200	139	0.46707
77	159	0.22081
267	264	0.46554
271	177	0.53025
256	94	0.39146
202	114	0.37705
76	167	0.377
268	255	0.33422
202	111	0.38038
275	136	0.425
257	87	0.42368
129	192	0.9021
275	134	0.47412
76	155	0.30672
180	300	0.34483
274	148	0.56446
259	64	0.35874
276	126	0.37524
276	125	0.32547
69	274	0.40335
265	298	0.20144
78	136	0.3961
68	297	0.36139
78	138	0.41699
68	298	0.37129
267	277	0.43327
267	275	0.45984
200	147	0.41667
274	151	0.42532
268	268	1.0
196	0	0.26
274	115	0.48877
264	274	0.51083
129	167	0.55623
265	266	0.19108
265	265	1.0
263	290	0.32766
78	169	0.63208
201	103	0.362
128	180	0.7561
273	138	0.41014
78	162	0.4449
201	108	0.31522
77	174	0.26801
128	182	0.38967
257	60	0.43949
264	283	0.46202
266	266	1.0
200	121	0.45402
270	176	0.48276
265	277	0.20455
128	189	0.39592
265	275	0.20235
79	138	0.44344
201	115	0.28639
201	112	0.30074
200	124	0.37395
202	107	0.35632
274	132	0.41491
269	232	0.44162
268	245	0.64912
201	118	0.28656
65	295	0.35616
75	138	0.34672
255	59	0.30127
199	199	1.0
257	34	0.42368
78	105	0.45136
68	266	0.40265
77	115	0.23684
59	67	0.31511
58	79	0.35586
77	112	0.21589
255	65	0.31288
127	170	0.48016
66	283	0.32228
66	284	0.33002
76	125	0.708
264	267	0.46554
264	264	1.0
74	137	0.3
274	102	0.63902
266	242	0.48955
56	80	0.72458
69	230	0.60659
271	148	0.38543
59	56	0.72766
253	98	0.47716
59	59	1.0
274	111	0.54757
77	100	0.2964
72	160	0.30354
77	102	0.21241
263	284	0.33962
71	172	0.33977
66	274	0.33102
76	141	0.30483
59	80	0.60204
58	96	1.0
74	169	0.31076
109	95	0.57647
118	299	0.35663
260	283	0.33714
74	161	0.29412
119	280	0.44964
69	264	0.39382
199	176	0.42259
262	262	1.0
261	278	0.24157
68	286	0.46897
271	115	0.36415
74	171	0.3516
129	129	1.0
254	50	0.55039
73	180	0.3871
261	273	0.25
124	185	0.39454
271	111	0.38782
127	152	0.31065
255	43	0.34
78	120	0.46581
272	106	0.46617
254	57	0.5368
262	263	0.33766
198	198	1.0
256	33	0.36691
74	157	0.30841
73	176	0.31579
267	210	0.45797
260	299	0.33514
67	289	0.8093
255	56	0.30058
66	299	0.3257
263	263	1.0
263	262	0.33766
127	127	1.0
56	59	0.72766
264	210	0.45623
251	61	0.30947
263	225	0.34091
121	197	0.5576
56	56	1.0
263	223	0.54615
74	105	0.34848
262	238	0.36735
260	264	0.37385
73	117	0.29121
69	202	0.59245
260	260	1.0
118	274	0.35154
67	229	0.39394
117	288	0.36898
196	196	1.0
129	108	0.32024
270	109	0.37975
62	297	0.31228
270	106	0.40876
71	148	0.37697
253	41	0.21197
54	81	0.20588
128	120	0.43852
64	259	0.35874
117	293	0.32227
73	109	0.28899
126	148	0.34994
250	84	0.29825
124	172	0.40132
260	274	0.37155
123	187	0.5
124	171	0.55411
128	128	1.0
56	43	0.66537
252	63	0.48661
55	55	1.0
253	59	0.22924
254	42	0.57241
55	61	0.35242
61	295	0.38077
53	88	0.37292
261	261	1.0
198	183	0.97196
71	132	0.36471
197	197	1.0
262	257	0.30769
71	134	0.34365
250	90	0.52494
65	245	0.61316
197	193	0.37052
125	167	0.35484
198	144	0.77391
66	260	0.64938
122	160	0.30474
258	304	0.46092
64	286	0.33032
258	301	0.40889
119	241	0.43333
251	49	0.30659
194	194	1.0
198	149	0.71333
73	136	0.28912
72	158	0.29461
252	35	0.49099
250	61	0.33405
115	299	0.4052
58	58	1.0
254	16	0.56621
59	43	0.73852
115	296	0.40909
254	14	0.52294
70	176	0.45614
254	13	0.54378
107	86	0.35441
261	235	0.49383
66	264	0.37519
118	260	0.38557
259	303	0.59355
75	103	0.30861
259	300	0.37815
57	57	1.0
56	67	0.35294
126	126	1.0
116	285	0.66443
119	252	0.48162
73	128	0.35321
118	264	0.37087
251	55	0.79204
63	285	1.0
196	185	0.26794
107	94	0.33902
254	20	0.58865
72	148	0.30732
195	195	1.0
119	254	0.52294
67	245	0.36334
54	96	0.17277
109	70	0.55046
121	193	0.46939
58	48	0.36283
197	172	0.33836
197	171	0.32685
71	151	0.37181
65	268	0.48346
58	45	0.36283
104	91	0.25702
197	134	0.32193
62	247	0.42208
122	148	0.32723
118	232	0.35681
194	171	0.39834
105	82	0.47039
119	227	0.41975
195	167	0.29448
124	124	1.0
114	282	0.42341
252	16	0.69672
124	120	0.37456
252	13	0.65041
53	52	0.37292
179	94	0.39532
53	53	1.0
115	274	0.48877
56	19	0.3125
51	79	0.41406
120	171	0.45872
193	193	1.0
108	59	0.32268
250	43	0.28125
198	130	0.65217
108	56	0.2963
55	12	0.64923
189	287	0.37086
194	185	0.32353
193	197	0.37052
55	11	0.40162
54	31	0.19444
54	32	0.20339
53	49	0.6262
124	134	0.37755
62	242	0.30189
70	109	0.55046
106	83	0.37443
126	112	0.45422
121	171	0.39024
126	111	0.36625
125	125	1.0
52	52	1.0
124	139	0.39759
115	283	0.43506
65	202	0.36229
52	53	0.37292
60	262	0.30804
193	162	0.34959
111	296	0.46681
65	230	0.35206
250	11	0.30296
55	49	0.35215
57	20	0.36017
105	64	0.39855
122	126	0.31453
117	224	0.58152
54	58	0.17277
122	122	1.0
112	282	0.33491
114	264	0.37736
72	112	0.29391
106	53	0.46196
68	200	0.46897
195	141	0.33074
194	157	0.3102
177	94	0.35764
260	201	0.36876
58	18	0.51131
189	257	0.44737
72	111	0.31925
192	181	0.35153
70	136	0.42951
52	88	1.0
197	121	0.5576
108	30	0.3434
178	85	0.25091
191	191	1.0
255	309	0.30293
124	105	0.43493
109	23	0.62304
198	113	0.79259
70	120	0.5307
57	13	0.42105
103	94	0.37019
123	123	1.0
199	103	0.38366
194	161	0.31698
189	262	0.31925
112	295	0.33455
251	12	0.57742
198	116	0.79032
251	11	0.4247
114	274	0.3619
256	301	0.35286
72	102	0.29412
54	54	1.0
195	155	0.76608
119	214	0.46263
105	78	0.45136
199	109	0.41803
105	79	0.40693
255	313	0.31387
113	285	0.98519
192	192	1.0
115	267	0.42258
71	111	0.35771
60	287	0.35669
61	271	0.37092
115	264	0.44295
70	128	0.3913
57	14	0.38835
178	97	0.25726
57	16	0.50171
